chr pos bloodGT1 bloodGT2 tumorGT1 tumorGT2 AN BN AT BT sN sT
18 47738 0 1 0 1 22 71 67 347 93 414
18 47800 0 1 0 1 17 75 58 311 92 369
18 47818 0 1 0 1 15 73 38 334 88 372
18 47974 0 1 0 1 20 80 95 330 100 425
18 48011 0 1 0 1 16 89 67 412 105 479
18 48104 0 1 0 1 28 155 124 812 183 936
18 48171 0 1 0 1 20 126 131 638 146 769
18 48338 0 1 0 1 8 49 36 303 57 339
18 48387 0 1 0 1 16 44 74 230 60 304
18 48398 0 1 0 1 13 45 71 223 58 294
18 48399 0 1 0 1 13 42 71 215 55 286
18 48740 0 1 0 1 23 24 93 119 47 212
18 49546 0 1 0 1 7 6 23 46 13 69
18 49548 0 1 0 1 7 5 23 43 12 66
18 49549 0 1 0 1 7 7 24 44 14 68
18 49583 0 1 0 1 9 11 40 44 20 84
18 49588 0 1 0 1 10 10 38 43 20 81
18 49591 0 1 0 1 12 11 41 43 23 84
18 49824 0 1 0 1 7 8 12 69 15 81
18 107175 0 1 0 1 2 11 7 62 13 69
18 107240 0 1 0 1 3 12 7 53 15 60
18 107437 0 1 0 1 2 9 7 28 11 35
18 107446 0 1 0 1 2 8 4 32 10 36
18 107460 0 1 0 1 3 8 4 36 11 40
18 107895 0 1 0 1 5 19 12 67 24 79
18 107953 0 1 0 1 6 27 24 102 33 126
18 107964 0 1 0 1 10 25 38 85 35 123
18 107966 0 1 0 1 3 29 14 97 32 111
18 107984 0 1 0 1 8 13 27 59 21 86
18 107990 0 1 0 1 2 17 11 66 19 77
18 108008 0 1 0 1 2 16 9 67 18 76
18 108052 0 1 0 1 21 19 88 85 40 173
18 108058 0 1 0 1 22 18 89 88 40 177
18 108059 0 1 0 1 23 17 102 75 40 177
18 108075 0 1 0 1 68 27 207 109 95 316
18 108090 0 1 0 1 80 39 256 127 119 383
18 108106 0 1 0 1 44 87 165 280 131 445
18 108107 0 1 0 1 42 91 158 305 133 463
18 108116 0 1 0 1 93 53 308 196 146 504
18 108128 0 1 0 1 87 50 315 167 137 482
18 108131 0 1 0 1 89 50 301 178 139 479
18 108165 0 1 0 1 79 50 296 158 129 454
18 108174 0 1 0 1 10 107 47 392 117 439
18 108232 0 1 0 1 41 46 169 181 87 350
18 108260 0 1 0 1 27 50 158 158 77 316
18 108305 0 1 0 1 5 37 15 132 42 147
18 108344 0 1 0 1 5 5 21 9 10 30
18 108358 0 1 0 1 2 17 9 36 19 45
18 108373 0 1 0 1 3 25 7 61 28 68
18 108395 0 1 0 1 10 30 22 91 40 113
18 108396 0 1 0 1 10 33 18 99 43 117
18 108399 0 1 0 1 7 27 15 96 34 111
18 108413 0 1 0 1 10 51 57 153 61 210
18 108457 0 1 0 1 30 59 124 217 89 341
18 108459 0 1 0 1 31 62 126 219 93 345
18 108488 0 1 0 1 6 67 27 262 73 289
18 108493 0 1 0 1 7 64 25 253 71 278
18 108505 0 1 0 1 30 22 130 75 52 205
18 108510 0 1 0 1 6 42 22 166 48 188
18 108513 0 1 0 1 8 40 32 175 48 207
18 108514 0 1 0 1 9 39 29 178 48 207
18 108515 0 1 0 1 11 38 62 149 49 211
18 108534 0 1 0 1 9 37 40 162 46 202
18 108535 0 1 0 1 19 25 83 117 44 200
18 108541 0 1 0 1 10 30 36 147 40 183
18 108542 0 1 0 1 6 34 37 145 40 182
18 108571 0 1 0 1 3 24 19 112 27 131
18 108579 0 1 0 1 11 12 26 88 23 114
18 108582 0 1 0 1 9 14 40 85 23 125
18 108589 0 1 0 1 2 20 19 95 22 114
18 108593 0 1 0 1 8 11 18 85 19 103
18 108599 0 1 0 1 4 8 24 66 12 90
18 108600 0 1 0 1 6 7 25 66 13 91
18 108659 0 1 0 1 5 7 24 39 12 63
18 108676 0 1 0 1 7 5 22 41 12 63
18 108711 0 1 0 1 6 6 21 44 12 65
18 108865 0 1 0 0 2 10 0 57 12 57
18 109313 0 1 0 1 2 11 6 55 13 61
18 109315 0 1 0 1 2 12 6 57 14 63
18 109326 0 1 0 1 2 16 11 65 18 76
18 109347 0 1 0 0 2 19 0 85 21 85
18 109351 0 1 0 1 2 16 19 63 18 82
18 109366 0 1 0 1 7 12 26 52 19 78
18 109370 0 1 0 1 2 19 8 76 21 84
18 109377 0 1 0 0 2 18 0 77 20 77
18 109803 0 1 0 1 3 10 13 85 13 98
18 109807 0 1 0 1 3 14 16 75 17 91
18 109822 0 1 0 0 4 14 3 93 18 96
18 109837 0 1 0 1 5 14 18 64 19 82
18 109851 0 1 0 1 5 16 13 65 21 78
18 109861 0 1 0 1 4 17 13 57 21 70
18 109874 0 1 0 1 2 14 8 50 16 58
18 109875 0 1 0 1 2 15 7 50 17 57
18 109879 0 1 0 1 3 14 6 50 17 56
18 109918 0 1 0 0 2 21 0 97 23 97
18 109928 0 1 0 1 4 24 18 98 28 116
18 109951 0 1 0 0 5 27 2 129 32 131
18 109970 0 1 0 1 5 29 25 126 34 151
18 110000 0 1 0 1 5 29 21 117 34 138
18 110025 0 1 0 1 2 20 11 78 22 89
18 110304 0 1 0 1 5 35 16 128 40 144
18 110357 0 1 0 1 5 44 21 184 49 205
18 110383 0 1 0 1 5 36 28 172 41 200
18 110425 0 1 0 1 19 26 80 103 45 183
18 110532 0 1 0 1 2 18 11 90 20 101
18 110541 0 1 0 1 2 19 8 88 21 96
18 110627 0 1 0 1 10 7 39 29 17 68
18 110749 0 1 0 1 2 10 7 58 12 65
18 112155 0 1 0 1 5 25 11 118 30 129
18 112163 0 1 0 1 7 30 23 130 37 153
18 112164 0 1 0 1 11 31 36 122 42 158
18 112170 0 1 0 1 6 36 21 163 42 184
18 112171 0 1 0 1 5 40 31 162 45 193
18 112172 0 1 0 1 6 42 25 166 48 191
18 112173 0 1 0 1 6 42 18 180 48 198
18 112174 0 1 0 1 7 42 40 172 49 212
18 112175 0 1 0 1 9 40 39 185 49 224
18 112176 0 1 0 1 12 37 44 174 49 218
18 112179 0 1 0 1 17 40 51 199 57 250
18 112180 0 1 0 1 13 47 52 211 60 263
18 112188 0 1 0 1 11 64 61 272 75 333
18 112189 0 1 0 1 10 68 62 278 78 340
18 112195 0 1 0 1 7 79 42 341 86 383
18 112227 0 1 0 1 13 143 76 614 156 690
18 112228 0 1 0 1 18 136 59 631 154 690
18 112229 0 1 0 1 18 151 67 653 169 720
18 112257 0 1 0 1 31 166 149 739 197 888
18 112258 0 1 0 1 52 145 179 705 197 884
18 112269 0 1 0 1 58 132 270 577 190 847
18 112277 0 1 0 1 22 157 110 708 179 818
18 112310 0 1 0 1 16 135 91 561 151 652
18 112311 0 1 0 1 20 115 93 491 135 584
18 112319 0 1 0 1 19 107 92 449 126 541
18 112320 0 1 0 1 11 116 66 444 127 510
18 112328 0 1 0 1 9 93 41 397 102 438
18 112344 0 1 0 1 9 45 35 234 54 269
18 112345 0 1 0 1 4 43 29 235 47 264
18 112349 0 1 0 1 5 48 24 238 53 262
18 112374 0 1 0 1 6 49 39 219 55 258
18 112375 0 1 0 1 12 39 49 201 51 250
18 112390 0 1 0 1 8 43 27 203 51 230
18 112391 0 1 0 1 6 43 24 199 49 223
18 112409 0 1 0 1 3 32 17 145 35 162
18 112410 0 1 0 1 3 33 21 145 36 166
18 112414 0 1 0 1 4 30 14 159 34 173
18 112416 0 1 0 1 6 27 18 140 33 158
18 112425 0 1 0 1 4 28 19 145 32 164
18 112426 0 1 0 1 5 33 17 147 38 164
18 112437 0 1 0 1 5 30 30 134 35 164
18 112443 0 1 0 1 3 34 21 143 37 164
18 112455 0 1 0 1 3 29 26 110 32 136
18 112467 0 1 0 1 4 23 13 89 27 102
18 112486 0 1 0 1 4 18 12 54 22 66
18 112491 0 1 0 1 3 21 12 46 24 58
18 112492 0 1 0 1 3 18 8 50 21 58
18 112496 0 1 0 1 3 15 5 47 18 52
18 199462 0 1 0 1 19 10 37 39 29 76
18 319956 0 1 0 0 4 15 0 28 19 28
18 334742 0 1 0 1 13 16 30 37 29 67
18 357570 0 1 0 1 2 8 30 26 10 56
18 607068 0 1 0 1 11 7 35 39 18 74
18 618124 0 1 0 1 25 22 77 83 47 160
18 619050 0 1 0 1 5 5 35 31 10 66
18 662103 0 1 0 1 10 9 44 39 19 83
18 662370 0 1 0 1 26 24 97 80 50 177
18 672836 0 1 0 1 16 12 60 56 28 116
18 674535 0 1 0 1 3 9 20 11 12 31
18 678847 0 1 0 1 13 12 74 69 25 143
18 678947 0 1 0 1 7 6 28 43 13 71
18 683094 0 1 0 1 3 11 31 32 14 63
18 683116 0 1 0 1 4 14 42 47 18 89
18 685779 0 1 0 0 2 16 0 99 18 99
18 706589 0 1 0 1 29 28 91 110 57 201
18 712356 0 1 0 1 9 16 43 67 25 110
18 743436 0 1 0 1 21 21 83 82 42 165
18 832216 0 1 0 1 9 9 19 20 18 39
18 832219 0 1 0 1 11 10 19 21 21 40
18 856695 0 1 0 1 6 6 30 28 12 58
18 907674 0 1 0 1 26 20 98 79 46 177
18 907709 0 1 0 1 19 22 55 59 41 114
18 909560 0 1 0 1 18 23 81 95 41 176
18 1278664 0 1 0 1 44 32 172 159 76 331
18 2585078 0 1 0 1 12 13 64 67 25 131
18 2590335 0 1 0 1 17 15 41 62 32 103
18 2610979 0 1 0 1 5 8 12 17 13 29
18 2616458 0 1 0 1 4 14 26 31 18 57
18 2656249 0 1 0 1 29 40 103 134 69 237
18 2666085 0 1 0 1 9 6 27 25 15 52
18 2666257 0 1 0 1 19 14 64 56 33 120
18 2666280 0 1 0 1 10 10 55 36 20 91
18 2667064 0 1 0 1 23 25 60 59 48 119
18 2698127 0 1 0 1 8 5 26 23 13 49
18 2705702 0 1 0 1 9 19 51 53 28 104
18 2706345 0 1 0 0 2 10 0 64 12 64
18 2707621 0 1 0 1 10 18 79 68 28 147
18 2724932 0 1 0 1 14 9 41 52 23 93
18 2751477 0 1 0 1 10 13 36 36 23 72
18 2763699 0 1 0 1 24 24 71 106 48 177
18 2847746 0 1 0 1 10 8 40 23 18 63
18 2891480 0 1 0 1 30 40 152 143 70 295
18 2909833 0 1 0 1 26 37 117 131 63 248
18 2920290 0 1 0 1 20 25 99 86 45 185
18 2921446 0 1 0 1 10 10 58 65 20 123
18 2934538 0 1 0 1 18 18 69 54 36 123
18 2937648 0 1 0 1 14 16 48 68 30 116
18 3126813 0 1 0 1 11 16 55 61 27 116
18 3134612 0 1 0 1 13 14 65 52 27 117
18 3164387 0 1 0 1 21 12 75 83 33 158
18 3176042 0 1 0 1 29 31 102 137 60 239
18 3188978 0 1 0 1 62 83 276 258 145 534
18 3253050 0 1 0 1 4 9 14 21 13 35
18 3253545 0 1 0 1 3 10 31 24 13 55
18 3395112 0 1 0 0 2 9 0 42 11 42
18 3395376 0 1 0 1 9 13 35 40 22 75
18 3395402 0 1 0 1 7 11 32 39 18 71
18 3580193 0 1 0 1 29 33 122 117 62 239
18 3580744 0 1 0 1 39 36 141 165 75 306
18 3582274 0 1 0 1 28 31 126 108 59 234
18 3742572 0 1 0 1 22 25 72 81 47 153
18 3885162 0 1 0 1 13 12 30 48 25 78
18 5145610 0 1 0 1 12 16 62 62 28 124
18 5197171 0 1 0 1 10 11 37 24 21 61
18 5197396 0 1 0 1 9 15 39 62 24 101
18 5396977 0 1 0 1 4 7 36 34 11 70
18 5423632 0 1 0 1 4 11 24 12 15 36
18 5433571 0 1 0 1 8 16 76 69 24 145
18 5630311 0 1 0 0 2 8 0 48 10 48
18 5840618 0 1 0 1 16 23 41 53 39 94
18 5840675 0 1 0 1 18 27 72 75 45 147
18 6171675 0 1 0 1 4 7 34 26 11 60
18 6462545 0 1 0 0 2 9 0 66 11 66
18 6462557 0 1 0 0 2 9 0 65 11 65
18 6513751 0 1 0 1 16 20 71 88 36 159
18 6513956 0 1 0 1 6 6 24 32 12 56
18 6588930 0 1 0 1 20 17 62 78 37 140
18 6588976 0 1 0 1 10 14 51 43 24 94
18 6942976 0 1 0 1 10 7 22 23 17 45
18 6947379 0 1 0 0 2 17 0 102 19 102
18 7008592 0 1 0 1 33 33 119 132 66 251
18 7010429 0 1 0 1 7 8 46 32 15 78
18 7011414 0 1 0 1 27 23 92 96 50 188
18 7011960 0 1 0 1 7 10 36 49 17 85
18 7012124 0 1 0 1 33 50 123 113 83 236
18 7015715 0 1 0 1 6 5 23 30 11 53
18 7015977 0 1 0 1 22 26 48 47 48 95
18 7032222 0 1 0 1 18 23 85 98 41 183
18 7033185 0 1 0 1 13 11 60 60 24 120
18 7034509 0 1 0 1 21 27 99 113 48 212
18 7117624 0 1 0 1 19 11 63 69 30 132
18 7117783 0 1 0 1 11 11 53 53 22 106
18 7135798 0 1 0 1 13 22 63 77 35 140
18 7232054 0 1 0 1 35 56 206 188 91 394
18 8069870 0 1 0 1 15 19 93 112 34 205
18 8088591 0 1 0 1 4 6 27 21 10 48
18 8088599 0 1 0 1 4 7 26 17 11 43
18 8088971 0 1 0 1 6 18 48 41 24 89
18 8319008 0 1 0 1 8 9 46 42 17 88
18 8343335 0 1 0 1 7 7 26 48 14 74
18 8379048 0 1 0 1 9 14 41 44 23 85
18 8379050 0 1 0 1 9 14 39 48 23 87
18 8379097 0 1 0 1 17 18 68 77 35 145
18 8380462 0 1 0 1 10 25 73 64 35 137
18 8387060 0 1 0 1 33 40 112 165 73 277
18 8387197 0 1 0 1 30 34 101 116 64 217
18 8394633 0 1 0 1 42 45 194 184 87 378
18 8413806 0 1 0 1 6 10 24 29 16 53
18 8705681 0 1 0 1 6 6 29 36 12 65
18 8706145 0 1 0 1 4 8 25 16 12 41
18 8706188 0 1 0 1 7 6 31 29 13 60
18 8784725 0 1 0 1 46 37 174 195 83 369
18 8786116 0 1 0 0 2 23 0 87 25 87
18 8796151 0 1 0 1 9 8 30 37 17 67
18 8806817 0 1 0 1 17 24 80 85 41 165
18 8807164 0 1 0 1 11 5 25 20 16 45
18 8809447 0 1 0 1 38 45 87 120 83 207
18 8813258 0 1 0 0 2 16 0 117 18 117
18 8825194 0 1 0 1 24 32 105 144 56 249
18 8828954 0 1 0 1 22 39 92 77 61 169
18 8829077 0 1 0 1 5 8 23 15 13 38
18 9255541 0 1 0 1 15 12 67 56 27 123
18 9550444 0 1 0 1 6 7 26 14 13 40
18 9553481 0 1 0 1 3 14 32 24 17 56
18 9886570 0 1 0 1 9 17 32 51 26 83
18 9886893 0 1 0 1 61 72 222 294 133 516
18 9887397 0 1 0 1 63 51 246 207 114 453
18 9887432 0 1 0 1 18 97 93 348 115 441
18 9887436 0 1 0 1 26 91 90 332 117 422
18 9887500 0 1 0 1 57 69 286 270 126 556
18 9887549 0 1 0 1 60 75 295 297 135 592
18 9888072 0 1 0 1 17 24 89 113 41 202
18 10548406 0 1 0 1 26 20 96 119 46 215
18 10689481 0 1 0 1 13 10 33 29 23 62
18 10691194 0 1 0 1 5 9 23 36 14 59
18 10691218 0 1 0 1 8 12 30 46 20 76
18 10691359 0 1 0 1 12 19 53 49 31 102
18 10696045 0 1 0 1 12 14 40 40 26 80
18 10696229 0 1 0 1 29 30 96 101 59 197
18 10696335 0 1 0 1 35 27 149 154 62 303
18 10696339 0 1 0 1 35 26 147 145 61 292
18 10699131 0 1 0 1 19 26 105 109 45 214
18 10701864 0 1 0 1 4 7 28 30 11 58
18 10701900 0 1 0 1 10 12 42 49 22 91
18 10704621 0 1 0 1 25 24 101 102 49 203
18 10705737 0 1 0 1 23 18 87 97 41 184
18 10705746 0 1 0 1 21 24 86 77 45 163
18 10714681 0 1 0 1 20 22 84 71 42 155
18 10724719 0 1 0 1 24 25 78 93 49 171
18 10724832 0 1 0 1 22 19 90 76 41 166
18 10725146 0 1 0 1 34 47 105 185 81 290
18 10726144 0 1 0 1 15 10 54 45 25 99
18 10726145 0 1 0 1 15 10 57 46 25 103
18 10731430 0 1 0 1 16 17 75 64 33 139
18 10736517 0 1 0 1 24 27 86 95 51 181
18 10752668 0 1 0 1 32 36 115 162 68 277
18 10762420 0 1 0 1 18 19 74 88 37 162
18 10795053 0 1 0 1 14 25 55 65 39 120
18 10795059 0 1 0 1 13 25 52 64 38 116
18 10795130 0 1 0 1 6 10 26 31 16 57
18 10797364 0 1 0 1 19 13 59 64 32 123
18 11609531 0 1 0 1 3 8 14 27 11 41
18 11609646 0 1 0 1 10 20 63 56 30 119
18 11609683 0 1 0 1 11 23 68 58 34 126
18 11609728 0 1 0 1 13 10 74 87 23 161
18 11609755 0 1 0 1 21 15 108 91 36 199
18 11609812 0 1 0 1 28 57 110 203 85 313
18 11609864 0 1 0 1 82 50 316 206 132 522
18 11609979 0 1 0 1 61 109 264 389 170 653
18 11609982 0 1 0 1 63 99 263 384 162 647
18 11609995 0 1 0 1 57 102 252 358 159 610
18 11610002 0 1 0 1 53 105 225 345 158 570
18 11610025 0 1 0 1 38 65 155 281 103 436
18 11610043 0 1 0 1 34 58 148 257 92 405
18 11610053 0 1 0 1 54 34 235 146 88 381
18 11610074 0 1 0 1 40 29 190 132 69 322
18 11610122 0 1 0 1 20 18 92 124 38 216
18 11610150 0 1 0 1 9 16 61 99 25 160
18 11610163 0 1 0 1 8 15 51 104 23 155
18 11610363 0 1 0 1 5 18 43 79 23 122
18 11619522 0 1 0 1 9 11 31 61 20 92
18 11619524 0 1 0 1 8 10 36 55 18 91
18 11639273 0 1 0 1 14 10 37 30 24 67
18 11639357 0 1 0 1 13 26 66 73 39 139
18 11644434 0 1 0 1 19 17 68 47 36 115
18 11644537 0 1 0 1 4 36 19 169 40 188
18 11644565 0 1 0 1 12 42 39 159 54 198
18 11644578 0 1 0 1 6 49 21 174 55 195
18 11644582 0 1 0 1 23 30 80 109 53 189
18 11644598 0 1 0 1 10 44 35 154 54 189
18 11644659 0 1 0 1 5 40 23 174 45 197
18 11644680 0 1 0 1 14 24 73 127 38 200
18 11644684 0 1 0 1 22 16 103 90 38 193
18 11644724 0 1 0 1 8 26 32 145 34 177
18 11644734 0 1 0 1 12 18 49 112 30 161
18 11644747 0 1 0 1 7 19 51 77 26 128
18 11644786 0 1 0 1 4 14 15 66 18 81
18 11644796 0 1 0 1 4 9 6 58 13 64
18 11644799 0 1 0 1 4 7 21 40 11 61
18 11689700 0 1 0 1 20 14 60 41 34 101
18 11752944 0 1 0 1 12 12 91 75 24 166
18 11753717 0 1 0 1 30 24 84 105 54 189
18 11887113 0 1 0 0 2 21 0 91 23 91
18 12028250 0 1 0 1 4 7 19 29 11 48
18 12040285 0 1 0 1 4 5 16 25 9 41
18 12067362 0 1 0 1 35 39 171 189 74 360
18 12068079 0 1 0 1 22 41 161 138 63 299
18 12068431 0 1 0 1 16 11 43 44 27 87
18 12075502 0 1 0 1 9 8 33 53 17 86
18 12076366 0 1 0 1 6 10 28 39 16 67
18 12102189 0 1 0 1 7 4 20 29 11 49
18 12124153 0 1 0 1 7 11 34 27 18 61
18 12198111 0 1 0 1 8 7 16 20 15 36
18 12254786 0 1 0 1 18 22 93 70 40 163
18 12263068 0 1 0 1 3 7 30 26 10 56
18 12274105 0 1 0 1 17 24 90 92 41 182
18 12348286 0 1 0 1 16 21 87 89 37 176
18 12351343 0 1 0 1 17 19 67 68 36 135
18 12358998 0 1 0 1 34 29 116 109 63 225
18 12359921 0 1 0 1 7 5 22 28 12 50
18 12429314 0 1 0 1 19 24 94 76 43 170
18 12453010 0 1 0 1 6 9 19 23 15 42
18 12658192 0 1 0 1 7 8 27 31 15 58
18 12658601 0 1 0 1 22 22 76 82 44 158
18 12662149 0 1 0 1 9 8 31 32 17 63
18 12662187 0 1 0 1 7 6 14 23 13 37
18 12673575 0 1 0 1 8 10 34 25 18 59
18 12678487 0 1 0 1 6 5 24 18 11 42
18 12699287 0 1 0 1 5 5 20 35 10 55
18 12703068 0 1 0 1 15 20 82 73 35 155
18 12703193 0 1 0 1 18 22 114 75 40 189
18 12718594 0 1 0 1 23 23 79 86 46 165
18 12718648 0 1 0 1 17 17 61 74 34 135
18 12883933 0 1 0 0 2 18 0 101 20 101
18 12951739 0 1 0 1 11 16 60 69 27 129
18 12955517 0 1 0 0 2 23 0 113 25 113
18 12982761 0 1 0 1 10 8 27 35 18 62
18 12984145 0 1 0 1 16 22 93 68 38 161
18 12986823 0 1 0 0 2 8 0 39 10 39
18 12999755 0 1 0 1 7 3 20 22 10 42
18 13001513 0 1 0 1 9 10 55 43 19 98
18 13001524 0 1 0 1 10 9 60 49 19 109
18 13040085 0 1 0 1 11 10 60 73 21 133
18 13055916 0 1 0 1 23 20 95 83 43 178
18 13056334 0 1 0 1 48 52 236 194 100 430
18 13068133 0 1 0 1 19 29 108 125 48 233
18 13069783 0 1 0 1 28 22 78 90 50 168
18 13072980 0 1 0 1 25 29 91 94 54 185
18 13087790 0 1 0 1 8 5 24 39 13 63
18 13088674 0 1 0 1 7 4 27 28 11 55
18 13095610 0 1 0 1 27 20 82 99 47 181
18 13096437 0 1 0 1 12 13 55 39 25 94
18 13116433 0 1 0 1 16 17 101 102 33 203
18 13152053 0 1 0 1 7 16 64 58 23 122
18 13388012 0 1 0 1 4 11 25 21 15 46
18 13459841 0 1 0 1 6 15 59 49 21 108
18 13642722 0 1 0 1 8 18 37 57 26 94
18 13642818 0 1 0 1 17 6 63 39 23 102
18 13643180 0 1 0 1 10 11 33 47 21 80
18 13666769 0 1 0 1 21 12 79 63 33 142
18 13671810 0 1 0 0 2 21 0 139 23 139
18 13731575 0 1 0 1 24 20 66 80 44 146
18 13741450 0 1 0 1 19 9 44 41 28 85
18 13746112 0 1 0 1 6 9 18 15 15 33
18 13762012 0 1 0 1 17 28 104 100 45 204
18 13825728 0 1 0 1 25 16 69 75 41 144
18 13884514 0 1 0 1 8 12 35 42 20 77
18 13884567 0 1 0 1 18 15 74 64 33 138
18 14105017 0 1 0 1 7 18 58 87 25 145
18 14106040 0 1 0 1 22 26 76 86 48 162
18 14157292 0 1 0 1 36 35 147 167 71 314
18 14179604 0 1 0 1 13 6 44 30 19 74
18 14183551 0 1 0 1 16 16 47 59 32 106
18 14183613 0 1 0 1 4 42 15 153 46 168
18 14183636 0 1 0 1 7 50 29 157 57 186
18 14183639 0 1 0 1 6 52 26 158 58 184
18 14183643 0 1 0 1 7 53 29 155 60 184
18 14183647 0 1 0 1 7 53 30 156 60 186
18 14183721 0 1 0 1 18 31 80 99 49 179
18 14183735 0 1 0 1 7 35 23 136 42 159
18 14183748 0 1 0 1 8 31 22 123 39 145
18 14183841 0 1 0 1 5 19 20 58 24 78
18 14186392 0 1 0 1 4 9 19 32 13 51
18 14186402 0 1 0 1 5 7 24 23 12 47
18 14221537 0 1 0 0 2 21 0 91 23 91
18 14393808 0 1 0 1 10 16 42 73 26 115
18 14613528 0 1 0 1 35 35 148 141 70 289
18 14629835 0 1 0 1 12 8 44 62 20 106
18 14632791 0 1 0 1 30 29 130 132 59 262
18 14752769 0 1 0 1 14 15 44 42 29 86
18 14752958 0 1 0 1 9 11 39 30 20 69
18 14777904 0 1 0 1 12 9 32 25 21 57
18 14779941 0 1 0 1 2 14 9 96 16 105
18 14779942 0 1 0 1 2 15 9 98 17 107
18 14779952 0 1 0 1 2 17 10 111 19 121
18 14779987 0 1 0 1 4 19 15 127 23 142
18 14780020 0 1 0 1 3 21 13 93 24 106
18 14780025 0 1 0 1 3 21 13 92 24 105
18 14780038 0 1 0 1 2 19 12 81 21 93
18 14796081 0 1 0 1 8 6 36 39 14 75
18 14803681 0 1 0 1 2 23 26 132 25 158
18 14803746 0 1 0 1 5 29 21 104 34 125
18 14809877 0 1 0 0 2 16 0 84 18 84
18 14830263 0 1 0 1 4 6 13 31 10 44
18 20979714 0 1 0 1 9 9 16 28 18 44
18 21403805 0 1 0 1 9 14 65 68 23 133
18 21499564 0 1 0 1 11 9 36 22 20 58
18 21520756 0 1 0 1 19 31 112 116 50 228
18 21539840 0 1 0 1 6 7 18 17 13 35
18 21564286 0 1 0 0 2 17 0 83 19 83
18 21573533 0 1 0 1 31 37 109 115 68 224
18 21574182 0 1 0 1 36 50 155 141 86 296
18 21612294 0 1 0 1 57 53 270 249 110 519
18 21628890 0 1 0 1 12 14 74 85 26 159
18 21664015 0 1 0 1 11 7 39 42 18 81
18 21815862 0 1 0 0 2 17 0 73 19 73
18 22200895 0 1 0 1 4 6 30 31 10 61
18 22416048 0 1 0 1 51 41 136 144 92 280
18 22418847 0 1 0 1 14 9 54 33 23 87
18 22419188 0 1 0 1 8 14 35 38 22 73
18 22933411 0 1 0 1 6 11 43 52 17 95
18 22946510 0 1 0 1 11 15 45 36 26 81
18 22993903 0 1 0 1 3 10 21 25 13 46
18 22997706 0 1 0 1 21 17 73 84 38 157
18 23237368 0 1 0 0 2 9 0 37 11 37
18 23466269 0 1 0 0 2 19 0 107 21 107
18 23689744 0 1 0 0 2 9 0 84 11 84
18 23758312 0 1 0 1 29 32 121 135 61 256
18 23815394 0 1 0 1 23 18 91 89 41 180
18 23820041 0 1 0 1 12 11 48 52 23 100
18 23820064 0 1 0 1 8 10 37 37 18 74
18 23824370 0 1 0 1 25 26 113 98 51 211
18 23833905 0 1 0 1 21 32 109 93 53 202
18 23834136 0 1 0 1 4 11 33 27 15 60
18 23834146 0 1 0 1 6 11 31 26 17 57
18 23857757 0 1 0 1 19 26 82 89 45 171
18 23857967 0 1 0 1 34 31 135 139 65 274
18 23861753 0 1 0 1 32 20 108 93 52 201
18 23881681 0 1 0 1 9 8 29 18 17 47
18 23894863 0 1 0 1 29 32 105 117 61 222
18 23895189 0 1 0 1 9 6 50 38 15 88
18 23901269 0 1 0 1 12 16 48 57 28 105
18 23921644 0 1 0 1 8 7 32 28 15 60
18 24358420 0 1 0 1 14 8 49 52 22 101
18 24358714 0 1 0 1 11 10 27 27 21 54
18 24430457 0 1 0 1 11 6 37 45 17 82
18 24437836 0 1 0 1 9 9 17 27 18 44
18 24440503 0 1 0 1 13 22 82 75 35 157
18 24476651 0 1 0 1 5 7 22 25 12 47
18 25062752 0 1 0 1 2 8 3 34 10 37
18 25224280 0 1 0 1 32 25 110 116 57 226
18 26256055 0 1 0 1 6 4 13 17 10 30
18 26275149 0 1 0 1 2 8 18 15 10 33
18 26285887 0 1 0 1 22 21 75 83 43 158
18 26286221 0 1 0 1 24 29 150 136 53 286
18 26286518 0 1 0 1 6 6 40 21 12 61
18 26292271 0 1 0 1 24 39 135 142 63 277
18 26293499 0 1 0 1 10 10 21 35 20 56
18 26321234 0 1 0 1 20 20 85 87 40 172
18 26591463 0 1 0 1 18 14 63 76 32 139
18 26599526 0 1 0 1 14 12 28 39 26 67
18 27048523 0 1 0 1 22 15 62 82 37 144
18 27963176 0 1 0 1 5 5 13 27 10 40
18 27963423 0 1 0 1 23 24 114 114 47 228
18 27992989 0 1 0 0 2 13 0 74 15 74
18 27993437 0 1 0 1 35 26 125 137 61 262
18 28009926 0 1 0 1 20 11 80 75 31 155
18 28177084 0 1 0 1 13 9 41 41 22 82
18 31006998 0 1 0 1 14 25 73 90 39 163
18 31025749 0 1 0 1 12 22 35 67 34 102
18 31032263 0 1 0 1 10 15 37 34 25 71
18 31042558 0 1 0 1 21 21 82 84 42 166
18 31082810 0 1 0 1 16 10 55 65 26 120
18 31086863 0 1 0 1 14 11 41 56 25 97
18 31091249 0 1 0 1 8 3 22 15 11 37
18 31093602 0 1 0 1 20 16 96 128 36 224
18 31101871 0 1 0 0 2 18 0 102 20 102
18 31101884 0 1 0 0 2 18 0 101 20 101
18 31142170 0 1 0 1 39 29 132 133 68 265
18 31148421 0 1 0 1 14 9 26 34 23 60
18 31154786 0 1 0 1 11 10 42 68 21 110
18 31157336 0 1 0 1 12 14 59 52 26 111
18 31318238 0 1 0 1 20 15 62 68 35 130
18 31318331 0 1 0 1 13 26 78 66 39 144
18 31326497 0 1 0 1 2 10 16 15 12 31
18 31326498 0 1 0 1 2 10 17 15 12 32
18 31328127 0 1 0 1 13 12 40 32 25 72
18 31333636 0 1 0 1 32 36 153 162 68 315
18 31333848 0 1 0 1 6 4 37 43 10 80
18 31344020 0 1 0 1 6 16 60 67 22 127
18 31344021 0 1 0 1 7 17 59 64 24 123
18 31354411 0 1 0 1 26 21 119 149 47 268
18 31377109 0 1 0 1 3 8 18 14 11 32
18 31406385 0 1 0 1 33 27 103 101 60 204
18 31409711 0 1 0 1 15 23 96 93 38 189
18 31411098 0 1 0 1 33 16 95 97 49 192
18 31411542 0 1 0 1 16 26 85 88 42 173
18 31413538 0 1 0 1 27 35 120 143 62 263
18 31413626 0 1 0 1 18 26 68 77 44 145
18 31447794 0 1 0 1 7 3 26 13 10 39
18 31456353 0 1 0 1 3 11 28 21 14 49
18 31518360 0 1 0 1 14 20 55 74 34 129
18 31518382 0 1 0 1 14 15 47 62 29 109
18 31518511 0 1 0 1 5 6 16 15 11 31
18 31524601 0 1 0 1 11 15 40 57 26 97
18 31524735 0 1 0 1 22 26 76 115 48 191
18 31524915 0 1 0 1 34 17 80 82 51 162
18 31542836 0 1 0 1 12 14 43 52 26 95
18 31546707 0 1 0 1 20 25 84 105 45 189
18 31626158 0 1 0 1 5 6 33 37 11 70
18 31657897 0 1 0 1 19 24 107 82 43 189
18 31666244 0 1 0 1 16 20 72 78 36 150
18 31726051 0 1 0 0 2 22 0 87 24 87
18 31759656 0 1 0 1 8 6 40 37 14 77
18 31846686 0 1 0 1 12 20 48 40 32 88
18 31846706 0 1 0 1 18 15 53 55 33 108
18 31849792 0 1 0 1 5 6 13 18 11 31
18 31853824 0 1 0 1 8 12 38 28 20 66
18 31864848 0 1 0 1 10 14 42 45 24 87
18 31870337 0 1 0 1 3 7 18 22 10 40
18 31870564 0 1 0 1 16 18 69 80 34 149
18 31874681 0 1 0 1 31 35 86 105 66 191
18 31874765 0 1 0 1 12 8 31 30 20 61
18 31907604 0 1 0 1 9 13 45 47 22 92
18 31908841 0 1 0 1 20 14 58 79 34 137
18 31909524 0 1 0 1 6 7 21 16 13 37
18 31913570 0 1 0 1 5 5 34 27 10 61
18 31916255 0 1 0 1 7 13 26 40 20 66
18 31962241 0 1 0 1 9 6 22 32 15 54
18 31962726 0 1 0 1 8 11 41 40 19 81
18 31962744 0 1 0 1 9 11 38 44 20 82
18 31962876 0 1 0 1 9 10 38 68 19 106
18 31963000 0 1 0 1 7 7 43 28 14 71
18 31963307 0 1 0 1 23 21 102 102 44 204
18 31967064 0 1 0 1 38 35 161 134 73 295
18 31967115 0 1 0 1 47 49 146 171 96 317
18 31967480 0 1 0 1 20 20 102 104 40 206
18 32019229 0 1 0 1 5 5 18 26 10 44
18 32037050 0 1 0 1 29 23 89 85 52 174
18 32196578 0 1 0 1 13 15 59 69 28 128
18 32217958 0 1 0 1 48 42 183 202 90 385
18 32217995 0 1 0 1 40 36 132 149 76 281
18 32220156 0 1 0 1 11 12 41 48 23 89
18 32268473 0 1 0 1 26 20 101 95 46 196
18 32287128 0 1 0 1 43 32 159 185 75 344
18 32287541 0 1 0 1 78 57 229 261 135 490
18 32392761 0 1 0 1 10 7 50 31 17 81
18 32393001 0 1 0 1 25 24 105 115 49 220
18 32412527 0 1 0 0 2 21 0 86 23 86
18 32470393 0 1 0 1 13 14 61 82 27 143
18 32769728 0 1 0 1 28 30 142 148 58 290
18 32770202 0 1 0 1 46 48 250 216 94 466
18 32771992 0 1 0 1 12 16 76 81 28 157
18 32772415 0 1 0 0 2 18 0 93 20 93
18 33645066 0 1 0 1 16 17 62 61 33 123
18 33661533 0 1 0 1 9 10 30 32 19 62
18 33683356 0 1 0 1 50 49 187 202 99 389
18 33734232 0 1 0 1 15 7 18 20 22 38
18 33740265 0 1 0 1 16 11 70 58 27 128
18 33744970 0 1 0 1 37 26 138 160 63 298
18 34019696 0 1 0 1 7 9 29 27 16 56
18 34755951 0 1 0 1 16 25 79 90 41 169
18 34806137 0 1 0 1 4 7 22 19 11 41
18 34806376 0 1 0 1 14 15 63 65 29 128
18 34825107 0 1 0 1 28 20 76 99 48 175
18 34828936 0 1 0 1 12 17 40 45 29 85
18 34838222 0 1 0 1 10 14 59 47 24 106
18 34838301 0 1 0 1 6 6 24 18 12 42
18 34838670 0 1 0 1 12 24 90 120 36 210
18 34852153 0 1 0 1 9 7 22 32 16 54
18 34864076 0 1 0 1 12 13 65 74 25 139
18 34864202 0 1 0 1 8 6 19 27 14 46
18 34864221 0 1 0 1 8 4 15 24 12 39
18 34875415 0 1 0 1 29 32 170 141 61 311
18 35005403 0 1 0 1 2 9 25 31 11 56
18 35070030 0 1 0 0 2 16 0 61 18 61
18 35140225 0 1 0 1 16 18 73 68 34 141
18 35242388 0 1 0 1 5 6 25 24 11 49
18 35243793 0 1 0 1 19 11 70 67 30 137
18 35373230 0 1 0 1 7 6 24 13 13 37
18 35373691 0 1 0 1 13 14 51 56 27 107
18 35444061 0 1 0 1 4 11 27 31 15 58
18 35447059 0 1 0 1 29 18 100 108 47 208
18 35497696 0 1 0 1 6 9 47 29 15 76
18 35498082 0 1 0 1 5 5 22 24 10 46
18 35973023 0 1 0 1 10 12 42 52 22 94
18 35977503 0 1 0 1 24 22 65 74 46 139
18 35993437 0 1 0 1 10 10 40 51 20 91
18 36033691 0 1 0 0 2 18 0 76 20 76
18 36067291 0 1 0 1 44 46 209 238 90 447
18 36187497 0 1 0 1 6 7 36 24 13 60
18 36203067 0 1 0 1 21 23 108 114 44 222
18 36219967 0 1 0 1 5 5 19 15 10 34
18 36248842 0 1 0 1 7 10 12 21 17 33
18 36251226 0 1 0 1 14 6 43 71 20 114
18 36388976 0 1 0 1 12 9 47 48 21 95
18 36594995 0 1 0 1 25 17 105 96 42 201
18 36595060 0 1 0 0 2 20 0 95 22 95
18 36602837 0 1 0 1 8 8 25 24 16 49
18 37321714 0 1 0 1 5 5 34 21 10 55
18 37485773 0 1 0 1 7 5 18 14 12 32
18 43979259 0 1 0 1 2 15 5 48 17 53
18 43979303 0 1 0 1 18 15 58 70 33 128
18 43979356 0 1 0 1 22 26 84 92 48 176
18 43979494 0 1 0 1 9 14 52 65 23 117
18 44321260 0 1 0 0 2 20 0 95 22 95
18 44869340 0 1 0 1 19 15 87 88 34 175
18 44953165 0 1 0 1 43 47 162 190 90 352
18 45917745 0 1 0 1 18 18 91 89 36 180
18 45922224 0 1 0 1 18 13 58 82 31 140
18 45925592 0 1 0 1 3 7 15 20 10 35
18 45949582 0 1 0 1 15 14 41 65 29 106
18 45992256 0 1 0 1 11 8 55 55 19 110
18 46005570 0 1 0 1 14 7 31 37 21 68
18 46015836 0 1 0 1 18 11 46 51 29 97
18 46028545 0 1 0 1 7 7 30 24 14 54
18 46098142 0 1 0 0 2 20 0 93 22 93
18 46098250 0 1 0 0 3 32 0 152 35 152
18 46334475 0 1 0 1 20 16 40 31 36 71
18 46433007 0 1 0 1 4 11 29 33 15 62
18 46555064 0 1 0 1 9 9 36 51 18 87
18 46555087 0 1 0 1 14 12 47 58 26 105
18 46555180 0 1 0 1 15 11 46 63 26 109
18 46557264 0 1 0 1 14 8 53 36 22 89
18 46559140 0 1 0 1 28 26 126 139 54 265
18 46559877 0 1 0 1 5 10 28 29 15 57
18 46566599 0 1 0 1 9 11 31 39 20 70
18 46571932 0 1 0 1 6 4 17 17 10 34
18 46618135 0 1 0 0 2 23 0 103 25 103
18 46917261 0 1 0 1 23 20 100 90 43 190
18 47022732 0 1 0 1 2 7 7 27 9 34
18 47028776 0 1 0 1 13 13 40 70 26 110
18 47029150 0 1 0 1 2 14 4 24 16 28
18 47098221 0 1 0 1 3 11 8 28 14 36
18 47230475 0 1 0 1 13 8 54 61 21 115
18 47380698 0 1 0 1 12 8 38 54 20 92
18 47630070 0 1 0 1 6 9 40 33 15 73
18 47845328 0 1 0 0 5 33 0 147 38 147
18 48029242 0 1 0 1 19 13 61 52 32 113
18 48029458 0 1 0 1 48 57 197 257 105 454
18 48039905 0 1 0 1 20 18 66 74 38 140
18 48670494 0 1 0 1 8 8 35 37 16 72
18 48670509 0 1 0 1 8 12 47 46 20 93
18 48758216 0 1 0 1 37 38 127 151 75 278
18 48758469 0 1 0 1 12 12 59 52 24 111
18 48817447 0 1 0 1 15 12 63 57 27 120
18 48817542 0 1 0 1 4 11 18 24 15 42
18 48857414 0 1 0 1 12 7 32 30 19 62
18 48857702 0 1 0 1 35 34 93 93 69 186
18 48859326 0 1 0 0 2 22 0 115 24 115
18 48859577 0 1 0 1 22 39 134 118 61 252
18 49567420 0 1 0 1 28 35 90 133 63 223
18 49569305 0 1 0 1 6 6 37 31 12 68
18 49650423 0 1 0 1 7 3 23 19 10 42
18 49650541 0 1 0 1 6 10 25 32 16 57
18 49650547 0 1 0 1 8 9 23 31 17 54
18 49785143 0 1 0 1 27 21 91 111 48 202
18 49792103 0 1 0 1 5 19 61 63 24 124
18 49836639 0 1 0 1 7 4 25 14 11 39
18 49847096 0 1 0 1 15 10 51 52 25 103
18 49849562 0 1 0 1 16 10 39 55 26 94
18 49849733 0 1 0 1 15 17 74 95 32 169
18 49864435 0 1 0 1 25 21 93 93 46 186
18 49872134 0 1 0 1 17 17 62 65 34 127
18 49872179 0 1 0 1 33 29 94 83 62 177
18 49875465 0 1 0 1 6 6 12 17 12 29
18 49875565 0 1 0 1 15 18 48 48 33 96
18 49875629 0 1 0 1 32 23 126 92 55 218
18 49877754 0 1 0 1 13 18 72 72 31 144
18 49878029 0 1 0 1 21 21 72 71 42 143
18 49878934 0 1 0 1 10 16 42 56 26 98
18 49879155 0 1 0 1 19 21 73 82 40 155
18 49879160 0 1 0 1 19 20 69 79 39 148
18 49880543 0 1 0 1 18 15 30 61 33 91
18 49880568 0 1 0 1 10 10 28 46 20 74
18 49929553 0 1 0 1 8 4 22 24 12 46
18 49936434 0 1 0 1 14 20 60 58 34 118
18 49954137 0 1 0 1 16 10 41 47 26 88
18 49954290 0 1 0 1 33 19 134 108 52 242
18 49962255 0 1 0 1 21 27 98 100 48 198
18 49992282 0 1 0 1 26 11 85 86 37 171
18 50001447 0 1 0 1 40 29 150 132 69 282
18 50056666 0 1 0 1 19 13 56 46 32 102
18 50284935 0 1 0 1 34 40 153 151 74 304
18 50285004 0 1 0 1 43 43 167 190 86 357
18 50458516 0 1 0 1 16 13 48 58 29 106
18 50663901 0 1 0 1 25 28 97 105 53 202
18 50664070 0 1 0 1 58 62 230 269 120 499
18 50704526 0 1 0 1 30 40 137 159 70 296
18 50729873 0 1 0 0 2 21 0 96 23 96
18 51845526 0 1 0 1 7 5 46 49 12 95
18 53305732 0 1 0 1 11 12 57 41 23 98
18 53385982 0 1 0 1 11 20 50 53 31 103
18 53391612 0 1 0 1 10 14 54 63 24 117
18 53391941 0 1 0 1 14 26 80 65 40 145
18 53410410 0 1 0 1 6 6 27 24 12 51
18 53410624 0 1 0 1 19 25 85 85 44 170
18 53410656 0 1 0 1 17 14 62 73 31 135
18 53416283 0 1 0 1 22 30 130 122 52 252
18 53467838 0 1 0 1 14 11 63 77 25 140
18 54269477 0 1 0 1 14 11 40 62 25 102
18 54329351 0 1 0 1 17 8 54 29 25 83
18 54354471 0 1 0 1 7 12 32 37 19 69
18 54360480 0 1 0 1 4 7 25 25 11 50
18 54360753 0 1 0 1 21 13 86 72 34 158
18 54361799 0 1 0 1 23 22 82 99 45 181
18 54361803 0 1 0 1 24 22 83 105 46 188
18 54362686 0 1 0 1 5 5 17 23 10 40
18 54378271 0 1 0 1 20 18 63 62 38 125
18 54378274 0 1 0 1 19 14 59 59 33 118
18 54877514 0 1 0 0 2 22 0 91 24 91
18 54904203 0 1 0 1 9 6 36 21 15 57
18 54937957 0 1 0 1 4 9 36 38 13 74
18 55228098 0 1 0 1 8 12 24 24 20 48
18 55228300 0 1 0 1 21 32 89 108 53 197
18 55228769 0 1 0 1 13 14 53 70 27 123
18 55228772 0 1 0 1 15 13 55 70 28 125
18 55234376 0 1 0 1 7 8 44 37 15 81
18 55254442 0 1 0 1 6 5 28 37 11 65
18 55254769 0 1 0 1 7 4 22 14 11 36
18 55275596 0 1 0 1 15 20 89 109 35 198
18 56638333 0 1 0 1 24 27 103 114 51 217
18 56638526 0 1 0 1 7 7 43 31 14 74
18 56686843 0 1 0 1 18 23 63 97 41 160
18 56694606 0 1 0 1 23 24 55 60 47 115
18 56696516 0 1 0 1 4 8 24 30 12 54
18 56731691 0 1 0 1 5 9 28 24 14 52
18 56781547 0 1 0 1 20 9 82 82 29 164
18 57026920 0 1 0 1 2 9 19 16 11 35
18 57147499 0 1 0 1 43 40 150 133 83 283
18 57147540 0 1 0 1 46 45 178 163 91 341
18 57148021 0 1 0 1 12 9 44 40 21 84
18 57148026 0 1 0 1 11 8 41 36 19 77
18 57148076 0 1 0 1 4 9 32 23 13 55
18 57354494 0 1 0 1 23 20 62 59 43 121
18 57356868 0 1 0 1 10 4 25 34 14 59
18 57359830 0 1 0 1 4 8 32 21 12 53
18 57359981 0 1 0 1 25 30 99 96 55 195
18 57360103 0 1 0 1 22 28 112 132 50 244
18 57436280 0 1 0 1 46 44 158 196 90 354
18 57436784 0 1 0 1 52 48 220 244 100 464
18 57444252 0 1 0 1 27 19 81 86 46 167
18 57554416 0 1 0 1 16 21 65 88 37 153
18 57554751 0 1 0 1 11 17 61 80 28 141
18 57559151 0 1 0 1 23 38 92 135 61 227
18 57685157 0 1 0 1 37 49 151 141 86 292
18 57692082 0 1 0 1 10 4 41 36 14 77
18 57701515 0 1 0 1 14 17 50 36 31 86
18 57706353 0 1 0 1 10 11 41 32 21 73
18 58149559 0 1 0 1 21 24 83 78 45 161
18 58165664 0 1 0 1 7 11 21 30 18 51
18 58195927 0 1 0 1 8 7 34 24 15 58
18 58373383 0 1 0 0 2 19 0 114 21 114
18 58481816 0 1 0 1 21 19 52 66 40 118
18 58515257 0 1 0 1 10 10 26 26 20 52
18 58523821 0 1 0 1 47 23 135 152 70 287
18 58529219 0 1 0 1 29 21 77 87 50 164
18 58534888 0 1 0 1 33 44 123 142 77 265
18 58535162 0 1 0 1 26 36 125 127 62 252
18 58535451 0 1 0 1 39 50 151 167 89 318
18 58535536 0 1 0 1 36 29 182 157 65 339
18 58535750 0 1 0 1 32 25 121 113 57 234
18 58535842 0 1 0 1 37 30 128 126 67 254
18 58535888 0 1 0 1 37 30 108 137 67 245
18 58536179 0 1 0 1 25 29 114 139 54 253
18 58536215 0 1 0 1 36 34 121 162 70 283
18 58536659 0 1 0 1 26 33 134 157 59 291
18 58536666 0 1 0 1 33 35 137 149 68 286
18 58537018 0 1 0 1 44 45 196 170 89 366
18 58537178 0 1 0 1 47 49 133 157 96 290
18 58537412 0 1 0 1 25 30 100 101 55 201
18 58537439 0 1 0 1 32 20 98 89 52 187
18 58537700 0 1 0 1 26 36 115 138 62 253
18 58537713 0 1 0 1 29 39 121 159 68 280
18 58537745 0 1 0 1 25 48 145 171 73 316
18 58537759 0 1 0 1 30 42 147 165 72 312
18 58538030 0 1 0 1 39 37 167 188 76 355
18 58538249 0 1 0 1 10 17 70 64 27 134
18 58579210 0 1 0 1 42 37 200 202 79 402
18 58579948 0 1 0 1 33 28 159 145 61 304
18 58580335 0 1 0 1 37 29 102 123 66 225
18 58580368 0 1 0 1 38 23 89 120 61 209
18 58981234 0 1 0 1 23 12 75 41 35 116
18 59035713 0 1 0 1 7 19 38 42 26 80
18 59152698 0 1 0 1 7 8 32 19 15 51
18 59276580 0 1 0 1 13 8 38 38 21 76
18 59333071 0 1 0 1 11 10 28 37 21 65
18 59355522 0 1 0 1 24 35 125 127 59 252
18 59447901 0 1 0 1 4 10 21 29 14 50
18 59447971 0 1 0 1 14 9 54 49 23 103
18 59448300 0 1 0 1 6 8 16 23 14 39
18 59696857 0 1 0 1 7 10 23 25 17 48
18 59778835 0 1 0 1 4 8 30 25 12 55
18 59778851 0 1 0 1 3 8 30 22 11 52
18 59900406 0 1 0 1 15 17 77 84 32 161
18 60196859 0 1 0 1 8 6 29 25 14 54
18 60630737 0 1 0 1 52 72 223 244 124 467
18 61507584 0 1 0 1 14 12 46 39 26 85
18 61536773 0 1 0 1 10 9 18 16 19 34
18 61815969 0 1 0 1 77 60 273 246 137 519
18 61816077 0 1 0 1 55 53 230 198 108 428
18 61816275 0 1 0 1 46 58 276 273 104 549
18 61816281 0 1 0 1 43 55 272 261 98 533
18 61957742 0 1 0 1 11 13 34 41 24 75
18 62101142 0 1 0 1 6 14 54 57 20 111
18 62102800 0 1 0 1 9 11 33 37 20 70
18 62105693 0 1 0 1 10 8 31 38 18 69
18 62106804 0 1 0 1 18 22 99 87 40 186
18 62106953 0 1 0 1 17 14 67 48 31 115
18 62109778 0 1 0 1 22 25 86 90 47 176
18 62113191 0 1 0 1 11 10 50 55 21 105
18 62114567 0 1 0 1 10 11 57 54 21 111
18 62140371 0 1 0 1 6 4 16 24 10 40
18 62140402 0 1 0 1 10 10 33 24 20 57
18 62140563 0 1 0 1 3 11 32 13 14 45
18 62143330 0 1 0 1 5 21 44 74 26 118
18 62146032 0 1 0 1 13 11 45 37 24 82
18 62157876 0 1 0 1 10 15 43 54 25 97
18 62188058 0 1 0 1 15 23 84 87 38 171
18 62188143 0 1 0 1 5 5 18 31 10 49
18 62221355 0 1 0 1 19 15 51 58 34 109
18 62227531 0 1 0 1 19 18 79 92 37 171
18 62257734 0 1 0 1 6 10 27 36 16 63
18 62258705 0 1 0 1 8 10 26 30 18 56
18 62263873 0 1 1 1 3 8 27 9 11 36
18 62268909 0 1 0 1 10 21 55 48 31 103
18 62274021 0 1 0 1 10 12 50 50 22 100
18 62279885 0 1 0 1 10 8 71 57 18 128
18 62280265 0 1 0 0 2 15 0 82 17 82
18 62305639 0 1 0 1 15 16 49 57 31 106
18 62354528 0 1 0 1 36 35 148 178 71 326
18 62359916 0 1 0 1 25 36 108 118 61 226
18 62359938 0 1 0 1 30 40 123 134 70 257
18 62360008 0 1 0 1 31 31 125 126 62 251
18 62360128 0 1 0 1 10 10 47 54 20 101
18 62442234 0 1 0 1 17 9 47 62 26 109
18 62524195 0 1 0 1 24 14 139 116 38 255
18 62574499 0 1 0 1 47 45 220 196 92 416
18 63318646 0 1 0 1 33 37 164 179 70 343
18 63366942 0 1 0 1 21 20 90 131 41 221
18 63487155 0 1 0 1 7 4 20 25 11 45
18 63489373 0 1 0 1 23 23 85 120 46 205
18 63493054 0 1 0 1 21 26 143 131 47 274
18 63493152 0 1 0 1 17 15 68 73 32 141
18 63497369 0 1 0 1 11 13 48 64 24 112
18 63499040 0 1 0 1 2 8 5 26 10 31
18 63503488 0 1 0 1 20 33 105 104 53 209
18 63503549 0 1 0 1 18 30 87 89 48 176
18 63639456 0 1 0 1 6 6 25 26 12 51
18 63656025 0 1 0 1 17 18 84 109 35 193
18 63658671 0 1 0 1 17 22 64 67 39 131
18 63661026 0 1 0 1 29 45 123 176 74 299
18 63710345 0 1 0 1 15 19 75 88 34 163
18 63710393 0 1 0 0 2 16 0 110 18 110
18 63715947 0 1 0 1 5 7 18 33 12 51
18 63723082 0 1 0 1 31 33 110 108 64 218
18 63723098 0 1 0 1 22 33 105 116 55 221
18 63723127 0 1 0 1 22 25 103 111 47 214
18 63723336 0 1 0 1 29 37 147 112 66 259
18 63723415 0 1 0 1 18 37 85 66 55 151
18 63723994 0 1 0 1 11 10 39 41 21 80
18 63724463 0 1 0 1 15 8 48 32 23 80
18 63726128 0 1 0 1 9 8 30 29 17 59
18 63726152 0 1 0 1 9 10 40 37 19 77
18 63726208 0 1 0 1 15 20 63 66 35 129
18 63726410 0 1 0 1 13 20 93 89 33 182
18 63726906 0 1 0 1 5 7 16 14 12 30
18 63726909 0 1 0 1 5 8 15 16 13 31
18 63727063 0 1 0 1 20 18 90 77 38 167
18 63727066 0 1 0 1 17 21 77 96 38 173
18 63727118 0 1 0 1 33 28 122 121 61 243
18 63727169 0 1 0 1 29 35 122 116 64 238
18 63727288 0 1 0 1 10 14 43 49 24 92
18 63798576 0 1 0 1 8 9 31 38 17 69
18 63798603 0 1 0 0 2 13 0 84 15 84
18 63801072 0 1 0 1 11 14 74 53 25 127
18 63804289 0 1 0 1 12 15 76 64 27 140
18 63891422 0 1 0 1 15 16 48 73 31 121
18 63891644 0 1 0 1 7 6 32 20 13 52
18 63891648 0 1 0 1 7 7 34 19 14 53
18 63895137 0 1 0 1 7 13 32 45 20 77
18 63895157 0 1 0 1 3 11 36 53 14 89
18 63895456 0 1 0 1 19 15 66 66 34 132
18 63897160 0 1 0 1 33 23 104 159 56 263
18 63897279 0 1 0 1 20 20 82 93 40 175
18 63897298 0 1 0 1 14 18 61 84 32 145
18 63897355 0 1 0 1 8 8 49 52 16 101
18 63897376 0 1 0 1 9 8 46 40 17 86
18 63901635 0 1 0 1 5 5 16 22 10 38
18 63902309 0 1 0 1 8 5 22 21 13 43
18 63902587 0 1 0 0 3 25 0 66 28 66
18 63903236 0 1 0 1 20 25 82 104 45 186
18 63903269 0 1 0 1 16 25 75 82 41 157
18 63903295 0 1 0 1 13 21 71 71 34 142
18 63907998 0 1 0 1 6 18 34 47 24 81
18 63908137 0 1 0 0 2 12 0 49 14 49
18 63915517 0 1 0 1 13 6 48 49 19 97
18 63915633 0 1 0 1 26 15 74 91 41 165
18 63915839 0 1 0 1 5 8 22 15 13 37
18 63917408 0 1 0 1 8 11 31 42 19 73
18 63917911 0 1 0 1 15 19 37 45 34 82
18 63918026 0 1 0 1 24 31 119 126 55 245
18 63919833 0 1 0 1 16 17 46 73 33 119
18 63933150 0 1 0 1 14 15 64 62 29 126
18 63953532 0 1 0 1 20 27 132 129 47 261
18 63983631 0 1 0 1 20 22 93 100 42 193
18 63987063 0 1 0 1 30 42 138 144 72 282
18 63987229 0 1 0 1 20 27 92 138 47 230
18 64098805 0 1 0 1 14 18 49 61 32 110
18 65824561 0 1 0 1 8 13 56 69 21 125
18 65843940 0 1 0 1 42 42 146 152 84 298
18 65859847 0 1 0 1 5 9 45 37 14 82
18 65859849 0 1 0 1 6 8 43 36 14 79
18 65862780 0 1 0 1 38 55 202 173 93 375
18 66509128 0 1 0 1 29 28 99 134 57 233
18 67512592 0 1 0 1 21 24 91 116 45 207
18 67831578 0 1 0 1 13 7 18 16 20 34
18 68700370 0 1 0 1 13 10 20 25 23 45
18 68837114 0 1 0 1 21 26 92 87 47 179
18 68837332 0 1 0 0 2 16 0 81 18 81
18 68845998 0 1 0 1 7 13 40 40 20 80
18 68846019 0 1 0 1 6 11 46 38 17 84
18 68846378 0 1 0 1 19 25 84 103 44 187
18 68846425 0 1 0 1 22 27 129 105 49 234
18 68846512 0 1 0 1 16 20 72 82 36 154
18 68846550 0 1 0 1 11 14 52 47 25 99
18 68846603 0 1 0 1 7 7 29 28 14 57
18 68900047 0 1 0 1 9 14 49 46 23 95
18 68900198 0 1 0 1 27 37 125 121 64 246
18 69469651 0 1 0 0 2 22 0 109 24 109
18 69677798 0 1 0 1 26 25 100 103 51 203
18 69698349 0 1 0 1 14 16 32 35 30 67
18 69698432 0 1 0 1 20 21 51 61 41 112
18 69739229 0 1 0 1 5 6 17 12 11 29
18 70051415 0 1 0 1 33 24 104 109 57 213
18 70135213 0 1 0 1 17 16 40 51 33 91
18 70199598 0 1 0 0 2 11 0 50 13 50
18 70325043 0 1 0 1 25 51 195 173 76 368
18 70325196 0 1 0 1 42 26 140 152 68 292
18 70430422 0 1 0 1 6 8 30 36 14 66
18 71226489 0 1 0 1 5 6 29 32 11 61
18 72755957 0 1 0 1 24 20 105 106 44 211
18 73774840 0 1 0 1 7 19 45 55 26 100
18 73774842 0 1 0 1 7 21 47 58 28 105
18 74082070 0 1 0 1 21 28 102 124 49 226
18 74082124 0 1 0 1 23 15 114 92 38 206
18 74140008 0 1 0 0 2 13 0 80 15 80
18 74256669 0 1 0 1 12 7 37 42 19 79
18 74260915 0 1 0 1 31 32 120 152 63 272
18 74263654 0 1 0 1 7 5 17 17 12 34
18 74291840 0 1 0 1 37 32 118 136 69 254
18 74353910 0 1 0 1 22 29 89 101 51 190
18 74390135 0 1 0 0 2 14 0 79 16 79
18 74436825 0 1 0 0 2 15 0 90 17 90
18 74496224 0 1 0 1 17 7 29 32 24 61
18 74496357 0 1 0 1 28 29 116 85 57 201
18 74513488 0 1 0 1 15 15 51 65 30 116
18 74559269 0 1 0 1 16 13 70 59 29 129
18 74561034 0 1 0 1 24 15 82 58 39 140
18 74578525 0 1 0 1 9 11 18 23 20 41
18 74635297 0 1 0 1 23 30 124 110 53 234
18 74877102 0 1 0 1 6 8 24 13 14 37
18 74881141 0 1 0 1 20 15 44 45 35 89
18 75062933 0 1 0 1 2 8 15 20 10 35
18 75064165 0 1 0 1 61 50 243 244 111 487
18 75202325 0 1 0 1 21 14 72 78 35 150
18 75286944 0 1 0 1 22 44 103 96 66 199
18 76495619 0 1 0 1 2 9 38 18 11 56
18 76557830 0 1 0 1 8 7 23 42 15 65
18 76557937 0 1 0 1 23 22 98 153 45 251
18 76558087 0 1 0 1 4 12 47 46 16 93
18 76561826 0 1 0 0 2 17 0 70 19 70
18 76602723 0 1 0 1 13 34 70 74 47 144
18 76894899 0 1 0 1 11 7 30 30 18 60
18 76899171 0 1 0 1 21 20 69 74 41 143
18 76910573 0 1 0 1 10 5 28 33 15 61
18 76927022 0 1 0 1 20 21 90 92 41 182
18 76959485 0 1 0 1 8 7 29 29 15 58
18 76968158 0 1 0 1 6 15 57 59 21 116
18 76968252 0 1 0 1 20 16 85 87 36 172
18 76985084 0 1 0 1 4 16 31 36 20 67
18 76990028 0 1 0 1 15 15 45 52 30 97
18 77250689 0 1 0 1 33 42 150 196 75 346
18 77252923 0 1 0 1 7 4 16 23 11 39
18 77252950 0 1 0 1 4 13 9 47 17 56
18 77252959 0 1 0 1 4 17 12 48 21 60
18 77252971 0 1 0 1 8 14 15 48 22 63
18 77252980 0 1 0 1 2 17 12 54 19 66
18 77252989 0 1 0 1 3 12 14 36 15 50
18 77252995 0 1 0 1 2 20 7 57 22 64
18 77253010 0 1 0 1 3 16 4 44 19 48
18 78994683 0 1 0 0 2 20 0 108 22 108
18 79200760 0 1 0 1 6 5 11 57 11 68
18 79213990 0 1 0 1 26 38 76 131 64 207
18 79307000 0 1 0 1 34 26 94 126 60 220
18 79342423 0 1 0 1 11 12 52 52 23 104
18 79347530 0 1 0 1 5 5 22 20 10 42
18 79348249 0 1 0 1 6 5 25 22 11 47
18 79348254 0 1 0 1 2 15 15 59 17 74
18 79359736 0 1 0 1 5 9 21 22 14 43
18 79372755 0 1 0 1 18 13 81 86 31 167
18 79372793 0 1 0 1 15 11 71 70 26 141
18 79374252 0 1 0 1 12 22 54 61 34 115
18 79374275 0 1 0 1 13 18 33 47 31 80
18 79374307 0 1 0 1 8 13 20 36 21 56
18 79375472 0 1 0 1 14 19 41 57 33 98
18 79451553 0 1 0 1 6 7 36 26 13 62
18 79467476 0 1 0 1 41 45 148 182 86 330
18 79486406 0 1 0 1 11 19 62 61 30 123
18 79486444 0 1 0 1 19 14 63 71 33 134
18 79486978 0 1 0 1 25 34 117 133 59 250
18 79641892 0 1 0 1 7 5 22 15 12 37
18 79641947 0 1 0 1 8 8 55 41 16 96
18 79679239 0 1 0 1 7 5 49 36 12 85
18 79680133 0 1 0 1 6 5 33 23 11 56
18 79695690 0 1 0 1 11 10 49 44 21 93
18 79695871 0 1 0 1 45 40 178 240 85 418
18 79696161 0 1 0 1 10 10 41 40 20 81
18 79698037 0 1 0 1 27 21 110 123 48 233
18 79704715 0 1 0 1 14 15 71 66 29 137
18 79715455 0 1 0 1 24 31 88 84 55 172
18 79718011 0 1 0 1 30 32 137 130 62 267
18 79728825 0 1 0 1 36 28 153 175 64 328
18 79753465 0 1 0 1 17 13 63 48 30 111
18 79753841 0 1 0 1 7 15 47 38 22 85
18 79915985 0 1 0 1 3 13 3 33 16 36
18 79915992 0 1 0 1 3 13 9 39 16 48
18 79915993 0 1 0 1 2 15 6 46 17 52
18 79916057 0 1 0 1 12 11 15 42 23 57
18 79916062 0 1 0 1 12 12 13 43 24 56
18 79916067 0 1 0 1 8 13 9 45 21 54
18 79916070 0 1 0 1 8 10 7 45 18 52
18 79916074 0 1 0 1 9 5 32 18 14 50
18 79916101 0 1 0 1 3 7 22 10 10 32
18 79919503 0 1 0 1 6 10 38 30 16 68
18 79919519 0 1 0 1 5 8 23 21 13 44
18 79934168 0 1 0 1 7 4 15 17 11 32
18 79943299 0 1 0 1 29 39 132 128 68 260
18 79943476 0 1 0 1 25 26 85 125 51 210
18 79943566 0 1 0 1 10 17 33 35 27 68
18 79968215 0 1 0 1 31 30 113 109 61 222
18 79968221 0 1 0 1 35 30 116 108 65 224
18 79976579 0 1 0 1 15 6 38 35 21 73
18 80034420 0 1 0 1 10 5 28 15 15 43
18 80045715 0 1 0 1 13 10 48 73 23 121
18 80045856 0 1 0 1 16 30 100 113 46 213
18 80133156 0 1 0 1 17 8 59 53 25 112
18 80133164 0 1 0 0 2 21 0 117 23 117
18 80135800 0 1 0 1 34 33 141 143 67 284
18 80137309 0 1 0 1 30 34 191 170 64 361
18 80148617 0 1 0 1 11 26 88 97 37 185
18 80162809 0 1 0 1 5 10 36 29 15 65
18 80169145 0 1 0 1 11 12 48 50 23 98
18 80177976 0 1 0 1 6 16 19 105 22 124
