chr pos bloodGT1 bloodGT2 tumorGT1 tumorGT2 AN BN AT BT sN sT
15 19899567 0 1 0 1 3 8 15 68 11 83
15 19899607 0 1 0 1 5 7 24 52 12 76
15 19899617 0 1 0 1 5 7 21 45 12 66
15 19899633 0 1 0 1 4 6 23 42 10 65
15 19964897 0 1 0 1 67 81 244 361 148 605
15 19973035 0 1 0 1 50 58 235 216 108 451
15 19987988 0 1 0 0 7 62 0 280 69 280
15 19987989 0 1 0 0 7 61 0 280 68 280
15 19988085 0 1 0 0 11 64 2 297 75 299
15 19988087 0 1 0 0 11 63 2 291 74 293
15 19988096 0 1 0 0 10 54 2 277 64 279
15 19988146 0 1 0 0 9 38 0 196 47 196
15 19988173 0 1 0 0 7 30 0 152 37 152
15 19988270 0 1 0 0 2 10 0 51 12 51
15 19988290 0 1 0 0 2 10 0 40 12 40
15 20003745 0 1 0 1 14 26 99 151 40 250
15 20003753 0 1 0 1 17 25 97 147 42 244
15 20003831 0 1 0 1 7 20 25 95 27 120
15 20011061 0 1 0 1 11 17 45 88 28 133
15 20012880 0 1 0 1 12 27 47 89 39 136
15 20046777 0 1 0 1 14 28 52 109 42 161
15 20047000 0 1 0 1 4 13 9 32 17 41
15 20074254 0 1 0 1 8 11 34 67 19 101
15 20153690 0 1 0 1 3 20 21 80 23 101
15 20157565 0 1 0 1 30 40 112 144 70 256
15 20157685 0 1 0 1 9 30 39 140 39 179
15 20157693 0 1 0 1 8 27 36 127 35 163
15 20157759 0 1 0 0 2 13 0 80 15 80
15 20228480 0 1 0 1 12 25 35 101 37 136
15 20228502 0 1 0 1 30 11 124 55 41 179
15 20228931 0 1 0 1 17 47 57 170 64 227
15 20239384 0 1 0 1 21 111 118 425 132 543
15 20239649 0 1 0 1 8 16 44 49 24 93
15 20240734 0 1 0 1 61 183 257 784 244 1041
15 20240790 0 1 0 1 113 123 549 562 236 1111
15 20240794 0 1 0 1 48 185 253 844 233 1097
15 20240998 0 1 0 1 8 46 39 126 54 165
15 20241003 0 1 0 1 19 32 84 76 51 160
15 20242734 0 1 0 1 15 30 54 95 45 149
15 20242774 0 1 0 1 12 54 43 213 66 256
15 20242803 0 1 0 1 35 49 135 225 84 360
15 20244761 0 1 0 1 6 16 19 54 22 73
15 20245334 0 1 0 1 6 7 36 21 13 57
15 20248572 0 1 0 1 24 34 80 122 58 202
15 20248643 0 1 0 1 60 49 256 123 109 379
15 20248660 0 1 0 1 31 89 112 300 120 412
15 20248739 0 1 0 1 12 95 38 389 107 427
15 20248909 0 1 0 1 10 21 18 98 31 116
15 20248968 0 1 0 1 6 9 27 51 15 78
15 20248978 0 1 0 1 7 7 37 31 14 68
15 20251181 0 1 0 1 8 8 27 40 16 67
15 20251347 0 1 0 1 25 55 120 254 80 374
15 20251387 0 1 0 1 14 80 81 356 94 437
15 20251412 0 1 0 1 18 87 91 381 105 472
15 20251420 0 1 0 1 17 95 91 378 112 469
15 20251424 0 1 0 1 15 94 97 384 109 481
15 20251487 0 1 0 1 49 53 210 223 102 433
15 20251546 0 1 0 1 8 43 61 189 51 250
15 20251575 0 1 0 1 6 30 48 140 36 188
15 20251682 0 1 0 1 6 9 40 34 15 74
15 20251750 0 1 0 1 5 17 19 71 22 90
15 20251902 0 1 0 1 30 52 175 212 82 387
15 20251904 0 1 0 1 30 54 176 214 84 390
15 20252038 0 1 0 1 134 48 570 259 182 829
15 20252066 0 1 0 1 30 167 187 709 197 896
15 20252259 0 1 0 1 9 19 38 95 28 133
15 20257086 0 1 0 1 4 23 8 91 27 99
15 20257100 0 1 0 1 4 29 11 95 33 106
15 20257156 0 1 0 1 5 48 47 218 53 265
15 20257197 0 1 0 1 18 57 73 261 75 334
15 20257227 0 1 0 1 22 72 90 289 94 379
15 20257240 0 1 0 1 26 70 85 283 96 368
15 20257254 0 1 0 1 17 80 72 293 97 365
15 20257350 0 1 0 1 23 54 99 310 77 409
15 20257360 0 1 0 1 16 65 90 332 81 422
15 20257467 0 1 0 1 22 82 83 398 104 481
15 20257553 0 1 0 1 2 19 19 78 21 97
15 20257557 0 1 0 1 2 15 17 60 17 77
15 20259539 0 1 0 1 11 34 34 93 45 127
15 20259607 0 1 0 1 24 10 53 26 34 79
15 20261212 0 1 0 1 4 8 20 93 12 113
15 20261847 0 1 0 1 26 44 86 288 70 374
15 20271653 0 1 0 1 29 75 104 316 104 420
15 20272036 0 1 0 1 6 9 28 42 15 70
15 20276522 0 1 0 1 20 14 59 69 34 128
15 20276629 0 1 0 1 20 65 96 250 85 346
15 20276858 0 1 0 1 24 70 143 358 94 501
15 20284057 0 1 0 1 4 12 18 50 16 68
15 20290155 0 1 0 1 9 16 19 26 25 45
15 20339834 0 1 0 1 2 15 19 46 17 65
15 20339863 0 1 0 1 6 15 21 54 21 75
15 20357560 0 1 0 1 9 25 31 103 34 134
15 20358032 0 1 0 1 9 14 19 74 23 93
15 20358119 0 1 0 0 2 19 0 94 21 94
15 20358136 0 1 0 0 2 20 0 99 22 99
15 20358226 0 1 0 0 2 18 0 86 20 86
15 20383452 0 1 0 1 7 21 29 67 28 96
15 20438968 0 1 0 1 12 33 56 105 45 161
15 20534480 0 1 0 1 2 23 9 92 25 101
15 20534501 0 1 0 1 5 25 19 80 30 99
15 20534506 0 1 0 1 6 25 28 78 31 106
15 20534627 0 1 0 1 2 20 12 85 22 97
15 20534636 0 1 0 0 3 15 0 99 18 99
15 20535014 0 1 0 1 8 5 41 19 13 60
15 20565305 0 1 0 1 4 15 7 52 19 59
15 20565353 0 1 0 1 6 14 10 18 20 28
15 20566286 0 1 0 1 5 7 18 47 12 65
15 20566681 0 1 0 1 15 18 41 83 33 124
15 20566872 0 1 0 1 16 22 61 120 38 181
15 20566884 0 1 0 1 12 29 56 109 41 165
15 20568615 0 1 0 1 5 23 20 77 28 97
15 20571092 0 1 0 1 4 14 14 73 18 87
15 20572602 0 1 0 1 16 59 99 236 75 335
15 20594374 0 1 0 1 6 8 20 27 14 47
15 20597359 0 1 0 1 3 8 8 31 11 39
15 20628511 0 1 0 1 8 10 18 40 18 58
15 20628528 0 1 0 1 6 7 35 19 13 54
15 20661934 0 1 0 1 2 13 8 55 15 63
15 20662024 0 1 0 1 4 17 16 60 21 76
15 20662041 0 1 0 1 9 11 21 54 20 75
15 20662076 0 1 0 1 8 12 18 53 20 71
15 20669338 0 1 0 1 5 12 28 56 17 84
15 20669347 0 1 0 1 11 12 43 54 23 97
15 20669392 0 1 0 1 9 29 54 119 38 173
15 20669470 0 1 0 1 20 52 111 298 72 409
15 20669490 0 1 0 1 18 69 113 346 87 459
15 20669598 0 1 0 1 29 94 138 400 123 538
15 20669771 0 1 0 1 11 28 48 91 39 139
15 20669797 0 1 0 1 5 18 30 53 23 83
15 20671094 0 1 0 1 23 23 51 133 46 184
15 20990651 0 1 0 1 15 14 51 85 29 136
15 21019499 0 1 0 1 3 32 14 95 35 109
15 21052858 0 1 0 1 18 38 84 134 56 218
15 21052986 0 1 0 1 33 16 119 54 49 173
15 21053830 0 1 0 1 11 17 34 72 28 106
15 21053976 0 1 0 1 4 8 14 31 12 45
15 21119348 0 1 0 1 7 13 16 23 20 39
15 21119374 0 1 0 1 6 9 6 26 15 32
15 21160248 0 1 0 1 4 21 9 91 25 100
15 21163932 0 1 0 1 2 9 7 28 11 35
15 21164029 0 1 0 1 25 32 109 129 57 238
15 21259964 0 1 0 1 4 15 20 53 19 73
15 21259982 0 1 0 1 13 13 39 62 26 101
15 21260081 0 1 0 1 13 31 36 127 44 163
15 21260082 0 1 0 1 11 35 46 118 46 164
15 21260246 0 1 0 1 3 10 14 39 13 53
15 21294313 0 1 0 0 2 11 0 65 13 65
15 21294424 0 1 0 1 5 12 16 57 17 73
15 21373284 0 1 0 1 8 28 36 125 36 161
15 21373349 0 1 0 1 4 14 23 80 18 103
15 21431819 0 1 0 1 5 15 28 58 20 86
15 21439885 0 1 0 1 28 60 126 291 88 417
15 21439924 0 1 0 1 19 64 76 339 83 415
15 21575222 0 1 0 1 4 8 3 26 12 29
15 21752719 0 1 0 1 14 21 68 90 35 158
15 22372693 0 1 0 1 7 12 11 40 19 51
15 22372723 0 1 0 1 4 8 8 29 12 37
15 22427648 0 1 0 1 10 16 72 79 26 151
15 22434446 0 1 0 1 3 15 8 47 18 55
15 22437114 0 1 0 0 2 15 0 83 17 83
15 22438121 0 1 0 1 3 9 19 43 12 62
15 22519512 0 1 0 1 6 7 12 23 13 35
15 22547125 0 1 0 1 3 10 8 49 13 57
15 22573063 0 1 0 1 57 123 242 599 180 841
15 22585118 0 1 0 1 10 33 46 136 43 182
15 22608113 0 1 0 1 15 16 71 43 31 114
15 22609225 0 1 0 1 3 7 26 43 10 69
15 22609561 0 1 0 1 4 24 53 80 28 133
15 22609677 0 1 0 1 5 12 53 64 17 117
15 22609710 0 1 0 0 2 11 0 66 13 66
15 22611063 0 1 0 1 5 12 19 44 17 63
15 22611065 0 1 0 1 5 11 18 41 16 59
15 22611146 0 1 0 1 6 11 42 59 17 101
15 22611711 0 1 0 1 6 7 27 35 13 62
15 22613826 0 1 0 1 10 13 38 56 23 94
15 22617186 0 1 0 1 3 13 33 27 16 60
15 22617630 0 1 0 1 14 16 38 53 30 91
15 22681337 0 1 0 1 16 12 36 38 28 74
15 22690829 0 1 0 1 40 40 166 198 80 364
15 22690899 0 1 0 1 9 97 46 426 106 472
15 22691174 0 1 0 1 13 37 79 162 50 241
15 22715140 0 1 0 0 2 13 0 104 15 104
15 22734107 0 1 0 1 7 13 34 32 20 66
15 22774285 0 1 0 1 8 5 26 34 13 60
15 22774400 0 1 0 1 19 27 73 132 46 205
15 22774402 0 1 0 1 19 28 73 138 47 211
15 22774405 0 1 0 1 19 30 74 143 49 217
15 22774442 0 1 0 1 35 48 125 207 83 332
15 22774498 0 1 0 1 50 78 182 311 128 493
15 22774619 0 1 0 1 31 34 118 138 65 256
15 22774667 0 1 0 1 13 25 50 98 38 148
15 22823699 0 1 0 1 12 9 51 65 21 116
15 22851955 0 1 0 1 16 24 60 67 40 127
15 22882723 0 1 0 1 4 12 39 56 16 95
15 22912130 0 1 0 1 21 29 82 101 50 183
15 22912200 0 1 0 1 32 33 95 127 65 222
15 22914964 0 1 0 1 7 11 33 48 18 81
15 22925734 0 1 0 1 8 10 49 40 18 89
15 22932398 0 1 0 1 14 16 69 58 30 127
15 22933876 0 1 0 1 16 6 58 56 22 114
15 22939377 0 1 0 1 42 51 160 195 93 355
15 22939540 0 1 0 1 4 10 35 50 14 85
15 22943162 0 1 0 1 32 19 97 107 51 204
15 22943163 0 1 0 1 31 21 96 115 52 211
15 22944531 0 1 0 1 22 21 69 87 43 156
15 23003208 0 1 0 1 45 47 175 184 92 359
15 23003264 0 1 0 1 23 25 112 113 48 225
15 23006085 0 1 0 0 2 17 0 84 19 84
15 23129877 0 1 0 1 2 13 12 88 15 100
15 23129895 0 1 0 0 2 10 0 89 12 89
15 23129901 0 1 0 1 4 8 13 80 12 93
15 23163150 0 1 0 1 2 11 23 50 13 73
15 23163221 0 1 0 1 23 15 118 112 38 230
15 23164008 0 1 0 1 2 10 23 24 12 47
15 23165819 0 1 0 1 7 27 26 101 34 127
15 23166199 0 1 0 1 6 36 24 141 42 165
15 23166310 0 1 0 1 15 120 50 515 135 565
15 23166421 0 1 0 1 6 45 63 286 51 349
15 23166426 0 1 0 1 12 38 101 248 50 349
15 23166478 0 1 0 1 17 26 73 181 43 254
15 23180555 0 1 0 1 8 63 61 300 71 361
15 23180660 0 1 0 1 7 35 51 134 42 185
15 23180797 0 1 0 1 3 24 26 87 27 113
15 23180857 0 1 0 1 8 12 19 65 20 84
15 23181179 0 1 0 1 3 7 13 26 10 39
15 23181339 0 1 0 1 21 64 86 344 85 430
15 23181378 0 1 0 1 22 58 68 321 80 389
15 23181510 0 1 0 1 4 38 26 198 42 224
15 23181606 0 1 0 1 11 31 43 111 42 154
15 23215142 0 1 0 1 2 15 15 51 17 66
15 23310185 0 1 0 1 24 20 112 78 44 190
15 23311680 0 1 0 1 2 20 12 64 22 76
15 23358266 0 1 0 1 8 13 42 26 21 68
15 23358494 0 1 0 1 4 12 34 64 16 98
15 23360611 0 1 0 1 7 28 14 139 35 153
15 23363825 0 1 1 1 7 3 27 6 10 33
15 23364391 0 1 0 1 23 21 98 96 44 194
15 23364403 0 1 0 1 22 23 110 110 45 220
15 23364561 0 1 0 1 6 12 36 54 18 90
15 23364563 0 1 0 1 5 13 36 51 18 87
15 23365045 0 1 0 1 22 19 64 85 41 149
15 23365158 0 1 0 1 20 11 63 49 31 112
15 23439896 0 1 0 1 3 23 9 82 26 91
15 23439912 0 1 0 1 5 19 21 84 24 105
15 23439934 0 1 0 1 7 18 23 92 25 115
15 23439955 0 1 0 1 2 17 19 61 19 80
15 23439959 0 1 0 1 2 16 12 65 18 77
15 23439960 0 1 0 1 2 16 13 76 18 89
15 23439975 0 1 0 1 5 13 15 36 18 51
15 23439976 0 1 0 1 4 14 12 51 18 63
15 23439979 0 1 0 1 13 5 46 17 18 63
15 23440081 0 1 0 1 2 10 8 62 12 70
15 23440328 0 1 0 1 29 15 92 68 44 160
15 23440370 0 1 0 1 26 35 119 154 61 273
15 23440436 0 1 0 1 16 23 80 120 39 200
15 23440458 0 1 0 1 13 27 47 101 40 148
15 23440461 0 1 0 1 5 27 14 112 32 126
15 23440471 0 1 0 1 7 26 31 105 33 136
15 23440472 0 1 0 1 8 26 28 93 34 121
15 23440478 0 1 0 1 4 31 22 107 35 129
15 23440500 0 1 0 1 6 17 32 85 23 117
15 23440581 0 1 0 1 11 12 56 68 23 124
15 23440748 0 1 0 1 18 34 72 116 52 188
15 23440752 0 1 0 1 5 40 16 161 45 177
15 23440757 0 1 0 1 8 45 23 170 53 193
15 23440766 0 1 0 1 14 43 30 167 57 197
15 23440773 0 1 0 1 13 38 31 153 51 184
15 23440775 0 1 0 1 12 47 29 187 59 216
15 23440796 0 1 0 1 8 48 27 194 56 221
15 23440799 0 1 0 1 7 44 28 182 51 210
15 23440805 0 1 0 1 7 46 24 181 53 205
15 23440808 0 1 0 1 6 45 23 195 51 218
15 23440872 0 1 0 1 5 36 40 137 41 177
15 23440884 0 1 0 1 10 37 41 137 47 178
15 23440891 0 1 0 1 5 43 16 168 48 184
15 23440915 0 1 0 1 12 35 38 139 47 177
15 23441381 0 1 0 0 2 13 0 104 15 104
15 23441388 0 1 0 0 2 9 0 96 11 96
15 23566445 0 1 0 1 37 45 198 196 82 394
15 23686360 0 1 0 1 23 19 74 70 42 144
15 23687320 0 1 0 1 12 8 22 26 20 48
15 24675968 0 1 0 1 14 13 64 65 27 129
15 24676321 0 1 0 1 24 33 104 112 57 216
15 24677083 0 1 0 1 30 34 139 146 64 285
15 24678136 0 1 0 1 36 46 165 194 82 359
15 24678243 0 1 0 1 38 39 164 190 77 354
15 24678652 0 1 0 1 40 49 167 215 89 382
15 24679365 0 1 0 1 24 22 99 104 46 203
15 25054162 0 1 0 1 11 28 58 53 39 111
15 25054468 0 1 0 1 38 49 193 163 87 356
15 25068086 0 1 0 1 16 19 82 78 35 160
15 25070820 0 1 0 1 6 4 17 25 10 42
15 25075882 0 1 0 1 23 40 144 169 63 313
15 25083568 0 1 0 1 52 32 245 228 84 473
15 25085403 0 1 0 1 53 35 185 202 88 387
15 25086971 0 1 0 1 7 3 25 18 10 43
15 25088939 0 1 0 1 117 119 529 483 236 1012
15 25169290 0 1 0 1 8 10 29 42 18 71
15 25169506 0 1 0 1 4 9 28 35 13 63
15 25170547 0 1 0 1 12 11 43 34 23 77
15 25170678 0 1 0 1 24 21 67 72 45 139
15 25172529 0 1 0 1 17 10 49 59 27 108
15 25180342 0 1 0 1 18 12 56 69 30 125
15 25189225 0 1 0 1 5 8 21 28 13 49
15 25189543 0 1 0 1 38 53 164 186 91 350
15 25189608 0 1 0 1 31 40 115 117 71 232
15 25189670 0 1 0 1 18 22 61 82 40 143
15 25191234 0 1 0 1 8 10 33 45 18 78
15 25191358 0 1 0 1 15 17 87 68 32 155
15 25193058 0 1 0 1 8 7 50 32 15 82
15 25193346 0 1 0 1 25 35 128 108 60 236
15 25197676 0 1 0 1 42 57 200 234 99 434
15 25236471 0 1 0 0 2 9 0 55 11 55
15 25247238 0 1 0 1 17 18 73 115 35 188
15 25249459 0 1 0 1 10 9 20 34 19 54
15 25679947 0 1 0 1 24 27 86 81 51 167
15 25680048 0 1 0 1 19 9 46 64 28 110
15 25681039 0 1 0 1 25 20 91 95 45 186
15 25691637 0 1 0 1 11 15 49 31 26 80
15 25691857 0 1 0 1 19 22 93 69 41 162
15 25702127 0 1 0 1 12 17 56 99 29 155
15 25707921 0 1 0 1 6 13 39 43 19 82
15 25707944 0 1 0 1 18 11 50 55 29 105
15 25726006 0 1 0 1 56 56 266 226 112 492
15 25727068 0 1 0 1 5 5 32 23 10 55
15 25736245 0 1 0 0 2 18 0 90 20 90
15 26015303 0 1 0 1 16 13 46 41 29 87
15 26015330 0 1 0 1 6 19 37 44 25 81
15 26560917 0 1 0 1 9 9 41 39 18 80
15 26561246 0 1 0 1 23 20 74 100 43 174
15 26642667 0 1 0 1 16 28 95 94 44 189
15 26642732 0 1 0 1 14 16 56 77 30 133
15 26772389 0 1 0 1 49 46 225 210 95 435
15 26773650 0 1 0 1 6 6 19 19 12 38
15 26977065 0 1 0 0 2 23 0 101 25 101
15 27527359 0 1 0 1 11 6 26 35 17 61
15 27527530 0 1 0 1 51 52 189 197 103 386
15 27527746 0 1 0 1 41 38 144 144 79 288
15 27530897 0 1 0 1 15 18 78 56 33 134
15 27851307 0 1 0 1 7 10 47 56 17 103
15 27851392 0 1 0 1 22 15 68 104 37 172
15 27871027 0 1 0 1 11 15 56 82 26 138
15 27871129 0 1 0 1 37 39 160 206 76 366
15 27950388 0 1 0 1 6 4 27 32 10 59
15 27951739 0 1 0 1 12 9 58 67 21 125
15 27957495 0 1 0 1 9 13 44 58 22 102
15 27957517 0 1 0 1 10 16 61 69 26 130
15 27966775 0 1 0 1 13 15 34 41 28 75
15 27983498 0 1 0 1 30 22 91 109 52 200
15 27984951 0 1 0 1 11 9 36 32 20 68
15 27985038 0 1 0 1 23 27 83 106 50 189
15 27990627 0 1 0 1 28 30 126 113 58 239
15 28014717 0 1 0 1 16 10 68 50 26 118
15 28014907 0 1 0 1 47 35 160 155 82 315
15 28014982 0 1 0 1 31 36 148 117 67 265
15 28174441 0 1 0 1 8 56 32 163 64 195
15 28174567 0 1 0 1 10 88 49 287 98 336
15 28182421 0 1 0 0 2 13 0 75 15 75
15 28355264 0 1 0 1 6 5 12 21 11 33
15 28387590 0 1 0 1 9 9 25 63 18 88
15 28457913 0 1 0 1 8 10 40 57 18 97
15 28547923 0 1 0 0 2 14 0 64 16 64
15 28633677 0 1 0 0 2 17 0 98 19 98
15 28679515 0 1 0 1 9 54 49 230 63 279
15 28702192 0 1 0 1 12 24 57 105 36 162
15 28703185 0 1 0 1 6 12 59 37 18 96
15 28706146 0 1 0 1 2 8 8 33 10 41
15 28706155 0 1 0 1 2 9 8 36 11 44
15 28808109 0 1 0 1 6 42 24 136 48 160
15 28808374 0 1 0 1 63 275 271 951 338 1222
15 28808633 0 1 0 1 3 13 4 23 16 27
15 29151654 0 1 0 1 9 10 30 51 19 81
15 29151746 0 1 0 1 20 23 97 123 43 220
15 29151875 0 1 0 1 18 24 120 129 42 249
15 29151953 0 1 0 1 16 19 92 85 35 177
15 29381698 0 1 0 0 2 10 0 55 12 55
15 29570450 0 1 0 1 5 5 20 10 10 30
15 29716685 0 1 0 1 16 23 96 98 39 194
15 29719223 0 1 0 1 8 10 34 42 18 76
15 29726349 0 1 0 1 20 9 72 73 29 145
15 29761641 0 1 0 1 34 38 105 147 72 252
15 29766094 0 1 0 1 14 11 43 49 25 92
15 29772292 0 1 0 1 13 13 28 33 26 61
15 29777995 0 1 0 1 7 12 31 28 19 59
15 30044647 0 1 0 1 21 27 125 99 48 224
15 30045174 0 1 0 1 46 46 206 210 92 416
15 30091885 0 1 0 0 2 10 0 42 12 42
15 30092319 0 1 0 1 2 17 8 79 19 87
15 30113864 0 1 0 0 2 12 0 70 14 70
15 30407701 0 1 0 1 2 11 15 78 13 93
15 30407956 0 1 0 1 11 44 47 143 55 190
15 30408194 0 1 0 1 3 14 10 36 17 46
15 30556623 0 1 0 1 3 25 43 88 28 131
15 30556661 0 1 0 1 5 20 27 75 25 102
15 30556673 0 1 0 1 5 18 32 79 23 111
15 30608434 0 1 0 1 28 44 161 172 72 333
15 30633699 0 1 0 0 2 12 0 56 14 56
15 30750575 0 1 0 1 32 51 163 222 83 385
15 30791681 0 1 0 1 11 8 35 36 19 71
15 30794370 0 1 0 1 29 32 118 115 61 233
15 30794382 0 1 0 1 27 29 123 110 56 233
15 30795401 0 1 0 1 13 12 49 62 25 111
15 30795473 0 1 0 1 23 21 118 117 44 235
15 30797505 0 1 0 1 12 16 94 89 28 183
15 30798186 0 1 0 1 7 11 40 32 18 72
15 30798253 0 1 0 1 7 11 39 44 18 83
15 30798628 0 1 0 1 7 14 37 46 21 83
15 30798792 0 1 0 1 18 16 68 54 34 122
15 30800018 0 1 0 1 15 26 50 92 41 142
15 30800221 0 1 0 1 5 10 25 31 15 56
15 30800585 0 1 0 1 6 11 25 68 17 93
15 30800746 0 1 0 1 20 21 73 88 41 161
15 30800748 0 1 0 1 20 23 73 89 43 162
15 30801326 0 1 0 1 25 23 101 122 48 223
15 30801678 0 1 0 1 28 42 119 125 70 244
15 30816586 0 1 0 1 19 20 76 96 39 172
15 30817868 0 1 0 1 7 7 34 23 14 57
15 30817929 0 1 0 1 7 7 20 51 14 71
15 30817947 0 1 0 1 5 11 14 48 16 62
15 30818055 0 1 0 1 4 7 17 28 11 45
15 30823506 0 1 0 1 29 27 134 118 56 252
15 30823650 0 1 0 1 63 76 258 289 139 547
15 30825007 0 1 0 1 14 15 58 63 29 121
15 30827597 0 1 0 1 18 11 67 93 29 160
15 30918203 0 1 0 1 27 12 70 72 39 142
15 30920698 0 1 0 1 23 33 118 142 56 260
15 30930382 0 1 0 1 8 9 20 36 17 56
15 30941017 0 1 0 1 9 6 24 15 15 39
15 30941861 0 1 0 1 46 56 189 188 102 377
15 30948283 0 1 0 0 2 19 0 99 21 99
15 30952060 0 1 0 1 20 16 98 65 36 163
15 30974920 0 1 0 1 10 22 69 83 32 152
15 30991664 0 1 0 1 2 9 15 16 11 31
15 31002140 0 1 0 1 53 36 158 184 89 342
15 31002451 0 1 0 1 51 43 151 175 94 326
15 31002511 0 1 0 1 42 39 137 140 81 277
15 31049313 0 1 0 1 6 12 39 58 18 97
15 31062435 0 1 0 1 7 6 35 41 13 76
15 31063405 0 1 0 1 8 10 33 34 18 67
15 31066016 0 1 0 1 14 10 53 46 24 99
15 31067000 0 1 0 1 10 10 28 30 20 58
15 31067254 0 1 0 1 7 11 37 57 18 94
15 31067294 0 1 0 1 9 6 31 27 15 58
15 31068171 0 1 0 1 5 7 31 37 12 68
15 31070291 0 1 0 1 4 13 22 28 17 50
15 31076712 0 1 0 1 5 7 26 31 12 57
15 31077055 0 1 0 1 13 10 69 64 23 133
15 31223372 0 1 0 1 36 22 117 95 58 212
15 31223653 0 1 0 1 41 38 168 148 79 316
15 31453712 0 1 0 0 2 22 0 120 24 120
15 31487392 0 1 0 1 27 31 130 108 58 238
15 31487635 0 1 0 1 15 23 78 62 38 140
15 31526497 0 1 0 1 18 11 56 46 29 102
15 31527492 0 1 0 1 15 16 52 56 31 108
15 31530905 0 1 0 1 8 9 34 27 17 61
15 31558722 0 1 0 1 7 11 38 28 18 66
15 31570245 0 1 0 1 21 22 90 91 43 181
15 31766348 0 1 0 1 5 10 22 24 15 46
15 32158627 0 1 0 1 11 7 24 26 18 50
15 32168218 0 1 0 1 16 6 89 39 22 128
15 32314270 0 1 0 1 9 56 44 168 65 212
15 32327926 0 1 0 1 6 12 30 32 18 62
15 32393057 0 1 0 1 4 6 25 49 10 74
15 32393164 0 1 0 1 7 9 17 50 16 67
15 32393445 0 1 0 0 2 20 0 88 22 88
15 32397177 0 1 0 1 6 6 17 34 12 51
15 32446287 0 1 0 1 6 15 28 59 21 87
15 32446493 0 1 0 1 12 42 29 178 54 207
15 32446661 0 1 0 1 2 17 9 73 19 82
15 32451462 0 1 0 1 9 11 69 68 20 137
15 32451538 0 1 0 1 31 28 126 137 59 263
15 32499785 0 1 0 1 5 7 28 51 12 79
15 32499789 0 1 0 1 2 11 26 59 13 85
15 32499834 0 1 0 1 10 30 44 99 40 143
15 32523120 0 1 0 1 15 7 58 51 22 109
15 32528554 0 1 0 1 4 7 16 23 11 39
15 32528679 0 1 0 1 4 10 8 22 14 30
15 32593530 0 1 0 1 11 24 49 123 35 172
15 32593712 0 1 0 1 2 15 22 61 17 83
15 32633101 0 1 0 1 20 24 84 107 44 191
15 32633975 0 1 0 0 2 13 0 89 15 89
15 33154057 0 1 0 1 40 47 163 197 87 360
15 33154110 0 1 0 1 30 33 127 164 63 291
15 33154678 0 1 0 1 41 47 187 172 88 359
15 33154746 0 1 0 1 36 35 155 146 71 301
15 33530768 0 1 0 1 39 28 130 141 67 271
15 33584248 0 1 0 1 7 6 27 21 13 48
15 33584316 0 1 0 1 16 16 69 58 32 127
15 33584342 0 1 0 1 13 23 76 67 36 143
15 33646142 0 1 0 1 7 8 26 16 15 42
15 33696044 0 1 0 1 3 7 18 18 10 36
15 33697840 0 1 0 1 13 12 67 56 25 123
15 33698093 0 1 0 1 4 7 28 38 11 66
15 33700019 0 1 0 1 4 10 26 19 14 45
15 33700962 0 1 0 1 23 33 138 163 56 301
15 33701119 0 1 0 1 39 30 178 154 69 332
15 33701157 0 1 0 1 52 31 169 152 83 321
15 33701282 0 1 0 1 30 20 109 85 50 194
15 33843394 0 1 0 1 10 15 56 38 25 94
15 33857882 0 1 0 1 34 35 112 108 69 220
15 33861027 0 1 0 1 22 16 81 91 38 172
15 34148921 0 1 0 1 6 7 25 21 13 46
15 34154754 0 1 0 1 15 9 34 29 24 63
15 34154797 0 1 0 1 8 3 20 14 11 34
15 34225794 0 1 0 1 20 16 100 94 36 194
15 34229739 0 1 0 1 6 19 61 68 25 129
15 34236747 0 1 0 1 19 20 102 89 39 191
15 34245416 0 1 0 1 4 10 51 42 14 93
15 34245696 0 1 0 0 2 22 0 114 24 114
15 34250405 0 1 0 1 18 17 80 70 35 150
15 34250854 0 1 0 1 28 16 91 98 44 189
15 34354554 0 1 0 1 23 26 98 135 49 233
15 34356446 0 1 0 1 23 23 108 97 46 205
15 34359386 0 1 0 1 14 15 55 60 29 115
15 34362517 0 1 0 1 6 12 53 59 18 112
15 34364323 0 1 0 1 4 7 23 28 11 51
15 34373859 0 1 0 1 24 18 64 59 42 123
15 34373927 0 1 0 1 12 12 42 50 24 92
15 34373948 0 1 0 1 10 13 39 52 23 91
15 34374022 0 1 0 1 10 14 51 70 24 121
15 34374044 0 1 0 1 12 17 60 80 29 140
15 34374064 0 1 0 1 18 17 68 86 35 154
15 34374100 0 1 0 1 16 16 88 97 32 185
15 34381387 0 1 0 1 10 8 36 33 18 69
15 34381521 0 1 0 1 28 31 104 144 59 248
15 34527993 0 1 0 1 3 16 23 61 19 84
15 34528026 0 1 0 1 5 13 25 55 18 80
15 34556352 0 1 0 1 6 8 26 31 14 57
15 34556545 0 1 0 1 50 54 265 295 104 560
15 34556758 0 1 0 1 5 24 23 106 29 129
15 34556792 0 1 0 1 12 16 52 79 28 131
15 34556810 0 1 0 1 10 17 52 78 27 130
15 34556842 0 1 0 1 11 16 53 73 27 126
15 34556906 0 1 0 1 12 20 56 82 32 138
15 34752556 0 1 0 1 41 34 121 142 75 263
15 34752856 0 1 0 1 36 38 110 153 74 263
15 34753111 0 1 0 1 36 43 150 157 79 307
15 34754615 0 1 0 1 15 16 61 71 31 132
15 34893611 0 1 0 1 2 15 9 67 17 76
15 34897767 0 1 0 0 2 13 0 97 15 97
15 35084908 0 1 0 1 5 6 30 27 11 57
15 35085064 0 1 0 1 5 7 36 79 12 115
15 35381983 0 1 0 1 5 12 27 28 17 55
15 35401190 0 1 0 1 13 6 41 21 19 62
15 35411068 0 1 0 1 8 9 33 32 17 65
15 35926983 0 1 0 1 4 10 6 33 14 39
15 36399600 0 1 0 1 4 14 53 38 18 91
15 36579756 0 1 0 1 11 8 36 40 19 76
15 36613230 0 1 0 1 6 5 14 27 11 41
15 36613928 0 1 0 1 20 16 86 82 36 168
15 36614010 0 1 0 1 19 13 74 71 32 145
15 36614237 0 1 0 1 17 20 47 65 37 112
15 36614332 0 1 0 1 12 12 31 37 24 68
15 36617066 0 1 0 1 8 4 32 54 12 86
15 36617790 0 1 0 1 5 7 46 29 12 75
15 36618704 0 1 0 0 2 13 0 63 15 63
15 36618981 0 1 0 1 11 5 25 35 16 60
15 36692208 0 1 0 1 28 14 57 59 42 116
15 36697268 0 1 0 1 23 23 126 113 46 239
15 36880946 0 1 0 1 23 29 100 82 52 182
15 36881066 0 1 0 1 32 36 111 115 68 226
15 36881178 0 1 0 1 12 7 55 59 19 114
15 36881744 0 1 0 1 11 7 27 31 18 58
15 36972699 0 1 0 1 5 5 17 22 10 39
15 37094306 0 1 0 1 4 6 18 17 10 35
15 37095770 0 1 0 1 9 13 25 32 22 57
15 38339719 0 1 0 1 20 20 113 94 40 207
15 38459556 0 1 0 1 5 6 17 17 11 34
15 38470500 0 1 0 1 11 13 26 38 24 64
15 38494169 0 1 0 1 5 5 26 19 10 45
15 38499082 0 1 0 1 29 40 116 125 69 241
15 38502365 0 1 0 1 25 26 127 102 51 229
15 38506045 0 1 0 1 22 16 51 50 38 101
15 38565430 0 1 0 1 23 24 82 86 47 168
15 38698568 0 1 0 1 22 9 76 48 31 124
15 38698602 0 1 0 1 7 19 52 64 26 116
15 39602336 0 1 0 1 5 9 33 38 14 71
15 39919830 0 1 0 1 14 8 58 46 22 104
15 39939800 0 1 0 1 4 6 9 21 10 30
15 39967647 0 1 0 1 33 32 158 172 65 330
15 39992322 0 1 0 1 5 10 35 25 15 60
15 40008242 0 1 0 1 6 5 19 13 11 32
15 40016658 0 1 0 1 17 12 94 103 29 197
15 40020940 0 1 0 1 13 23 90 88 36 178
15 40036464 0 1 0 1 46 33 144 144 79 288
15 40036772 0 1 0 1 6 12 31 36 18 67
15 40038317 0 1 0 1 30 26 145 128 56 273
15 40038428 0 1 0 1 43 55 218 243 98 461
15 40105711 0 1 0 0 2 11 0 119 13 119
15 40105735 0 1 0 1 10 17 61 87 27 148
15 40196650 0 1 0 1 25 20 89 123 45 212
15 40252292 0 1 0 1 23 8 77 80 31 157
15 40252319 0 1 0 1 21 10 74 93 31 167
15 40252416 0 1 0 1 43 32 138 182 75 320
15 40253237 0 1 0 1 17 16 89 76 33 165
15 40273504 0 1 0 1 35 35 144 175 70 319
15 40289144 0 1 0 1 6 15 32 28 21 60
15 40289964 0 1 0 1 3 23 31 75 26 106
15 40289966 0 1 0 1 14 14 82 30 28 112
15 40289968 0 1 1 1 15 12 97 21 27 118
15 40293395 0 1 0 0 2 13 0 71 15 71
15 40297629 0 1 0 1 17 26 142 111 43 253
15 40297933 0 1 0 1 29 34 148 131 63 279
15 40298064 0 1 0 1 29 28 107 115 57 222
15 40299054 0 1 0 1 26 28 110 99 54 209
15 40301738 0 1 0 1 8 14 30 31 22 61
15 40302644 0 1 0 1 23 17 84 92 40 176
15 40303213 0 1 0 1 12 12 58 79 24 137
15 40303426 0 1 0 1 26 21 94 112 47 206
15 40312584 0 1 0 1 23 16 79 93 39 172
15 40312661 0 1 0 1 18 27 92 80 45 172
15 40335644 0 1 0 1 24 29 78 94 53 172
15 40338712 0 1 0 1 59 57 193 232 116 425
15 40339742 0 1 0 1 11 8 17 26 19 43
15 40340101 0 1 0 1 30 21 104 122 51 226
15 40353146 0 1 0 1 12 10 38 40 22 78
15 40354233 0 1 0 0 2 23 0 92 25 92
15 40356204 0 1 0 1 4 20 37 91 24 128
15 40356409 0 1 0 1 21 18 73 77 39 150
15 40363672 0 1 0 1 18 15 66 90 33 156
15 40368314 0 1 0 1 29 31 137 105 60 242
15 40368365 0 1 0 1 32 30 123 162 62 285
15 40370468 0 1 0 1 7 8 40 26 15 66
15 40370547 0 1 0 1 6 15 68 62 21 130
15 40389475 0 1 0 1 27 27 90 93 54 183
15 40392031 0 1 0 1 11 15 43 36 26 79
15 40392088 0 1 0 1 5 10 24 24 15 48
15 40392932 0 1 0 1 2 8 21 23 10 44
15 40392949 0 1 0 1 5 9 28 38 14 66
15 40393125 0 1 0 1 42 24 118 147 66 265
15 40393205 0 1 0 1 48 34 145 147 82 292
15 40393307 0 1 0 1 12 15 63 67 27 130
15 40393649 0 1 0 1 26 29 60 71 55 131
15 40407739 0 1 0 1 21 15 68 69 36 137
15 40407823 0 1 0 1 9 5 37 44 14 81
15 40411012 0 1 0 1 8 5 53 46 13 99
15 40411140 0 1 0 1 24 27 107 98 51 205
15 40412906 0 1 0 1 16 23 80 78 39 158
15 40412960 0 1 0 1 16 25 96 103 41 199
15 40415046 0 1 0 1 19 29 75 99 48 174
15 40416223 0 1 0 1 58 49 233 255 107 488
15 40417902 0 1 0 1 16 12 42 47 28 89
15 40417909 0 1 0 1 16 13 56 55 29 111
15 40419071 0 1 0 1 5 6 32 35 11 67
15 40420538 0 1 0 1 22 19 80 76 41 156
15 40424054 0 1 0 1 16 19 75 72 35 147
15 40424209 0 1 0 1 40 34 137 133 74 270
15 40466138 0 1 0 1 30 20 102 96 50 198
15 40557209 0 1 0 1 14 21 68 62 35 130
15 40563011 0 1 0 1 16 13 51 47 29 98
15 40569865 0 1 0 1 43 27 189 152 70 341
15 40606445 0 1 0 1 12 28 68 84 40 152
15 40611486 0 1 0 1 4 6 19 27 10 46
15 40621642 0 1 0 1 28 23 104 103 51 207
15 40622992 0 1 0 1 24 18 121 150 42 271
15 40624039 0 1 0 1 32 35 131 116 67 247
15 40706144 0 1 0 1 21 18 68 60 39 128
15 40734796 0 1 0 1 5 8 23 18 13 41
15 40737469 0 1 0 1 12 11 42 46 23 88
15 40738667 0 1 0 1 21 14 77 94 35 171
15 40740108 0 1 0 1 19 21 87 55 40 142
15 40744250 0 1 0 1 31 28 114 142 59 256
15 40767189 0 1 0 1 18 27 140 112 45 252
15 40813728 0 1 0 1 19 20 64 85 39 149
15 40814287 0 1 0 1 14 20 55 42 34 97
15 40815811 0 1 0 0 2 16 0 92 18 92
15 40853721 0 1 0 1 47 53 182 241 100 423
15 40930289 0 1 0 1 4 11 18 16 15 34
15 40953377 0 1 0 0 2 17 0 78 19 78
15 40953399 0 1 0 0 2 16 0 89 18 89
15 41332851 0 1 0 1 18 18 97 107 36 204
15 41387487 0 1 0 1 11 13 63 65 24 128
15 41480454 0 1 0 0 2 16 0 79 18 79
15 41506881 0 1 0 1 16 17 83 58 33 141
15 41507513 0 1 0 1 29 27 110 87 56 197
15 41509314 0 1 0 1 6 6 24 15 12 39
15 41512917 0 1 0 1 36 33 144 182 69 326
15 41513801 0 1 0 1 9 15 58 45 24 103
15 41518241 0 1 0 1 7 3 38 33 10 71
15 41521081 0 1 0 1 36 47 134 180 83 314
15 41521974 0 1 0 1 57 42 181 209 99 390
15 41523451 0 1 0 1 28 20 93 113 48 206
15 41523992 0 1 0 1 18 33 108 126 51 234
15 41525169 0 1 0 1 24 30 130 102 54 232
15 41526719 0 1 0 1 13 5 37 51 18 88
15 41527085 0 1 0 1 42 32 166 130 74 296
15 41527124 0 1 0 1 25 31 129 164 56 293
15 41527169 0 1 0 1 29 29 111 146 58 257
15 41527518 0 1 0 1 35 34 127 115 69 242
15 41527698 0 1 0 1 8 6 24 34 14 58
15 41527800 0 1 0 1 6 7 33 33 13 66
15 41529554 0 1 0 1 20 20 83 84 40 167
15 41530125 0 1 0 1 13 6 25 22 19 47
15 41536373 0 1 0 1 16 18 73 52 34 125
15 41537032 0 1 0 1 24 25 111 125 49 236
15 41537352 0 1 0 1 4 10 31 33 14 64
15 41562601 0 1 0 0 2 14 0 85 16 85
15 41564345 0 1 0 1 14 7 52 54 21 106
15 41565018 0 1 0 1 24 25 73 71 49 144
15 41565105 0 1 0 1 41 47 207 177 88 384
15 41570983 0 1 0 1 25 25 91 122 50 213
15 41740185 0 1 0 1 17 15 54 51 32 105
15 41800128 0 1 0 1 7 10 39 41 17 80
15 41811624 0 1 0 1 34 29 144 129 63 273
15 41813720 0 1 0 1 49 45 142 208 94 350
15 41817777 0 1 0 1 58 41 203 200 99 403
15 41819100 0 1 0 1 17 17 66 77 34 143
15 41821950 0 1 0 0 2 23 0 107 25 107
15 41822821 0 1 0 1 16 9 57 74 25 131
15 41823549 0 1 0 1 34 55 194 216 89 410
15 41824705 0 1 0 1 26 22 106 99 48 205
15 41828239 0 1 0 1 34 21 68 102 55 170
15 41834581 0 1 0 1 2 10 28 31 12 59
15 41835245 0 1 0 1 29 26 68 84 55 152
15 41835536 0 1 0 1 21 20 88 81 41 169
15 41836031 0 1 0 1 6 10 24 39 16 63
15 41836370 0 1 0 1 36 33 142 160 69 302
15 41836657 0 1 0 1 28 20 86 97 48 183
15 41836960 0 1 0 1 22 29 106 119 51 225
15 41836978 0 1 0 1 23 30 105 107 53 212
15 41837175 0 1 0 1 18 28 88 77 46 165
15 41840002 0 1 0 1 22 17 82 71 39 153
15 41840698 0 1 0 1 30 21 101 114 51 215
15 41841304 0 1 0 1 11 8 48 43 19 91
15 41844779 0 1 0 1 8 6 21 20 14 41
15 41845575 0 1 0 1 6 10 40 44 16 84
15 41845623 0 1 0 1 19 14 83 68 33 151
15 41846258 0 1 0 1 47 40 223 209 87 432
15 41851029 0 1 0 1 61 63 226 177 124 403
15 41851399 0 1 0 1 17 12 60 49 29 109
15 41852781 0 1 0 1 37 44 133 159 81 292
15 41853222 0 1 0 1 21 21 86 72 42 158
15 41853738 0 1 0 1 27 21 84 92 48 176
15 41853991 0 1 0 1 5 6 37 45 11 82
15 41856602 0 1 0 1 24 19 112 102 43 214
15 41857274 0 1 0 1 21 11 62 65 32 127
15 41857308 0 1 0 1 32 14 71 72 46 143
15 41857398 0 1 0 1 19 34 105 108 53 213
15 41857754 0 1 0 1 10 5 29 23 15 52
15 41858690 0 1 0 1 28 37 133 156 65 289
15 41863614 0 1 0 1 16 6 41 36 22 77
15 41863643 0 1 0 1 11 21 47 68 32 115
15 41867092 0 1 0 1 11 13 39 40 24 79
15 41874302 0 1 0 1 25 34 99 118 59 217
15 41875287 0 1 0 1 10 4 42 35 14 77
15 41876202 0 1 0 1 47 22 145 138 69 283
15 41878301 0 1 0 1 9 7 38 43 16 81
15 41878308 0 1 0 1 9 9 38 46 18 84
15 41879264 0 1 0 1 22 16 74 125 38 199
15 41879602 0 1 0 1 7 10 38 37 17 75
15 41882906 0 1 0 1 17 23 82 67 40 149
15 41887053 0 1 0 1 11 8 42 38 19 80
15 41890244 0 1 0 1 14 24 69 84 38 153
15 41893241 0 1 0 1 19 20 106 79 39 185
15 41895294 0 1 0 1 24 30 118 134 54 252
15 41919288 0 1 0 1 35 34 149 134 69 283
15 41987400 0 1 0 1 24 25 88 86 49 174
15 42001196 0 1 0 1 17 28 117 112 45 229
15 42019231 0 1 0 0 2 15 0 82 17 82
15 42069803 0 1 0 1 9 6 31 24 15 55
15 42070100 0 1 0 1 9 14 52 69 23 121
15 42070101 0 1 0 0 2 22 0 118 24 118
15 42071571 0 1 0 1 27 18 85 87 45 172
15 42071970 0 1 0 1 28 27 99 116 55 215
15 42079554 0 1 0 1 6 9 32 32 15 64
15 42081234 0 1 0 1 6 5 31 26 11 57
15 42081612 0 1 0 1 25 21 116 109 46 225
15 42085546 0 1 0 1 17 15 78 114 32 192
15 42141184 0 1 0 1 13 23 105 97 36 202
15 42141604 0 1 0 1 21 24 105 102 45 207
15 42142428 0 1 0 1 10 12 51 50 22 101
15 42142639 0 1 0 1 46 30 202 170 76 372
15 42143845 0 1 0 1 3 7 37 30 10 67
15 42145513 0 1 0 1 12 7 66 55 19 121
15 42147178 0 1 0 1 22 20 81 78 42 159
15 42147246 0 1 0 1 11 10 55 51 21 106
15 42184550 0 1 0 0 2 22 0 152 24 152
15 42292664 0 1 0 1 23 31 129 110 54 239
15 42310423 0 1 0 1 18 23 80 70 41 150
15 42330727 0 1 0 0 2 14 0 55 16 55
15 42330744 0 1 0 0 2 10 0 47 12 47
15 42360086 0 1 0 0 3 22 0 127 25 127
15 42638693 0 1 0 1 12 15 66 48 27 114
15 42661184 0 1 0 1 18 21 67 77 39 144
15 42662690 0 1 0 1 4 6 17 21 10 38
15 42663769 0 1 0 1 26 27 105 84 53 189
15 42665175 0 1 0 1 19 23 71 88 42 159
15 42665334 0 1 0 1 10 27 68 106 37 174
15 42674090 0 1 0 1 18 32 110 109 50 219
15 42675530 0 1 0 0 2 23 0 102 25 102
15 42685328 0 1 0 1 56 62 246 278 118 524
15 42685478 0 1 0 1 56 68 284 265 124 549
15 42688824 0 1 0 1 40 51 178 209 91 387
15 42689608 0 1 0 1 24 27 121 124 51 245
15 42690142 0 1 0 1 24 37 117 132 61 249
15 42691725 0 1 0 1 53 45 217 210 98 427
15 42719339 0 1 0 1 10 9 26 26 19 52
15 42725228 0 1 0 1 7 19 65 58 26 123
15 42725721 0 1 0 1 4 13 36 32 17 68
15 42726288 0 1 0 1 18 15 89 88 33 177
15 42726493 0 1 0 1 30 28 95 112 58 207
15 42728785 0 1 0 1 17 25 99 112 42 211
15 42729365 0 1 0 1 29 24 130 143 53 273
15 42729430 0 1 0 1 23 26 130 155 49 285
15 42729788 0 1 0 1 18 13 62 62 31 124
15 42730492 0 1 0 1 18 16 68 81 34 149
15 42731284 0 1 0 1 30 28 114 126 58 240
15 42731865 0 1 0 1 14 21 55 71 35 126
15 42732976 0 1 0 1 2 8 39 31 10 70
15 42733326 0 1 0 1 12 9 34 26 21 60
15 42736394 0 1 0 1 40 28 165 172 68 337
15 42736551 0 1 0 1 9 10 49 59 19 108
15 42817187 0 1 0 1 21 24 65 87 45 152
15 42878595 0 1 0 1 20 22 91 119 42 210
15 42952501 0 1 0 1 12 5 32 25 17 57
15 42960566 0 1 0 1 10 10 28 41 20 69
15 42964144 0 1 0 0 2 12 0 60 14 60
15 43105910 0 1 0 1 21 23 107 108 44 215
15 43149169 0 1 0 1 9 11 60 56 20 116
15 43280147 0 1 0 1 10 9 33 30 19 63
15 43284978 0 1 0 0 2 18 0 122 20 122
15 43361451 0 1 0 1 21 25 95 87 46 182
15 43407691 0 1 0 1 10 9 38 33 19 71
15 43474792 0 1 0 0 2 14 0 71 16 71
15 43492895 0 1 0 1 7 15 14 32 22 46
15 43600919 0 1 0 1 43 50 173 207 93 380
15 43607955 0 1 0 1 32 51 185 189 83 374
15 43632410 0 1 0 1 16 14 96 85 30 181
15 43632949 0 1 0 1 3 8 7 23 11 30
15 43635172 0 1 0 1 4 6 29 36 10 65
15 43639534 0 1 0 1 5 8 21 12 13 33
15 43649258 0 1 0 1 7 12 56 81 19 137
15 43660050 0 1 0 1 10 10 33 30 20 63
15 43660056 0 1 0 1 11 10 32 29 21 61
15 43697332 0 1 0 1 48 43 173 147 91 320
15 43703137 0 1 0 1 6 14 28 46 20 74
15 43703588 0 1 0 1 21 19 76 92 40 168
15 43703591 0 1 0 1 22 17 76 88 39 164
15 43736371 0 1 0 1 8 8 41 33 16 74
15 43746701 0 1 0 1 31 47 121 165 78 286
15 43752988 0 1 0 0 2 16 0 63 18 63
15 43769604 0 1 0 1 23 18 83 70 41 153
15 43770676 0 1 0 1 6 10 17 30 16 47
15 43792507 0 1 0 1 44 37 142 157 81 299
15 43797024 0 1 0 1 16 19 58 65 35 123
15 43798656 0 1 0 1 11 13 52 60 24 112
15 43828361 0 1 0 1 22 11 72 69 33 141
15 43919670 0 1 0 1 24 37 112 126 61 238
15 44615695 0 1 0 1 5 7 20 30 12 50
15 44710916 0 1 0 1 6 8 27 29 14 56
15 44711166 0 1 0 1 13 9 27 32 22 59
15 44716496 0 1 0 1 9 15 45 51 24 96
15 44755204 0 1 0 1 26 25 149 125 51 274
15 44756453 0 1 0 1 12 18 65 55 30 120
15 44756559 0 1 0 1 12 6 33 36 18 69
15 44759478 0 1 0 1 8 4 14 14 12 28
15 44767816 0 1 0 1 5 7 25 34 12 59
15 44828769 0 1 0 1 5 12 38 27 17 65
15 44828789 0 1 0 1 7 4 16 30 11 46
15 44831405 0 1 0 1 11 16 30 44 27 74
15 44831416 0 1 0 1 13 19 28 52 32 80
15 44831494 0 1 0 1 6 32 16 124 38 140
15 44854396 0 1 0 1 8 9 26 30 17 56
15 44928674 0 1 0 1 7 7 15 18 14 33
15 45061032 0 1 0 1 27 39 145 165 66 310
15 45068871 0 1 0 0 2 23 0 87 25 87
15 45068982 0 1 0 1 16 65 61 255 81 316
15 45069165 0 1 0 1 6 20 13 103 26 116
15 45069181 0 1 0 1 3 11 7 70 14 77
15 45072607 0 1 0 1 6 13 24 74 19 98
15 45072611 0 1 0 1 5 14 26 73 19 99
15 45073526 0 1 0 1 4 20 20 74 24 94
15 45073564 0 1 0 1 5 22 19 65 27 84
15 45073585 0 1 0 1 4 17 12 50 21 62
15 45073592 0 1 0 1 4 17 11 45 21 56
15 45073594 0 1 0 1 4 17 9 44 21 53
15 45097112 0 1 0 0 2 11 0 45 13 45
15 45132088 0 1 0 1 5 7 47 48 12 95
15 45135332 0 1 0 1 18 17 61 58 35 119
15 45141448 0 1 0 1 42 29 187 178 71 365
15 45142295 0 1 0 1 9 10 49 40 19 89
15 45143019 0 1 0 1 10 12 35 37 22 72
15 45143836 0 1 0 1 11 15 32 39 26 71
15 45150814 0 1 0 1 23 27 89 85 50 174
15 45162132 0 1 0 1 18 15 60 65 33 125
15 45198938 0 1 0 1 51 36 189 210 87 399
15 45253280 0 1 0 1 34 40 121 161 74 282
15 45275306 0 1 0 0 2 15 0 98 17 98
15 45485146 0 1 0 1 13 19 53 64 32 117
15 45658866 0 1 0 1 6 9 18 13 15 31
15 45669843 0 1 0 1 23 21 67 89 44 156
15 45682338 0 1 0 1 24 14 76 46 38 122
15 45682395 0 1 0 1 22 19 85 63 41 148
15 47581280 0 1 0 1 24 30 104 127 54 231
15 47581352 0 1 0 1 22 27 94 107 49 201
15 47581408 0 1 0 1 23 35 94 98 58 192
15 47768761 0 1 0 0 2 20 0 132 22 132
15 48247390 0 1 0 1 19 20 72 73 39 145
15 48249503 0 1 0 1 24 20 78 81 44 159
15 48255779 0 1 0 1 28 25 124 124 53 248
15 48259394 0 1 0 0 2 14 0 73 16 73
15 48288376 0 1 0 1 7 7 37 30 14 67
15 48291886 0 1 0 1 19 22 86 85 41 171
15 48299070 0 1 0 1 15 12 67 60 27 127
15 48331303 0 1 0 1 14 16 49 67 30 116
15 48331327 0 1 0 1 10 11 50 50 21 100
15 48428329 0 1 0 1 8 14 57 60 22 117
15 48444487 0 1 0 1 27 16 100 98 43 198
15 48462971 0 1 0 1 19 17 76 111 36 187
15 48463275 0 1 0 1 13 10 49 46 23 95
15 48465935 0 1 0 1 3 10 28 26 13 54
15 48472836 0 1 0 1 12 14 49 52 26 101
15 48472847 0 1 0 1 11 14 43 47 25 90
15 48474053 0 1 0 1 17 8 33 32 25 65
15 48495048 0 1 0 1 28 27 110 130 55 240
15 48497437 0 1 0 1 6 9 35 31 15 66
15 48513440 0 1 0 1 24 16 104 110 40 214
15 48537938 0 1 0 1 4 10 34 35 14 69
15 48610929 0 1 0 1 15 13 83 70 28 153
15 48781099 0 1 0 1 6 13 29 26 19 55
15 48791380 0 1 0 1 12 27 47 87 39 134
15 48825890 0 1 0 1 5 6 24 18 11 42
15 48834937 0 1 0 1 32 33 113 120 65 233
15 48851331 0 1 0 1 6 5 19 23 11 42
15 48992804 0 1 0 1 32 31 128 139 63 267
15 49000997 0 1 0 1 16 16 50 67 32 117
15 49028783 0 1 0 1 5 11 39 38 16 77
15 49130688 0 1 0 1 21 22 114 91 43 205
15 49155815 0 1 0 1 14 15 60 63 29 123
15 49235427 0 1 0 1 9 6 24 25 15 49
15 49366692 0 1 0 1 2 11 24 12 13 36
15 49422632 0 1 0 1 32 27 119 142 59 261
15 49575126 0 1 0 1 8 5 28 28 13 56
15 49576944 0 1 0 1 8 8 41 33 16 74
15 49587866 0 1 0 1 8 13 23 33 21 56
15 49615288 0 1 0 0 2 20 0 87 22 87
15 49862453 0 1 0 0 2 11 0 59 13 59
15 49897251 0 1 0 1 9 7 30 44 16 74
15 49996897 0 1 0 1 10 11 43 41 21 84
15 50002444 0 1 0 1 21 19 79 72 40 151
15 50205157 0 1 0 1 9 4 21 25 13 46
15 50254774 0 1 0 1 11 9 27 31 20 58
15 50254776 0 1 0 1 11 9 28 31 20 59
15 50265541 0 1 0 1 20 25 98 97 45 195
15 50303873 0 1 0 1 7 6 26 15 13 41
15 50309870 0 1 0 1 8 6 55 47 14 102
15 50529981 0 1 0 1 12 10 41 49 22 90
15 50538679 0 1 0 1 15 7 38 28 22 66
15 50543873 0 1 0 0 2 22 0 114 24 114
15 50552514 0 1 0 1 10 15 86 94 25 180
15 50574945 0 1 0 1 30 27 115 116 57 231
15 50586312 0 1 0 1 5 7 29 40 12 69
15 50586377 0 1 0 1 21 27 82 82 48 164
15 50591893 0 1 0 1 20 25 83 96 45 179
15 50614301 0 1 0 1 27 44 137 161 71 298
15 50632798 0 1 0 1 7 4 16 18 11 34
15 50648934 0 1 0 1 4 7 23 21 11 44
15 50747797 0 1 0 1 7 3 33 35 10 68
15 50908961 0 1 0 1 15 9 43 54 24 97
15 50909084 0 1 0 1 5 6 22 26 11 48
15 50925278 0 1 0 1 7 5 14 17 12 31
15 50929006 0 1 0 0 2 14 0 67 16 67
15 50945713 0 1 0 1 5 7 17 24 12 41
15 51210789 0 1 0 1 28 25 123 107 53 230
15 51211684 0 1 0 1 12 22 57 76 34 133
15 51211700 0 1 0 1 13 24 61 82 37 143
15 51211864 0 1 0 1 2 10 11 29 12 40
15 51212614 0 1 0 1 9 5 16 16 14 32
15 51215311 0 1 0 1 6 7 32 37 13 69
15 51215585 0 1 0 1 12 14 41 43 26 84
15 51218505 0 1 0 1 6 5 21 23 11 44
15 51218671 0 1 0 1 15 23 56 61 38 117
15 51228009 0 1 0 1 12 11 43 56 23 99
15 51236915 0 1 0 1 21 14 83 69 35 152
15 51242350 0 1 0 1 7 11 21 33 18 54
15 51342107 0 1 0 1 18 10 68 67 28 135
15 51342115 0 1 0 1 15 11 59 64 26 123
15 51377507 0 1 0 1 6 16 61 62 22 123
15 51377544 0 1 0 1 8 13 58 53 21 111
15 51383192 0 1 0 1 8 9 24 21 17 45
15 51383304 0 1 0 1 23 28 86 75 51 161
15 51384035 0 1 0 1 18 17 70 111 35 181
15 51397575 0 1 0 1 19 20 71 62 39 133
15 51451521 0 1 0 1 3 8 22 22 11 44
15 51458455 0 1 0 1 5 16 24 28 21 52
15 51458649 0 1 0 1 16 21 93 95 37 188
15 51488525 0 1 0 1 27 31 109 122 58 231
15 51491623 0 1 0 1 15 16 46 50 31 96
15 51491784 0 1 0 1 6 8 19 30 14 49
15 51499362 0 1 0 1 32 27 118 114 59 232
15 51502975 0 1 0 1 16 15 78 91 31 169
15 51537615 0 1 0 1 22 19 123 94 41 217
15 51537798 0 1 0 1 6 8 23 36 14 59
15 51576176 0 1 0 1 8 12 37 45 20 82
15 51622465 0 1 0 1 23 19 86 93 42 179
15 51622519 0 1 0 1 32 21 94 115 53 209
15 51622581 0 1 0 1 25 12 71 73 37 144
15 51681713 0 1 0 0 2 15 0 82 17 82
15 51689400 0 1 0 1 11 16 55 48 27 103
15 51713516 0 1 0 1 10 13 31 49 23 80
15 51725148 0 1 0 1 5 6 25 25 11 50
15 51751130 0 1 0 1 16 17 86 105 33 191
15 51806704 0 1 0 1 6 6 34 31 12 65
15 51859328 0 1 0 1 7 6 18 14 13 32
15 51861200 0 1 0 1 10 7 41 27 17 68
15 51893740 0 1 0 1 8 7 26 34 15 60
15 51893961 0 1 0 1 9 11 34 39 20 73
15 51947183 0 1 0 1 17 12 71 69 29 140
15 51954468 0 1 0 1 7 12 35 47 19 82
15 51954475 0 1 0 0 2 17 0 79 19 79
15 51960602 0 1 0 1 26 25 66 73 51 139
15 51965677 0 1 0 1 15 6 34 18 21 52
15 51971897 0 1 0 1 17 23 71 75 40 146
15 52135745 0 1 0 0 2 15 0 88 17 88
15 52184283 0 1 0 1 7 12 38 25 19 63
15 52194138 0 1 0 1 6 10 24 37 16 61
15 52211945 0 1 0 1 20 19 71 48 39 119
15 52213366 0 1 0 1 30 36 115 121 66 236
15 52214458 0 1 0 1 4 8 34 20 12 54
15 52218472 0 1 0 1 18 19 73 80 37 153
15 52223481 0 1 0 1 31 22 80 113 53 193
15 52225540 0 1 0 1 20 15 38 45 35 83
15 52237926 0 1 0 1 8 7 13 19 15 32
15 52237929 0 1 0 1 8 6 12 17 14 29
15 52239744 0 1 0 1 21 18 81 106 39 187
15 52242147 0 1 0 1 21 21 116 94 42 210
15 52251418 0 1 0 1 20 18 78 87 38 165
15 52275434 0 1 0 1 10 7 38 36 17 74
15 52277186 0 1 0 0 2 11 0 67 13 67
15 52277193 0 1 0 0 2 11 0 56 13 56
15 52295683 0 1 0 1 7 3 47 45 10 92
15 52319254 0 1 0 1 43 50 188 215 93 403
15 52370473 0 1 0 1 11 5 18 24 16 42
15 52375538 0 1 0 1 3 8 32 44 11 76
15 52376625 0 1 0 1 6 8 25 27 14 52
15 52379587 0 1 0 1 10 9 35 48 19 83
15 52397492 0 1 0 0 2 21 0 115 23 115
15 52587021 0 1 0 0 2 21 0 99 23 99
15 52938465 0 1 0 1 10 28 90 90 38 180
15 54044465 0 1 0 1 35 26 96 122 61 218
15 54048754 0 1 0 1 7 6 22 22 13 44
15 54332115 0 1 0 1 17 26 81 70 43 151
15 54393250 0 1 0 1 15 10 48 46 25 94
15 54500230 0 1 0 1 16 18 61 45 34 106
15 54500317 0 1 0 1 7 4 16 15 11 31
15 54549676 0 1 0 1 18 9 59 66 27 125
15 54555311 0 1 0 1 4 10 27 15 14 42
15 54555479 0 1 0 1 12 20 70 48 32 118
15 54555588 0 1 0 1 20 15 61 58 35 119
15 55305740 0 1 0 1 3 8 20 39 11 59
15 55329691 0 1 0 1 17 10 33 41 27 74
15 55340661 0 1 0 1 9 10 65 57 19 122
15 55360833 0 1 0 1 11 19 73 82 30 155
15 55376883 0 1 0 1 14 23 91 94 37 185
15 55376938 0 1 0 1 21 36 138 165 57 303
15 55389443 0 1 0 1 14 17 55 56 31 111
15 55434875 0 1 0 1 11 8 25 30 19 55
15 55466995 0 1 0 1 9 15 52 44 24 96
15 55498112 0 1 0 1 18 33 93 122 51 215
15 55738345 0 1 0 1 5 9 27 44 14 71
15 55738558 0 1 0 1 9 12 39 42 21 81
15 55742812 0 1 0 1 13 18 40 61 31 101
15 55830149 0 1 0 1 19 32 105 83 51 188
15 55830263 0 1 0 1 10 16 52 50 26 102
15 55830466 0 1 0 1 48 29 141 167 77 308
15 55832937 0 1 0 1 19 22 77 83 41 160
15 55832984 0 1 0 1 21 29 109 117 50 226
15 55834222 0 1 0 0 3 34 0 164 37 164
15 55848797 0 1 0 1 21 24 51 64 45 115
15 55860531 0 1 0 1 23 22 95 92 45 187
15 55860674 0 1 0 1 16 25 76 98 41 174
15 55869721 0 1 0 1 7 12 53 51 19 104
15 55874045 0 1 0 1 12 11 55 50 23 105
15 55905297 0 1 0 0 2 20 0 79 22 79
15 55915613 0 1 0 1 31 36 141 181 67 322
15 55916337 0 1 0 1 37 24 125 137 61 262
15 55924554 0 1 0 1 11 16 54 44 27 98
15 55924595 0 1 0 1 11 15 79 71 26 150
15 55966395 0 1 0 1 7 8 31 26 15 57
15 55966461 0 1 0 1 12 13 60 44 25 104
15 55993497 0 1 0 1 4 10 24 24 14 48
15 56005711 0 1 0 1 9 16 40 88 25 128
15 56098372 0 1 0 1 11 6 38 36 17 74
15 56243063 0 1 0 0 2 11 0 65 13 65
15 56733547 0 1 0 0 2 21 0 106 23 106
15 56918099 0 1 0 1 16 12 64 64 28 128
15 56918429 0 1 0 1 9 6 56 65 15 121
15 57072616 0 1 0 1 12 16 33 49 28 82
15 57192415 0 1 0 1 4 11 19 21 15 40
15 57231344 0 1 0 1 9 17 58 38 26 96
15 57232659 0 1 0 1 20 16 75 66 36 141
15 57326316 0 1 0 1 8 8 41 21 16 62
15 57439530 0 1 0 1 17 27 88 130 44 218
15 57440545 0 1 0 1 17 23 81 105 40 186
15 57440576 0 1 0 1 17 16 58 83 33 141
15 57453873 0 1 0 1 7 11 33 34 18 67
15 57599660 0 1 0 1 40 48 195 207 88 402
15 57604168 0 1 0 1 5 6 23 21 11 44
15 57604460 0 1 0 1 8 8 54 57 16 111
15 57625623 0 1 0 1 16 15 48 58 31 106
15 57632594 0 1 0 1 30 34 138 160 64 298
15 57955365 0 1 0 1 7 10 32 33 17 65
15 57960864 0 1 0 1 28 43 100 132 71 232
15 57960908 0 1 0 1 22 31 73 110 53 183
15 57961071 0 1 0 1 18 19 70 71 37 141
15 57963929 0 1 0 1 21 34 117 121 55 238
15 57964098 0 1 0 1 4 10 43 35 14 78
15 57965649 0 1 0 1 8 7 26 31 15 57
15 58166876 0 1 0 1 9 5 43 35 14 78
15 58172972 0 1 0 1 12 7 54 44 19 98
15 58173284 0 1 0 1 20 21 77 92 41 169
15 58179169 0 1 0 1 12 18 74 82 30 156
15 58184082 0 1 0 1 13 20 55 71 33 126
15 58278977 0 1 0 1 2 13 3 25 15 28
15 58279202 0 1 0 1 37 27 117 99 64 216
15 58436945 0 1 0 1 12 11 34 47 23 81
15 58542542 0 1 0 1 17 16 86 78 33 164
15 58545734 0 1 0 1 27 30 129 134 57 263
15 58545839 0 1 0 1 30 28 139 156 58 295
15 58854423 0 1 0 0 2 17 0 79 19 79
15 58868106 0 1 0 0 2 11 0 47 13 47
15 58898797 0 1 0 1 11 17 57 55 28 112
15 59163073 0 1 0 1 9 8 24 33 17 57
15 59208569 0 1 0 1 7 17 54 37 24 91
15 59217990 0 1 0 1 29 42 143 145 71 288
15 59222905 0 1 0 1 7 5 39 22 12 61
15 59223235 0 1 0 1 9 14 51 59 23 110
15 59223247 0 1 0 1 15 10 52 46 25 98
15 59224678 0 1 0 0 2 21 0 125 23 125
15 59231892 0 1 0 1 6 11 28 31 17 59
15 59492543 0 1 0 0 2 22 0 82 24 82
15 59507444 0 1 0 1 5 5 14 20 10 34
15 59639286 0 1 0 0 2 10 0 80 12 80
15 59689305 0 1 0 0 3 26 0 119 29 119
15 59689448 0 1 0 1 8 6 37 36 14 73
15 60350869 0 1 0 1 11 8 22 30 19 52
15 60350916 0 1 0 1 12 11 40 38 23 78
15 60351103 0 1 0 1 25 20 70 62 45 132
15 60351654 0 1 0 1 10 10 36 34 20 70
15 60352264 0 1 0 1 7 7 30 25 14 55
15 60356015 0 1 0 1 6 7 25 35 13 60
15 60361006 0 1 0 1 33 33 137 146 66 283
15 60385961 0 1 0 1 10 7 40 38 17 78
15 60449864 0 1 0 1 30 30 103 135 60 238
15 60502976 0 1 0 1 13 11 69 61 24 130
15 60505408 0 1 0 1 6 4 30 35 10 65
15 61854399 0 1 0 1 17 20 84 71 37 155
15 61873354 0 1 0 1 21 26 105 133 47 238
15 61873378 0 1 0 1 24 22 107 136 46 243
15 61880708 0 1 0 1 10 5 44 54 15 98
15 61882695 0 1 0 1 11 24 58 76 35 134
15 61882820 0 1 0 1 11 6 38 31 17 69
15 61918305 0 1 0 1 5 7 21 20 12 41
15 61919251 0 1 0 1 6 8 33 30 14 63
15 61922408 0 1 0 1 26 32 124 130 58 254
15 61927032 0 1 0 1 10 14 42 41 24 83
15 61936571 0 1 0 1 15 11 59 60 26 119
15 61947105 0 1 0 1 7 5 34 18 12 52
15 61947498 0 1 0 1 7 4 27 18 11 45
15 61950998 0 1 0 1 7 8 39 52 15 91
15 61961592 0 1 0 1 10 16 50 41 26 91
15 61962693 0 1 0 1 4 6 25 16 10 41
15 61967438 0 1 0 1 18 14 53 52 32 105
15 62010687 0 1 0 1 4 9 26 23 13 49
15 62012009 0 1 0 0 2 8 0 39 10 39
15 62020641 0 1 0 1 12 16 60 73 28 133
15 62067715 0 1 0 1 34 36 125 163 70 288
15 62164746 0 1 0 1 14 12 46 35 26 81
15 62242565 0 1 0 1 11 5 59 53 16 112
15 62242831 0 1 0 1 16 7 60 62 23 122
15 62243665 0 1 0 1 26 28 95 103 54 198
15 62245673 0 1 0 0 2 9 0 40 11 40
15 62245893 0 1 0 1 9 12 63 67 21 130
15 62247582 0 1 0 1 22 43 138 137 65 275
15 62255120 0 1 0 1 34 37 153 176 71 329
15 62255721 0 1 0 1 8 8 35 48 16 83
15 62260361 0 1 0 1 11 11 45 38 22 83
15 62362014 0 1 0 1 13 5 24 46 18 70
15 62640387 0 1 0 1 12 15 71 78 27 149
15 62752438 0 1 0 1 25 25 119 110 50 229
15 62755458 0 1 0 0 2 10 0 70 12 70
15 62755579 0 1 0 1 18 22 120 137 40 257
15 62755594 0 1 0 1 27 19 153 131 46 284
15 62756002 0 1 0 1 9 5 25 23 14 48
15 62762240 0 1 0 1 9 26 90 78 35 168
15 63056897 0 1 0 1 14 11 67 59 25 126
15 63059488 0 1 0 1 13 16 61 79 29 140
15 63059641 0 1 0 1 17 6 40 50 23 90
15 63059674 0 1 0 1 4 19 40 32 23 72
15 63061561 0 1 0 1 4 8 34 36 12 70
15 63071203 0 1 0 0 6 4 0 44 10 44
15 63121884 0 1 0 1 22 20 70 78 42 148
15 63141567 0 1 0 1 22 27 133 137 49 270
15 63141911 0 1 0 1 8 8 15 21 16 36
15 63157344 0 1 0 1 18 9 77 74 27 151
15 63157481 0 1 0 1 28 19 100 108 47 208
15 63223747 0 1 0 1 12 8 59 28 20 87
15 63223834 0 1 0 1 17 25 106 121 42 227
15 63224067 0 1 0 1 20 19 115 122 39 237
15 63544859 0 1 0 1 6 8 31 32 14 63
15 63553789 0 1 0 0 2 16 0 116 18 116
15 63574079 0 1 0 1 11 10 35 60 21 95
15 63608914 0 1 0 1 13 9 37 34 22 71
15 63616388 0 1 0 1 17 20 86 90 37 176
15 63632862 0 1 0 1 6 10 24 17 16 41
15 63634956 0 1 0 1 7 4 23 30 11 53
15 63637480 0 1 0 0 2 19 0 87 21 87
15 63640314 0 1 0 1 38 29 138 118 67 256
15 63642950 0 1 0 1 12 18 82 95 30 177
15 63654004 0 1 0 1 29 34 150 142 63 292
15 63665906 0 1 0 1 16 12 64 62 28 126
15 63678257 0 1 0 1 24 28 94 110 52 204
15 63692573 0 1 0 1 15 13 58 58 28 116
15 63716142 0 1 0 1 7 4 16 18 11 34
15 63718905 0 1 0 1 10 9 42 40 19 82
15 63723131 0 1 0 1 15 10 25 31 25 56
15 63725599 0 1 0 1 10 11 23 22 21 45
15 63746851 0 1 0 1 6 10 23 44 16 67
15 63764238 0 1 0 1 18 10 84 84 28 168
15 63922755 0 1 0 1 22 32 105 106 54 211
15 63983446 0 1 0 1 18 15 69 69 33 138
15 63991588 0 1 0 0 8 5 0 32 13 32
15 63991594 0 1 0 1 8 4 13 20 12 33
15 64073141 0 1 0 1 16 8 36 33 24 69
15 64075546 0 1 0 1 9 16 31 54 25 85
15 64095853 0 1 0 1 8 4 25 28 12 53
15 64095882 0 1 0 1 7 4 43 38 11 81
15 64118285 0 1 0 1 18 25 68 65 43 133
15 64126198 0 1 0 1 14 18 63 72 32 135
15 64126284 0 1 0 1 14 11 50 60 25 110
15 64136458 0 1 0 1 19 30 87 71 49 158
15 64216564 0 1 0 1 16 19 62 89 35 151
15 64373714 0 1 0 1 20 24 97 93 44 190
15 64414267 0 1 0 0 2 20 0 89 22 89
15 64670431 0 1 0 1 31 36 111 127 67 238
15 64680481 0 1 0 1 11 12 48 31 23 79
15 64741112 0 1 0 1 17 23 60 58 40 118
15 64762334 0 1 0 1 25 18 84 90 43 174
15 64821294 0 1 0 1 51 42 221 205 93 426
15 64822634 0 1 0 1 7 10 21 31 17 52
15 64824396 0 1 0 1 5 5 38 29 10 67
15 64848321 0 1 0 1 7 3 33 25 10 58
15 64848516 0 1 0 1 53 57 199 203 110 402
15 64866189 0 1 0 0 2 19 0 162 21 162
15 64912086 0 1 0 1 11 18 94 86 29 180
15 64916028 0 1 0 1 19 17 96 87 36 183
15 64917619 0 1 0 1 8 28 70 126 36 196
15 64917681 0 1 0 1 4 12 45 52 16 97
15 64943580 0 1 0 1 44 29 103 152 73 255
15 64944678 0 1 0 1 24 22 85 80 46 165
15 64950039 0 1 0 1 12 10 57 71 22 128
15 64951136 0 1 0 1 15 10 54 45 25 99
15 64981061 0 1 0 1 6 14 25 30 20 55
15 65016643 0 1 0 1 4 6 31 12 10 43
15 65029468 0 1 0 0 2 17 0 96 19 96
15 65029600 0 1 0 1 5 5 18 32 10 50
15 65051748 0 1 0 1 9 8 30 33 17 63
15 65055067 0 1 0 1 19 26 133 128 45 261
15 65058405 0 1 0 1 23 29 134 148 52 282
15 65058630 0 1 0 1 18 18 72 71 36 143
15 65059146 0 1 0 1 8 15 46 38 23 84
15 65065096 0 1 0 1 18 14 39 48 32 87
15 65067741 0 1 0 0 2 22 0 137 24 137
15 65077057 0 1 0 1 53 59 233 230 112 463
15 65077193 0 1 0 1 47 34 172 170 81 342
15 65078314 0 1 0 1 17 16 61 54 33 115
15 65185030 0 1 0 1 19 20 99 124 39 223
15 65197542 0 1 0 1 42 78 219 248 120 467
15 65203482 0 1 0 1 23 19 92 106 42 198
15 65203489 0 1 0 1 22 21 94 110 43 204
15 65204137 0 1 0 1 12 10 44 53 22 97
15 65204249 0 1 0 1 35 53 142 165 88 307
15 65205511 0 1 0 1 9 22 60 82 31 142
15 65205553 0 1 0 1 13 13 45 64 26 109
15 65260908 0 1 0 1 22 29 98 81 51 179
15 65329103 0 1 0 1 24 13 79 87 37 166
15 65336036 0 1 0 1 9 7 36 45 16 81
15 65512500 0 1 0 1 21 31 87 78 52 165
15 65562921 0 1 0 0 2 23 0 145 25 145
15 65928484 0 1 0 0 3 34 0 151 37 151
15 66094515 0 1 0 1 21 22 130 110 43 240
15 66118930 0 1 0 1 8 3 22 33 11 55
15 66119013 0 1 0 0 2 20 0 80 22 80
15 66128575 0 1 0 1 22 25 117 102 47 219
15 66503205 0 1 0 1 27 30 118 118 57 236
15 66551822 0 1 0 0 3 28 0 162 31 162
15 66683811 0 1 0 1 6 8 28 33 14 61
15 66683820 0 1 0 1 8 5 33 34 13 67
15 66683912 0 1 0 1 11 18 70 104 29 174
15 66684216 0 1 0 1 20 28 65 102 48 167
15 66685466 0 1 0 1 11 9 50 25 20 75
15 66711503 0 1 0 1 10 6 22 19 16 41
15 66716370 0 1 0 1 13 24 46 70 37 116
15 66780890 0 1 0 1 14 8 29 19 22 48
15 67066140 0 1 0 1 4 11 17 28 15 45
15 67165147 0 1 0 1 21 32 99 108 53 207
15 67184614 0 1 0 1 9 4 34 33 13 67
15 67184632 0 1 0 1 16 6 45 36 22 81
15 67208695 0 1 0 1 19 20 77 62 39 139
15 67209444 0 1 0 1 12 23 67 66 35 133
15 67209639 0 1 0 1 3 7 24 33 10 57
15 67236036 0 1 0 1 18 29 93 84 47 177
15 67254963 0 1 0 1 51 55 282 274 106 556
15 67304477 0 1 0 1 18 19 53 60 37 113
15 67359759 0 1 0 1 18 25 109 107 43 216
15 67421718 0 1 0 1 16 21 59 54 37 113
15 67475904 0 1 0 1 6 4 46 55 10 101
15 67592817 0 1 0 1 11 14 34 55 25 89
15 67692480 0 1 0 1 24 19 93 94 43 187
15 67748505 0 1 0 0 2 18 0 87 20 87
15 67829119 0 1 0 0 2 17 0 92 19 92
15 68278877 0 1 0 1 6 10 36 39 16 75
15 68315757 0 1 0 1 33 21 133 125 54 258
15 68330849 0 1 0 1 16 11 51 52 27 103
15 68402720 0 1 0 1 7 6 13 25 13 38
15 68403109 0 1 0 1 29 29 93 74 58 167
15 68711447 0 1 0 1 8 7 26 21 15 47
15 68801740 0 1 0 1 10 23 39 52 33 91
15 68930573 0 1 0 1 40 35 135 162 75 297
15 69046696 0 1 0 1 4 9 22 25 13 47
15 69047940 0 1 0 1 22 9 78 59 31 137
15 69269179 0 1 0 1 26 15 96 111 41 207
15 69384441 0 1 0 1 3 9 4 33 12 37
15 69384521 0 1 0 1 4 20 5 38 24 43
15 69384534 0 1 0 0 3 21 0 57 24 57
15 69384596 0 1 0 1 4 36 12 132 40 144
15 69384600 0 1 0 1 5 35 17 136 40 153
15 69384620 0 1 0 1 16 35 49 160 51 209
15 69384627 0 1 0 1 6 46 23 207 52 230
15 69384631 0 1 0 1 22 31 76 174 53 250
15 69384636 0 1 0 1 27 30 99 185 57 284
15 70052277 0 1 0 1 10 10 36 25 20 61
15 70053287 0 1 0 1 23 13 96 106 36 202
15 70053532 0 1 0 1 6 4 42 38 10 80
15 70054584 0 1 0 1 34 42 186 160 76 346
15 70056129 0 1 0 1 19 15 45 58 34 103
15 70057405 0 1 0 1 18 21 84 92 39 176
15 70057948 0 1 0 1 6 4 19 26 10 45
15 70058118 0 1 0 1 29 32 126 131 61 257
15 70059310 0 1 0 1 18 32 70 70 50 140
15 70059449 0 1 0 1 26 38 138 127 64 265
15 70076093 0 1 0 1 27 21 94 98 48 192
15 70096845 0 1 0 1 4 6 30 39 10 69
15 70666598 0 1 0 1 9 6 32 28 15 60
15 70667729 0 1 0 1 29 28 106 119 57 225
15 70699586 0 1 0 1 23 29 137 154 52 291
15 70763521 0 1 0 1 12 9 32 49 21 81
15 70832754 0 1 0 1 31 29 107 106 60 213
15 70832865 0 1 0 1 33 40 118 128 73 246
15 70833000 0 1 0 1 35 48 181 165 83 346
15 70852531 0 1 0 1 15 7 25 38 22 63
15 70859747 0 1 0 1 20 20 70 59 40 129
15 70860072 0 1 0 1 10 6 40 36 16 76
15 70891939 0 1 0 1 22 20 95 113 42 208
15 70892156 0 1 0 1 26 41 134 124 67 258
15 71243119 0 1 0 1 27 26 88 89 53 177
15 71411981 0 1 0 1 5 9 37 43 14 80
15 71731083 0 1 0 1 36 38 189 185 74 374
15 71745271 0 1 0 1 18 18 95 71 36 166
15 71748435 0 1 0 1 46 52 237 258 98 495
15 71811395 0 1 0 0 2 11 0 53 13 53
15 71812601 0 1 0 1 3 7 27 20 10 47
15 71852027 0 1 0 1 9 12 45 51 21 96
15 71862525 0 1 0 0 2 21 0 147 23 147
15 71888099 0 1 0 1 16 14 60 54 30 114
15 71951699 0 1 0 0 3 31 0 175 34 175
15 72251340 0 1 0 0 2 19 0 88 21 88
15 72345284 0 1 0 0 2 15 0 62 17 62
15 72665092 0 1 0 1 15 40 48 125 55 173
15 72665159 0 1 0 1 11 32 34 102 43 136
15 72665926 0 1 0 1 19 55 89 237 74 326
15 72666196 0 1 0 1 28 33 76 132 61 208
15 72704264 0 1 0 1 18 31 82 85 49 167
15 73249023 0 1 0 1 8 8 42 42 16 84
15 73249072 0 1 0 0 2 17 0 103 19 103
15 73253558 0 1 0 1 9 10 22 25 19 47
15 73323537 0 1 0 1 59 64 236 248 123 484
15 73324909 0 1 0 1 10 9 30 40 19 70
15 73591941 0 1 0 1 9 7 57 46 16 103
15 73690624 0 1 0 1 17 11 56 46 28 102
15 73699383 0 1 0 1 9 13 22 31 22 53
15 73702465 0 1 0 1 23 32 118 119 55 237
15 73702506 0 1 0 1 20 33 117 114 53 231
15 73702824 0 1 0 1 46 42 179 180 88 359
15 73702832 0 1 0 1 48 38 169 179 86 348
15 73703090 0 1 0 1 39 36 175 184 75 359
15 73703247 0 1 0 1 9 8 33 32 17 65
15 73703262 0 1 0 1 10 6 36 31 16 67
15 73703725 0 1 0 1 24 26 85 94 50 179
15 73703760 0 1 0 1 25 26 109 120 51 229
15 73704018 0 1 0 1 25 27 115 128 52 243
15 73708388 0 1 0 1 25 29 111 108 54 219
15 73709652 0 1 0 1 27 41 109 110 68 219
15 73711192 0 1 0 1 31 50 92 131 81 223
15 73740442 0 1 0 1 65 66 304 293 131 597
15 73881297 0 1 0 1 15 14 40 55 29 95
15 73881327 0 1 0 1 14 16 75 56 30 131
15 73884730 0 1 0 1 15 34 74 63 49 137
15 73885212 0 1 0 1 8 5 26 31 13 57
15 73886264 0 1 0 1 14 17 64 72 31 136
15 73886690 0 1 0 1 10 5 35 45 15 80
15 73888361 0 1 0 1 18 16 73 75 34 148
15 73952003 0 1 0 1 2 10 24 17 12 41
15 73984210 0 1 0 1 25 20 107 107 45 214
15 73985454 0 1 0 1 9 12 59 54 21 113
15 73985683 0 1 0 1 4 7 15 20 11 35
15 73988526 0 1 0 1 11 6 34 48 17 82
15 73990539 0 1 0 1 8 6 34 34 14 68
15 73991868 0 1 0 1 10 6 42 31 16 73
15 73992065 0 1 0 1 5 13 32 39 18 71
15 73998682 0 1 0 1 9 4 31 21 13 52
15 74044292 0 1 0 1 27 24 103 100 51 203
15 74063555 0 1 0 1 2 11 14 40 13 54
15 74063690 0 1 0 1 7 53 36 237 60 273
15 74063981 0 1 0 1 8 12 21 57 20 78
15 74071682 0 1 0 1 11 18 32 72 29 104
15 74071809 0 1 0 1 25 45 87 181 70 268
15 74072059 0 1 0 1 8 9 22 56 17 78
15 74072081 0 1 0 1 6 8 26 49 14 75
15 74072083 0 1 0 1 6 8 28 47 14 75
15 74072084 0 1 0 1 5 8 29 45 13 74
15 74072126 0 1 0 1 3 16 30 67 19 97
15 74072314 0 1 0 1 4 43 24 142 47 166
15 74072332 0 1 0 1 6 48 29 154 54 183
15 74072362 0 1 0 1 25 30 84 136 55 220
15 74073083 0 1 0 1 2 20 14 71 22 85
15 74076152 0 1 0 1 2 9 3 29 11 32
15 74128669 0 1 0 1 12 15 68 94 27 162
15 74135079 0 1 0 0 3 9 0 46 12 46
15 74196057 0 1 0 1 22 16 67 72 38 139
15 74207615 0 1 0 1 21 24 112 116 45 228
15 74207764 0 1 0 1 15 13 52 74 28 126
15 74236644 0 1 0 1 18 23 80 89 41 169
15 74236789 0 1 0 1 20 20 72 72 40 144
15 74268225 0 1 0 1 19 21 89 97 40 186
15 74268435 0 1 0 1 25 31 108 90 56 198
15 74280511 0 1 0 1 6 9 18 17 15 35
15 74295624 0 1 0 1 7 3 19 13 10 32
15 74295683 0 1 0 1 9 11 28 34 20 62
15 74330192 0 1 0 1 8 20 65 69 28 134
15 74330208 0 1 0 1 7 20 61 75 27 136
15 74333122 0 1 0 1 18 27 68 78 45 146
15 74333123 0 1 0 1 17 22 62 79 39 141
15 74339943 0 1 0 1 6 13 34 34 19 68
15 74411588 0 1 0 1 16 26 87 96 42 183
15 74417634 0 1 0 1 41 39 161 156 80 317
15 74450127 0 1 0 1 13 24 91 92 37 183
15 74450628 0 1 0 0 2 10 0 49 12 49
15 74456674 0 1 0 1 15 23 74 73 38 147
15 74543975 0 1 0 1 14 12 59 66 26 125
15 74572693 0 1 0 0 2 11 0 70 13 70
15 74573099 0 1 0 1 24 16 78 80 40 158
15 74591510 0 1 0 1 25 26 145 136 51 281
15 74595855 0 1 0 1 19 21 52 86 40 138
15 74598013 0 1 0 1 14 19 47 76 33 123
15 74619005 0 1 0 1 7 3 22 26 10 48
15 74619016 0 1 0 1 7 4 21 28 11 49
15 74626139 0 1 0 1 8 7 35 36 15 71
15 74627252 0 1 0 1 25 16 69 98 41 167
15 74633080 0 1 0 1 5 16 33 35 21 68
15 74633081 0 1 0 1 5 16 34 33 21 67
15 74655722 0 1 0 1 13 6 38 35 19 73
15 74720646 0 1 0 1 45 40 190 199 85 389
15 74721203 0 1 0 0 2 19 0 143 21 143
15 74830204 0 1 0 0 2 21 0 142 23 142
15 75028547 0 1 0 1 9 16 41 41 25 82
15 75206403 0 1 0 1 35 35 142 179 70 321
15 75269750 0 1 0 1 6 6 23 25 12 48
15 75338221 0 1 0 1 22 37 105 116 59 221
15 75338294 0 1 0 1 7 17 59 68 24 127
15 75339939 0 1 0 1 21 24 99 99 45 198
15 75348082 0 1 0 1 12 9 44 51 21 95
15 75356276 0 1 0 1 22 30 91 81 52 172
15 75368321 0 1 0 1 8 8 30 40 16 70
15 75372229 0 1 0 1 15 10 29 30 25 59
15 75372230 0 1 0 1 15 10 27 29 25 56
15 75399845 0 1 0 1 5 6 23 24 11 47
15 75399962 0 1 0 1 19 17 63 73 36 136
15 75407182 0 1 0 1 15 12 54 58 27 112
15 75410413 0 1 0 1 9 13 79 69 22 148
15 75598271 0 1 0 1 14 19 65 69 33 134
15 75598348 0 1 0 1 13 16 68 69 29 137
15 75617462 0 1 0 1 4 16 49 58 20 107
15 75617536 0 1 0 0 2 18 0 107 20 107
15 75621089 0 1 0 1 12 17 69 69 29 138
15 75639788 0 1 0 1 33 28 123 130 61 253
15 75675473 0 1 0 1 9 10 41 49 19 90
15 75676994 0 1 0 1 23 22 64 63 45 127
15 75677440 0 1 0 1 19 26 81 82 45 163
15 75685579 0 1 0 1 19 20 77 65 39 142
15 75687441 0 1 0 1 57 50 214 242 107 456
15 75687771 0 1 0 1 41 55 182 202 96 384
15 75689166 0 1 0 1 29 41 144 126 70 270
15 75689731 0 1 0 1 15 92 43 315 107 358
15 75689744 0 1 0 1 13 89 34 293 102 327
15 75689886 0 1 0 1 40 45 137 154 85 291
15 75689898 0 1 0 1 37 45 111 155 82 266
15 75712781 0 1 0 0 2 11 0 79 13 79
15 75725111 0 1 0 1 39 36 180 178 75 358
15 75738859 0 1 0 1 9 10 66 66 19 132
15 75739246 0 1 0 1 5 12 44 53 17 97
15 75740948 0 1 0 1 9 10 39 35 19 74
15 75779239 0 1 0 1 5 8 26 33 13 59
15 75783096 0 1 0 1 17 9 52 38 26 90
15 75785428 0 1 0 1 17 12 46 31 29 77
15 75785439 0 1 0 1 22 10 51 27 32 78
15 75785454 0 1 0 1 13 22 29 71 35 100
15 75785476 0 1 0 1 5 26 23 90 31 113
15 75785494 0 1 0 1 7 29 16 102 36 118
15 75785647 0 1 0 1 17 25 73 109 42 182
15 75785651 0 1 0 1 7 39 21 160 46 181
15 75785681 0 1 0 1 7 41 19 144 48 163
15 75785714 0 1 0 1 13 24 49 71 37 120
15 75785774 0 1 0 1 13 22 42 90 35 132
15 75785778 0 1 0 1 15 24 37 92 39 129
15 75785807 0 1 0 1 11 24 30 101 35 131
15 75792534 0 1 0 1 61 61 265 281 122 546
15 75792932 0 1 0 1 13 10 34 40 23 74
15 75793072 0 1 0 1 6 8 30 23 14 53
15 75843853 0 1 0 1 6 4 27 27 10 54
15 75844500 0 1 0 1 33 43 184 184 76 368
15 75890850 0 1 0 1 9 9 42 46 18 88
15 76005791 0 1 0 1 17 9 60 75 26 135
15 76169945 0 1 0 1 7 8 50 40 15 90
15 76337962 0 1 0 1 80 80 334 333 160 667
15 76338686 0 1 0 1 7 3 16 20 10 36
15 76340566 0 1 0 1 30 20 103 141 50 244
15 76340624 0 1 0 1 20 22 88 74 42 162
15 76381375 0 1 0 1 13 10 36 50 23 86
15 76434124 0 1 0 1 30 27 100 127 57 227
15 76883817 0 1 0 1 10 11 46 59 21 105
15 76883859 0 1 0 1 7 11 24 42 18 66
15 76949201 0 1 0 1 16 10 40 40 26 80
15 77007886 0 1 0 0 2 12 0 118 14 118
15 77018385 0 1 0 1 20 19 86 88 39 174
15 77029688 0 1 0 1 9 9 34 34 18 68
15 77030743 0 1 0 0 2 21 0 122 23 122
15 77114772 0 1 0 1 45 55 153 184 100 337
15 77158622 0 1 0 1 15 17 105 63 32 168
15 77178763 0 1 0 1 11 14 43 44 25 87
15 77615193 0 1 0 1 60 72 220 248 132 468
15 77615433 0 1 0 1 89 110 333 357 199 690
15 77615442 0 1 0 1 94 118 346 370 212 716
15 77897069 0 1 0 1 32 28 111 127 60 238
15 77897197 0 1 0 1 26 35 74 137 61 211
15 77901368 0 1 0 1 14 9 49 25 23 74
15 77904188 0 1 0 1 14 9 69 54 23 123
15 77906555 0 1 0 1 24 16 97 84 40 181
15 77908239 0 1 0 1 13 18 61 74 31 135
15 77908252 0 1 0 1 16 23 65 78 39 143
15 77908332 0 1 0 1 10 21 45 59 31 104
15 77908355 0 1 0 1 9 13 35 52 22 87
15 77908365 0 1 0 1 10 8 34 48 18 82
15 77915227 0 1 0 1 2 15 12 96 17 108
15 77915259 0 1 1 1 19 8 100 22 27 122
15 77915283 0 1 0 1 8 18 23 124 26 147
15 77916434 0 1 0 1 10 14 63 64 24 127
15 77916789 0 1 0 1 7 7 17 30 14 47
15 77916965 0 1 0 1 8 12 44 76 20 120
15 77918829 0 1 0 1 9 9 27 31 18 58
15 77919051 0 1 0 1 10 10 45 49 20 94
15 77921633 0 1 0 1 49 33 148 163 82 311
15 77922902 0 1 0 1 4 17 45 70 21 115
15 77925113 0 1 0 0 2 11 0 77 13 77
15 77939286 0 1 0 1 12 13 56 47 25 103
15 77939532 0 1 0 1 11 11 70 82 22 152
15 77939898 0 1 0 1 41 34 157 145 75 302
15 77940630 0 1 0 1 4 9 41 44 13 85
15 77941507 0 1 0 1 30 57 184 172 87 356
15 77942113 0 1 0 1 36 58 163 192 94 355
15 77942119 0 1 0 1 37 62 171 202 99 373
15 77942135 0 1 0 1 39 61 186 203 100 389
15 77942295 0 1 0 1 45 61 208 237 106 445
15 77942494 0 1 0 1 18 16 73 85 34 158
15 77942762 0 1 0 1 63 52 223 227 115 450
15 77976374 0 1 0 1 12 19 55 72 31 127
15 77979828 0 1 0 1 25 20 126 69 45 195
15 77979976 0 1 0 1 161 98 763 375 259 1138
15 78025495 0 1 0 1 12 9 50 46 21 96
15 78044883 0 1 0 1 11 8 50 53 19 103
15 78131249 0 1 0 1 31 20 112 97 51 209
15 78149427 0 1 0 1 7 7 55 43 14 98
15 78159954 0 1 0 1 17 15 58 47 32 105
15 78160380 0 1 0 1 8 4 29 23 12 52
15 78164900 0 1 0 1 15 18 52 60 33 112
15 78166143 0 1 0 1 10 21 58 63 31 121
15 78166455 0 1 0 1 10 10 28 33 20 61
15 78171548 0 1 0 1 10 13 55 78 23 133
15 78173785 0 1 0 1 36 35 130 144 71 274
15 78174255 0 1 0 1 22 16 80 80 38 160
15 78180967 0 1 0 1 15 26 116 98 41 214
15 78182949 0 1 0 0 2 13 0 59 15 59
15 78209091 0 1 0 1 10 11 34 39 21 73
15 78295417 0 1 1 1 9 4 37 5 13 42
15 78438249 0 1 0 1 8 7 70 49 15 119
15 78497146 0 1 0 1 30 39 140 133 69 273
15 78533156 0 1 0 1 5 9 31 21 14 52
15 78533220 0 1 0 1 14 15 78 78 29 156
15 78542347 0 1 0 1 24 15 58 60 39 118
15 78548878 0 1 0 1 14 14 50 61 28 111
15 78565554 0 1 0 1 20 12 51 62 32 113
15 78580777 0 1 0 1 7 3 15 30 10 45
15 78617110 0 1 0 1 20 20 82 93 40 175
15 78617138 0 1 0 1 19 14 84 96 33 180
15 78617197 0 1 0 1 17 8 57 72 25 129
15 78661443 0 1 0 1 4 7 14 20 11 34
15 78729099 0 1 0 1 6 4 23 30 10 53
15 78731073 0 1 0 1 6 10 36 46 16 82
15 78731091 0 1 0 1 9 5 50 36 14 86
15 78731125 0 1 0 1 8 6 42 33 14 75
15 78731235 0 1 0 1 2 9 24 12 11 36
15 78731236 0 1 0 1 2 9 24 13 11 37
15 78731872 0 1 0 1 25 19 70 73 44 143
15 78731926 0 1 0 1 27 27 116 106 54 222
15 78732008 0 1 0 1 30 29 127 115 59 242
15 78732013 0 1 0 1 29 31 119 126 60 245
15 78732280 0 1 0 1 27 28 108 116 55 224
15 78732725 0 1 0 1 11 14 49 46 25 95
15 78733574 0 1 0 1 2 9 17 27 11 44
15 78733577 0 1 0 1 2 9 19 28 11 47
15 78733659 0 1 0 1 6 11 34 45 17 79
15 78733727 0 1 0 1 17 10 78 49 27 127
15 78733742 0 1 0 1 8 18 42 86 26 128
15 78733797 0 1 0 1 4 25 29 130 29 159
15 78733815 0 1 0 1 5 28 29 135 33 164
15 78733841 0 1 0 1 5 30 27 129 35 156
15 78733935 0 1 0 1 8 11 17 66 19 83
15 78733936 0 1 0 1 8 11 18 69 19 87
15 78733973 0 1 0 1 12 14 35 62 26 97
15 78733974 0 1 0 1 12 14 38 62 26 100
15 78734093 0 1 0 1 8 17 33 59 25 92
15 78734095 0 1 0 1 8 16 32 61 24 93
15 78734154 0 1 0 1 15 15 33 71 30 104
15 78734187 0 1 0 1 15 11 39 66 26 105
15 78734199 0 1 0 1 13 13 43 70 26 113
15 78740886 0 1 0 1 10 4 27 31 14 58
15 78752204 0 1 0 0 2 19 0 78 21 78
15 78753175 0 1 0 1 49 45 192 198 94 390
15 78753474 0 1 0 1 11 12 51 71 23 122
15 78762569 0 1 0 1 6 14 36 55 20 91
15 78762577 0 1 0 1 5 12 35 49 17 84
15 78762590 0 1 0 1 7 12 39 43 19 82
15 78771132 0 1 0 1 22 11 56 63 33 119
15 78771738 0 1 0 1 26 29 120 127 55 247
15 78771801 0 1 0 1 26 38 114 154 64 268
15 78773042 0 1 0 1 4 18 24 86 22 110
15 78773052 0 1 0 1 3 21 20 98 24 118
15 78773337 0 1 0 1 4 31 23 127 35 150
15 78773339 0 1 0 1 5 31 25 124 36 149
15 78776779 0 1 0 1 23 15 93 74 38 167
15 78777392 0 1 0 1 29 14 91 80 43 171
15 78791034 0 1 0 1 10 8 48 24 18 72
15 78791249 0 1 0 1 11 19 51 51 30 102
15 78796665 0 1 0 1 22 35 142 141 57 283
15 78796769 0 1 0 1 7 13 51 38 20 89
15 78798264 0 1 0 1 6 6 39 24 12 63
15 78800408 0 1 0 1 42 44 184 192 86 376
15 78998920 0 1 0 1 23 15 105 85 38 190
15 79004211 0 1 0 1 29 20 158 149 49 307
15 79017995 0 1 0 1 22 30 103 99 52 202
15 79058498 0 1 0 1 23 31 152 125 54 277
15 79064400 0 1 0 1 10 5 37 46 15 83
15 79209754 0 1 0 1 30 26 119 106 56 225
15 79294019 0 1 0 1 34 31 109 142 65 251
15 79382959 0 1 0 1 23 13 55 76 36 131
15 79457047 0 1 0 1 20 25 119 100 45 219
15 79457195 0 1 0 1 23 45 122 125 68 247
15 79463043 0 1 0 1 42 39 173 143 81 316
15 79463262 0 1 0 1 36 33 113 166 69 279
15 79559313 0 1 0 1 18 16 85 67 34 152
15 79560136 0 1 0 1 11 16 52 60 27 112
15 79560175 0 1 0 1 23 12 54 65 35 119
15 79743228 0 1 0 1 7 11 31 36 18 67
15 79743413 0 1 0 1 19 13 68 75 32 143
15 79757266 0 1 0 1 4 6 27 26 10 53
15 79899001 0 1 0 1 29 24 93 112 53 205
15 79899146 0 1 0 1 11 9 34 41 20 75
15 79923255 0 1 0 1 13 15 57 51 28 108
15 79923673 0 1 0 1 17 21 142 144 38 286
15 80073403 0 1 0 1 3 8 27 25 11 52
15 80121652 0 1 0 1 15 11 48 33 26 81
15 80152950 0 1 0 1 16 11 61 68 27 129
15 80158047 0 1 0 1 19 18 76 76 37 152
15 80159671 0 1 0 1 37 37 134 154 74 288
15 80159830 0 1 0 1 48 40 168 168 88 336
15 80160544 0 1 0 1 13 26 88 98 39 186
15 80162403 0 1 0 1 24 15 75 84 39 159
15 80175284 0 1 0 1 10 5 34 41 15 75
15 80180089 0 1 0 1 28 22 95 102 50 197
15 80186303 0 1 0 1 12 27 64 94 39 158
15 80379968 0 1 0 1 28 32 108 124 60 232
15 80380164 0 1 0 1 17 22 89 91 39 180
15 80397993 0 1 0 1 40 37 144 155 77 299
15 80458215 0 1 0 1 11 4 42 22 15 64
15 80552795 0 1 0 1 16 15 56 80 31 136
15 80552796 0 1 0 1 16 16 56 80 32 136
15 80575139 0 1 0 1 16 26 112 119 42 231
15 80575188 0 1 0 1 13 23 59 76 36 135
15 80593850 0 1 0 1 8 16 43 34 24 77
15 80887585 0 1 0 1 12 13 50 47 25 97
15 80901049 0 1 0 1 22 32 106 99 54 205
15 80906895 0 1 0 1 17 17 71 70 34 141
15 80922270 0 1 0 1 8 3 40 39 11 79
15 80933151 0 1 0 1 7 9 60 64 16 124
15 80979065 0 1 0 1 7 7 25 20 14 45
15 80979216 0 1 0 1 22 18 95 119 40 214
15 80989559 0 1 0 1 31 43 124 160 74 284
15 81117765 0 1 0 1 22 27 76 79 49 155
15 81117861 0 1 0 1 32 31 97 109 63 206
15 81118147 0 1 0 1 12 16 49 59 28 108
15 81143450 0 1 0 1 20 11 50 72 31 122
15 81183061 0 1 0 1 7 8 28 22 15 50
15 81332588 0 1 0 1 36 56 205 223 92 428
15 82095521 0 1 0 1 32 40 127 143 72 270
15 82095610 0 1 0 1 27 24 74 88 51 162
15 82151598 0 1 0 1 24 41 123 114 65 237
15 82157565 0 1 0 1 7 5 13 24 12 37
15 82157927 0 1 0 1 11 5 39 29 16 68
15 82220088 0 1 0 1 18 12 68 75 30 143
15 82227302 0 1 0 1 2 8 17 15 10 32
15 82238289 0 1 0 1 28 30 115 118 58 233
15 82252586 0 1 0 1 14 16 56 48 30 104
15 82262901 0 1 0 1 18 14 66 85 32 151
15 82282538 0 1 0 1 23 13 69 74 36 143
15 82300982 0 1 0 1 23 41 124 159 64 283
15 82301095 0 1 0 1 38 53 208 241 91 449
15 82316302 0 1 0 1 24 15 124 92 39 216
15 82320544 0 1 0 0 2 11 0 55 13 55
15 82322657 0 1 0 1 9 8 31 25 17 56
15 82322689 0 1 0 1 7 6 37 24 13 61
15 82327758 0 1 0 0 2 13 0 64 15 64
15 82342829 0 1 0 1 10 51 34 186 61 220
15 82343155 0 1 0 1 35 24 132 138 59 270
15 82345216 0 1 0 1 20 29 85 134 49 219
15 82345389 0 1 0 1 14 37 51 210 51 261
15 82345980 0 1 0 1 8 27 34 74 35 108
15 82345981 0 1 0 1 8 27 34 71 35 105
15 82347747 0 1 0 1 15 7 60 21 22 81
15 82391965 0 1 0 1 7 4 17 24 11 41
15 82431812 0 1 0 1 3 10 20 45 13 65
15 82431921 0 1 0 1 3 15 42 48 18 90
15 82432785 0 1 0 1 6 13 16 61 19 77
15 82432897 0 1 0 0 2 20 0 111 22 111
15 82434075 0 1 0 1 8 6 25 56 14 81
15 82462841 0 1 0 1 49 21 208 91 70 299
15 82462988 0 1 0 1 4 13 9 70 17 79
15 82474965 0 1 0 1 18 10 65 33 28 98
15 82474978 0 1 0 1 15 11 66 39 26 105
15 82477375 0 1 0 1 9 17 44 57 26 101
15 82523860 0 1 0 1 3 21 9 68 24 77
15 82524937 0 1 0 1 5 5 14 45 10 59
15 82538000 0 1 0 1 17 25 102 103 42 205
15 82538982 0 1 0 1 14 18 85 64 32 149
15 82539015 0 1 0 1 17 16 89 65 33 154
15 82546384 0 1 0 1 12 6 40 35 18 75
15 82546501 0 1 0 1 16 24 102 108 40 210
15 82552642 0 1 0 1 16 30 78 96 46 174
15 82628387 0 1 0 1 21 16 79 60 37 139
15 82662403 0 1 0 1 6 8 27 34 14 61
15 82665667 0 1 0 1 26 32 127 114 58 241
15 82759440 0 1 0 1 45 45 129 177 90 306
15 82849778 0 1 0 1 26 18 96 70 44 166
15 82851476 0 1 0 1 7 7 23 22 14 45
15 82852284 0 1 0 1 29 39 105 133 68 238
15 82854616 0 1 0 1 26 21 72 74 47 146
15 82875206 0 1 0 1 5 7 17 11 12 28
15 82892543 0 1 0 1 7 10 19 26 17 45
15 82892854 0 1 0 1 37 55 215 173 92 388
15 82990564 0 1 0 1 3 11 3 30 14 33
15 83011535 0 1 0 1 16 14 66 69 30 135
15 83049999 0 1 0 0 2 23 0 107 25 107
15 83151216 0 1 0 0 2 21 0 98 23 98
15 83164182 0 1 0 1 9 10 38 41 19 79
15 83576532 0 1 0 0 2 21 0 115 23 115
15 83609087 0 1 0 1 4 10 34 20 14 54
15 83773499 0 1 0 1 2 11 7 46 13 53
15 83804779 0 1 0 1 2 8 29 19 10 48
15 83819777 0 1 0 1 12 8 33 48 20 81
15 83819884 0 1 0 1 20 13 103 92 33 195
15 83838323 0 1 0 1 12 10 37 41 22 78
15 83897692 0 1 0 1 7 14 41 33 21 74
15 83899752 0 1 0 1 12 24 104 106 36 210
15 83913152 0 1 0 1 27 19 116 117 46 233
15 83913372 0 1 0 1 28 30 130 130 58 260
15 83942878 0 1 0 1 33 44 153 119 77 272
15 83982433 0 1 0 1 33 31 141 150 64 291
15 83982538 0 1 0 1 52 42 197 199 94 396
15 84031290 0 1 0 1 15 14 51 54 29 105
15 84053386 0 1 0 0 2 18 0 119 20 119
15 84170258 0 1 0 1 18 11 61 39 29 100
15 84182086 0 1 0 1 6 8 24 30 14 54
15 84240169 0 1 0 1 3 6 6 26 9 32
15 84389832 0 1 0 0 2 15 0 77 17 77
15 84393807 0 1 0 1 11 14 55 57 25 112
15 84399551 0 1 0 1 9 8 35 32 17 67
15 84403328 0 1 0 1 9 10 44 43 19 87
15 84424465 0 1 0 1 9 6 20 48 15 68
15 84424553 0 1 0 1 4 43 22 168 47 190
15 84424563 0 1 0 1 9 35 41 151 44 192
15 84483549 0 1 0 1 4 14 17 56 18 73
15 84483631 0 1 0 1 34 15 134 55 49 189
15 84483639 0 1 0 1 15 37 58 146 52 204
15 84657489 0 1 0 0 2 17 0 124 19 124
15 84860109 0 1 0 1 17 16 36 81 33 117
15 84864241 0 1 0 1 4 9 25 13 13 38
15 84894887 0 1 0 1 7 10 25 51 17 76
15 84895338 0 1 0 1 23 25 87 106 48 193
15 84903989 0 1 0 1 7 6 35 36 13 71
15 84905453 0 1 0 1 16 13 70 58 29 128
15 84905675 0 1 0 1 39 45 155 169 84 324
15 84905812 0 1 0 1 10 6 31 35 16 66
15 84920699 0 1 0 1 5 9 12 19 14 31
15 84920705 0 1 0 1 6 6 13 21 12 34
15 85076017 0 1 0 1 27 18 121 103 45 224
15 85089482 0 1 0 0 2 17 0 69 19 69
15 85090614 0 1 0 1 11 13 55 67 24 122
15 85090696 0 1 0 0 2 11 0 74 13 74
15 85113337 0 1 0 1 24 21 74 95 45 169
15 85115958 0 1 0 0 3 29 0 111 32 111
15 85178681 0 1 0 1 14 19 63 70 33 133
15 85178761 0 1 0 1 14 5 40 41 19 81
15 85204210 0 1 0 1 22 15 67 60 37 127
15 85244679 0 1 0 1 6 29 22 101 35 123
15 85244845 0 1 0 1 2 11 5 49 13 54
15 85244846 0 1 0 1 2 10 6 47 12 53
15 85245007 0 1 0 1 2 15 8 32 17 40
15 85255025 0 1 0 1 4 13 40 89 17 129
15 85255684 0 1 0 1 5 12 41 58 17 99
15 85262288 0 1 0 1 2 11 29 26 13 55
15 85264443 0 1 0 1 13 23 63 70 36 133
15 85267450 0 1 0 1 4 9 22 28 13 50
15 85274213 0 1 0 1 8 6 15 14 14 29
15 85485866 0 1 0 1 10 8 27 19 18 46
15 85543981 0 1 0 1 41 40 179 185 81 364
15 85580231 0 1 0 1 29 26 140 110 55 250
15 85581385 0 1 0 1 44 41 147 191 85 338
15 85662247 0 1 0 1 12 11 44 53 23 97
15 85662292 0 1 0 1 16 17 63 77 33 140
15 85710537 0 1 0 1 6 14 52 70 20 122
15 85710680 0 1 0 1 12 26 76 86 38 162
15 85717469 0 1 0 1 16 19 50 90 35 140
15 85717897 0 1 0 1 14 9 26 32 23 58
15 85735248 0 1 0 1 23 22 111 97 45 208
15 85735366 0 1 0 1 11 15 44 37 26 81
15 85741586 0 1 0 1 13 11 64 71 24 135
15 85743444 0 1 0 1 20 21 75 95 41 170
15 85744636 0 1 0 1 14 17 64 72 31 136
15 85744679 0 1 0 1 12 11 43 46 23 89
15 85769817 0 1 0 1 45 42 225 214 87 439
15 85825728 0 1 0 1 4 7 24 18 11 42
15 86256978 0 1 0 1 29 31 117 157 60 274
15 86262798 0 1 0 1 34 33 146 149 67 295
15 86264530 0 1 0 1 18 24 104 98 42 202
15 86266576 0 1 0 1 15 8 45 42 23 87
15 86271635 0 1 0 1 20 13 75 70 33 145
15 86397391 0 1 0 1 37 39 160 168 76 328
15 86554237 0 1 0 1 8 9 18 15 17 33
15 86554661 0 1 0 1 11 9 25 28 20 53
15 86556306 0 1 0 1 21 27 101 118 48 219
15 87668715 0 1 0 1 2 8 27 19 10 46
15 87876783 0 1 0 1 2 8 3 29 10 32
15 87876784 0 1 0 1 3 10 6 30 13 36
15 87880232 0 1 0 1 15 9 34 37 24 71
15 88135449 0 1 0 1 7 10 38 46 17 84
15 88137453 0 1 0 1 20 17 70 64 37 134
15 88838528 0 1 0 0 2 14 0 71 16 71
15 88839775 0 1 0 1 13 16 75 59 29 134
15 88841920 0 1 0 1 27 31 128 119 58 247
15 88845689 0 1 0 1 46 47 188 202 93 390
15 88847203 0 1 0 1 6 4 27 22 10 49
15 88847929 0 1 0 1 23 27 133 120 50 253
15 88849514 0 1 0 1 33 28 136 98 61 234
15 88854874 0 1 0 1 25 27 111 125 52 236
15 88855099 0 1 0 1 45 30 139 146 75 285
15 88855176 0 1 0 1 33 32 152 165 65 317
15 88855374 0 1 0 1 42 41 179 179 83 358
15 88855400 0 1 0 1 36 37 192 179 73 371
15 88855594 0 1 0 1 7 12 36 47 19 83
15 88856792 0 1 0 1 19 65 90 278 84 368
15 88857108 0 1 0 1 48 55 185 207 103 392
15 88857878 0 1 0 1 43 33 185 180 76 365
15 88858384 0 1 0 1 33 44 159 142 77 301
15 88858552 0 1 0 1 16 36 101 105 52 206
15 88858820 0 1 0 1 15 22 79 93 37 172
15 88859008 0 1 0 1 63 49 178 199 112 377
15 88859365 0 1 0 1 40 42 129 141 82 270
15 88872016 0 1 0 1 48 58 192 257 106 449
15 88906611 0 1 0 0 2 23 0 163 25 163
15 88960496 0 1 0 1 8 11 33 24 19 57
15 89116194 0 1 0 1 4 6 25 21 10 46
15 89116220 0 1 0 1 8 8 26 22 16 48
15 89116236 0 1 0 1 9 7 31 23 16 54
15 89201234 0 1 0 0 2 21 0 121 23 121
15 89260812 0 1 0 1 31 25 114 125 56 239
15 89260880 0 1 0 1 25 15 75 80 40 155
15 89263479 0 1 0 1 20 19 98 127 39 225
15 89263490 0 1 0 1 20 22 100 123 42 223
15 89268312 0 1 0 1 5 6 15 18 11 33
15 89283265 0 1 0 1 37 29 103 129 66 232
15 89292997 0 1 0 1 18 19 68 61 37 129
15 89301457 0 1 0 1 17 10 61 58 27 119
15 89314467 0 1 0 1 6 8 19 10 14 29
15 89317196 0 1 0 1 8 13 53 33 21 86
15 89317555 0 1 0 1 20 19 88 69 39 157
15 89319110 0 1 0 1 48 54 197 213 102 410
15 89319135 0 1 0 1 42 56 187 197 98 384
15 89320697 0 1 0 1 11 7 32 35 18 67
15 89323723 0 1 0 1 4 8 14 20 12 34
15 89323923 0 1 0 1 35 30 93 87 65 180
15 89326502 0 1 0 1 18 10 52 36 28 88
15 89328268 0 1 0 1 9 4 43 35 13 78
15 89333005 0 1 0 1 13 22 85 58 35 143
15 89480327 0 1 0 1 60 62 230 245 122 475
15 89486083 0 1 0 0 2 10 0 56 12 56
15 89486605 0 1 0 1 7 33 15 79 40 94
15 89575536 0 1 0 1 9 10 40 60 19 100
15 89576383 0 1 0 1 13 23 97 113 36 210
15 89582890 0 1 0 1 20 31 101 89 51 190
15 89584236 0 1 0 1 5 7 29 29 12 58
15 89585603 0 1 0 1 9 13 35 40 22 75
15 89585679 0 1 0 1 26 20 98 93 46 191
15 89585735 0 1 0 1 23 33 128 141 56 269
15 89591941 0 1 0 1 10 12 70 48 22 118
15 89609064 0 1 0 0 2 14 0 64 16 64
15 89616344 0 1 0 1 19 16 89 84 35 173
15 89621679 0 1 0 1 3 12 53 46 15 99
15 89625462 0 1 0 1 31 46 169 154 77 323
15 89626100 0 1 0 1 25 36 156 148 61 304
15 89627006 0 1 0 1 29 38 133 113 67 246
15 89628902 0 1 0 1 32 28 117 112 60 229
15 89629603 0 1 0 1 31 24 116 111 55 227
15 89631558 0 1 0 1 9 9 49 45 18 94
15 89631593 0 1 0 1 13 14 70 74 27 144
15 89631724 0 1 0 1 21 19 79 101 40 180
15 89631884 0 1 0 1 5 6 27 24 11 51
15 89633026 0 1 0 0 2 22 0 102 24 102
15 89633926 0 1 0 1 25 22 79 102 47 181
15 89633928 0 1 0 1 20 24 103 77 44 180
15 89646817 0 1 0 1 7 11 43 36 18 79
15 89652481 0 1 0 1 13 11 69 61 24 130
15 89652777 0 1 0 1 19 19 118 87 38 205
15 89667026 0 1 0 1 29 23 97 97 52 194
15 89686328 0 1 0 0 2 21 0 91 23 91
15 89701943 0 1 0 1 14 11 61 73 25 134
15 89702022 0 1 0 1 6 6 32 32 12 64
15 89703105 0 1 0 1 28 26 127 141 54 268
15 89705588 0 1 0 1 20 19 71 58 39 129
15 89727336 0 1 0 1 7 5 44 49 12 93
15 89729839 0 1 0 1 11 16 50 56 27 106
15 89750445 0 1 0 0 2 22 0 103 24 103
15 89750545 0 1 0 1 29 20 92 87 49 179
15 89750563 0 1 0 1 29 19 88 84 48 172
15 89750575 0 1 0 1 29 19 79 79 48 158
15 89750996 0 1 0 1 22 16 73 95 38 168
15 89751075 0 1 0 1 10 11 51 65 21 116
15 89776930 0 1 0 1 3 21 16 95 24 111
15 89785320 0 1 0 1 20 21 77 86 41 163
15 89790287 0 1 0 1 7 5 15 23 12 38
15 89790334 0 1 0 1 13 5 31 46 18 77
15 89790385 0 1 0 1 22 13 69 74 35 143
15 89790749 0 1 0 1 12 10 49 59 22 108
15 89791009 0 1 0 1 50 53 215 224 103 439
15 89791114 0 1 0 1 34 28 139 151 62 290
15 89791184 0 1 0 1 14 18 64 77 32 141
15 89791246 0 1 0 1 7 8 24 36 15 60
15 89792020 0 1 0 1 7 4 25 25 11 50
15 89792148 0 1 0 1 28 39 115 129 67 244
15 89792557 0 1 0 1 26 25 116 99 51 215
15 89792682 0 1 0 1 6 4 23 17 10 40
15 89792688 0 1 0 1 7 5 21 18 12 39
15 89793142 0 1 0 1 14 17 56 80 31 136
15 89801035 0 1 0 1 27 29 148 139 56 287
15 89803630 0 1 0 1 34 33 153 148 67 301
15 89804100 0 1 0 1 5 12 48 46 17 94
15 89804107 0 1 0 1 4 10 48 46 14 94
15 89804552 0 1 0 1 37 40 129 164 77 293
15 89804561 0 1 0 1 31 35 124 153 66 277
15 89804583 0 1 0 1 23 25 92 119 48 211
15 89806230 0 1 0 1 62 75 228 266 137 494
15 89806327 0 1 0 1 70 82 229 275 152 504
15 90067575 0 1 0 1 48 40 181 206 88 387
15 90079820 0 1 0 1 17 24 91 71 41 162
15 90084384 0 1 0 1 22 14 91 87 36 178
15 90087660 0 1 0 1 7 4 22 31 11 53
15 90091459 0 1 0 1 12 13 61 56 25 117
15 90214919 0 1 0 1 27 37 87 96 64 183
15 90220053 0 1 0 1 15 6 33 56 21 89
15 90220971 0 1 0 1 19 27 84 139 46 223
15 90220987 0 1 0 1 23 25 102 151 48 253
15 90221116 0 1 0 1 35 53 179 202 88 381
15 90221127 0 1 0 1 38 48 183 208 86 391
15 90221872 0 1 0 1 17 13 73 68 30 141
15 90224102 0 1 0 1 9 5 26 33 14 59
15 90229261 0 1 0 1 50 63 267 226 113 493
15 90240825 0 1 0 1 5 5 19 16 10 35
15 90262797 0 1 0 1 24 18 84 77 42 161
15 90271432 0 1 0 1 20 28 100 128 48 228
15 90291879 0 1 0 1 6 4 32 20 10 52
15 90292092 0 1 0 1 11 6 40 35 17 75
15 90294301 0 1 0 1 13 5 32 39 18 71
15 90294809 0 1 0 1 13 12 50 52 25 102
15 90295161 0 1 0 1 11 19 81 62 30 143
15 90295723 0 1 0 1 10 4 40 35 14 75
15 90349061 0 1 0 1 33 26 99 82 59 181
15 90360079 0 1 0 1 24 14 70 60 38 130
15 90388225 0 1 0 1 18 9 47 57 27 104
15 90426103 0 1 0 1 9 22 91 83 31 174
15 90449422 0 1 0 1 9 7 27 26 16 53
15 90449784 0 1 0 1 16 16 86 64 32 150
15 90456483 0 1 0 1 11 5 33 35 16 68
15 90465960 0 1 0 1 15 11 69 64 26 133
15 90466149 0 1 0 1 33 30 137 123 63 260
15 90466252 0 1 0 1 23 33 103 94 56 197
15 90497493 0 1 0 1 6 11 33 34 17 67
15 90539954 0 1 0 1 13 13 37 52 26 89
15 90540121 0 1 0 1 18 28 114 104 46 218
15 90634945 0 1 0 0 2 9 0 47 11 47
15 90769593 0 1 0 1 8 10 39 36 18 75
15 90804525 0 1 0 1 6 7 12 16 13 28
15 90811552 0 1 0 1 6 9 37 32 15 69
15 90877710 0 1 0 1 11 23 58 86 34 144
15 90877743 0 1 0 1 11 19 56 62 30 118
15 90877790 0 1 0 0 2 13 0 86 15 86
15 90878053 0 1 0 1 9 10 43 31 19 74
15 90879313 0 1 0 1 11 24 62 64 35 126
15 90880313 0 1 0 1 12 14 46 49 26 95
15 90882002 0 1 0 1 7 3 19 30 10 49
15 90884967 0 1 0 1 6 4 27 19 10 46
15 90885060 0 1 0 1 12 16 67 56 28 123
15 90885359 0 1 0 1 44 45 145 180 89 325
15 90885406 0 1 0 1 35 39 131 156 74 287
15 90885725 0 1 0 1 13 14 53 69 27 122
15 90887387 0 1 0 1 6 9 41 32 15 73
15 90890035 0 1 0 1 14 10 40 39 24 79
15 90892192 0 1 0 1 10 13 58 51 23 109
15 90894158 0 1 0 1 16 18 60 74 34 134
15 90905785 0 1 0 1 57 43 217 198 100 415
15 90906580 0 1 0 1 20 19 76 79 39 155
15 90907120 0 1 0 1 15 14 59 59 29 118
15 90907211 0 1 0 1 9 13 83 60 22 143
15 90909365 0 1 0 1 25 31 91 109 56 200
15 90912388 0 1 0 1 23 33 110 105 56 215
15 90912872 0 1 0 1 42 20 108 118 62 226
15 90931508 0 1 0 1 36 37 186 191 73 377
15 90935314 0 1 0 1 13 26 42 39 39 81
15 90935824 0 1 0 1 20 21 107 82 41 189
15 90939705 0 1 0 1 19 13 78 79 32 157
15 90940162 0 1 0 1 5 5 25 36 10 61
15 90940301 0 1 0 1 38 37 107 98 75 205
15 90942433 0 1 0 1 14 7 55 50 21 105
15 90947664 0 1 0 1 11 7 21 26 18 47
15 90957030 0 1 0 1 6 13 22 38 19 60
15 90959819 0 1 0 1 10 6 49 69 16 118
15 90960522 0 1 0 1 16 18 42 48 34 90
15 90960969 0 1 0 1 42 24 129 134 66 263
15 90969037 0 1 0 1 20 32 96 91 52 187
15 90974550 0 1 0 1 13 7 67 96 20 163
15 90980483 0 1 0 1 19 8 73 79 27 152
15 90981967 0 1 0 1 24 30 110 105 54 215
15 90984221 0 1 0 1 8 5 45 26 13 71
15 90984840 0 1 0 1 9 15 60 70 24 130
15 91000531 0 1 0 1 23 18 92 86 41 178
15 91005371 0 1 0 1 11 16 70 67 27 137
15 91017137 0 1 0 1 9 18 33 52 27 85
15 91017952 0 1 0 1 10 10 54 48 20 102
15 91226235 0 1 0 1 19 19 79 69 38 148
15 91268710 0 1 0 1 5 6 27 46 11 73
15 91750644 0 1 0 1 4 9 7 21 13 28
15 91916028 0 1 0 1 49 39 175 158 88 333
15 92434440 0 1 0 1 12 12 44 36 24 80
15 92472197 0 1 0 1 5 12 62 50 17 112
15 92472898 0 1 0 1 17 13 64 75 30 139
15 92500315 0 1 0 1 20 29 91 104 49 195
15 92655283 0 1 0 1 18 11 58 74 29 132
15 92712089 0 1 0 1 17 16 52 56 33 108
15 92712393 0 1 0 1 5 6 22 17 11 39
15 92904401 0 1 0 1 19 20 112 123 39 235
15 92937806 0 1 0 1 9 5 31 37 14 68
15 92944624 0 1 0 1 5 8 23 20 13 43
15 92967373 0 1 0 1 18 13 66 55 31 121
15 92972209 0 1 0 1 19 18 52 50 37 102
15 92978374 0 1 0 1 29 25 90 104 54 194
15 92978421 0 1 0 1 15 18 56 77 33 133
15 92991330 0 1 0 0 2 18 0 99 20 99
15 93000726 0 1 0 1 9 12 59 51 21 110
15 93009100 0 1 0 1 16 23 91 104 39 195
15 93045059 0 1 0 1 20 26 130 111 46 241
15 93066143 0 1 0 0 2 13 0 106 15 106
15 93066231 0 1 0 1 19 14 74 86 33 160
15 93073704 0 1 0 1 61 59 256 306 120 562
15 93073746 0 1 0 1 40 41 189 230 81 419
15 93206654 0 1 0 1 30 20 80 97 50 177
15 93430829 0 1 0 1 21 13 73 71 34 144
15 93760903 0 1 0 1 8 7 27 53 15 80
15 93760960 0 1 0 1 15 17 57 80 32 137
15 93866780 0 1 0 1 10 7 26 42 17 68
15 93867067 0 1 0 1 18 21 80 79 39 159
15 94033804 0 1 0 1 6 9 17 12 15 29
15 94314606 0 1 0 1 5 6 18 14 11 32
15 94315457 0 1 0 1 17 11 48 33 28 81
15 94315660 0 1 0 1 32 36 147 124 68 271
15 94315751 0 1 0 1 16 23 72 66 39 138
15 94315822 0 1 0 1 9 6 18 33 15 51
15 94370277 0 1 0 1 9 6 30 29 15 59
15 94402095 0 1 0 1 5 6 41 31 11 72
15 94402490 0 1 0 1 10 13 67 77 23 144
15 94855496 0 1 0 1 51 35 194 228 86 422
15 94855638 0 1 0 1 50 67 214 253 117 467
15 94856062 0 1 0 1 30 63 160 173 93 333
15 94856457 0 1 0 1 11 7 27 33 18 60
15 96757638 0 1 0 1 20 14 47 36 34 83
15 96757965 0 1 0 1 23 24 96 96 47 192
15 97427733 0 1 0 1 13 16 68 77 29 145
15 97960870 0 1 0 1 9 18 48 57 27 105
15 97961092 0 1 0 1 6 9 23 25 15 48
15 97961096 0 1 0 1 5 8 26 24 13 50
15 97969201 0 1 0 1 25 27 134 115 52 249
15 97970615 0 1 0 1 17 17 81 55 34 136
15 97971052 0 1 0 1 20 8 62 60 28 122
15 98268051 0 1 0 1 4 9 34 35 13 69
15 98451852 0 1 0 1 34 20 132 121 54 253
15 98708127 0 1 0 1 19 7 41 48 26 89
15 98913024 0 1 0 1 18 20 97 94 38 191
15 98924705 0 1 0 1 20 22 79 78 42 157
15 98929505 0 1 0 1 24 22 99 124 46 223
15 98934996 0 1 0 1 39 44 154 161 83 315
15 98935222 0 1 0 1 7 8 33 38 15 71
15 98935484 0 1 0 1 29 30 122 119 59 241
15 98957027 0 1 0 1 32 19 117 130 51 247
15 99001200 0 1 0 1 10 9 27 16 19 43
15 99257663 0 1 0 1 10 15 47 56 25 103
15 99258200 0 1 0 1 7 8 35 33 15 68
15 99259545 0 1 0 1 39 36 129 130 75 259
15 99260161 0 1 0 1 3 8 26 21 11 47
15 99276550 0 1 0 1 5 7 34 42 12 76
15 99285836 0 1 0 1 12 10 37 36 22 73
15 99674753 0 1 0 1 6 4 21 22 10 43
15 99703467 0 1 0 1 18 10 54 57 28 111
15 99706629 0 1 0 1 19 26 89 83 45 172
15 99706731 0 1 0 1 50 67 235 245 117 480
15 99791077 0 1 0 1 16 27 100 105 43 205
15 99791547 0 1 0 1 34 19 118 123 53 241
15 99791595 0 1 0 1 38 22 147 146 60 293
15 99791756 0 1 0 1 56 47 219 189 103 408
15 99792010 0 1 0 1 45 44 219 210 89 429
15 99792538 0 1 0 1 54 84 253 340 138 593
15 99792594 0 1 0 1 26 162 68 673 188 741
15 99792602 0 1 0 1 26 162 77 696 188 773
15 99792672 0 1 0 1 66 95 272 384 161 656
15 99792784 0 1 0 1 31 33 129 135 64 264
15 99792870 0 1 0 1 25 24 105 102 49 207
15 99799692 0 1 0 1 68 91 282 448 159 730
15 99799733 0 1 0 1 58 95 208 444 153 652
15 99799755 0 1 0 1 34 113 134 558 147 692
15 99799779 0 1 0 1 20 131 70 581 151 651
15 99799867 0 1 0 1 37 114 122 421 151 543
15 99799892 0 1 0 1 31 108 107 499 139 606
15 99799954 0 1 0 1 52 70 224 259 122 483
15 99799970 0 1 0 1 23 66 42 354 89 396
15 99799971 0 1 0 1 19 69 35 355 88 390
15 99799973 0 1 0 1 13 53 75 257 66 332
15 99799974 0 1 0 1 19 68 38 333 87 371
15 99799981 0 1 0 1 9 87 52 331 96 383
15 99800012 0 1 0 1 7 79 38 309 86 347
15 99800091 0 1 0 1 43 76 141 237 119 378
15 99800103 0 1 0 1 33 72 62 280 105 342
15 99800111 0 1 0 1 68 25 219 122 93 341
15 99800188 0 1 0 1 37 28 145 136 65 281
15 99800208 0 1 0 1 30 42 136 164 72 300
15 99800279 0 1 0 1 21 27 81 95 48 176
15 99804930 0 1 0 0 3 16 0 84 19 84
15 99812902 0 1 0 1 14 7 84 50 21 134
15 100053793 0 1 0 1 3 7 27 32 10 59
15 100054177 0 1 0 1 10 10 30 35 20 65
15 100096341 0 1 0 0 2 20 0 77 22 77
15 100109268 0 1 0 1 7 7 32 70 14 102
15 100109307 0 1 0 1 7 8 30 50 15 80
15 100109323 0 1 0 1 6 6 26 47 12 73
15 100116860 0 1 0 1 36 23 133 141 59 274
15 100152577 0 1 0 1 22 19 71 71 41 142
15 100253967 0 1 0 1 15 11 38 39 26 77
15 100254158 0 1 0 1 10 22 54 57 32 111
15 100261493 0 1 0 1 10 14 39 28 24 67
15 100261760 0 1 0 1 15 10 37 47 25 84
15 100261829 0 1 0 1 6 7 16 24 13 40
15 100261834 0 1 0 1 5 7 14 24 12 38
15 100261835 0 1 0 1 4 7 14 23 11 37
15 100262290 0 1 0 1 6 20 57 56 26 113
15 100262294 0 1 0 1 6 20 57 56 26 113
15 100281221 0 1 0 1 11 9 36 24 20 60
15 100281262 0 1 0 1 15 12 54 45 27 99
15 100281371 0 1 0 1 22 20 83 83 42 166
15 100281442 0 1 0 1 18 29 88 115 47 203
15 100281578 0 1 0 1 7 7 27 37 14 64
15 100281601 0 1 0 1 6 5 16 27 11 43
15 100341790 0 1 0 1 13 23 54 64 36 118
15 100455833 0 1 0 1 18 20 103 78 38 181
15 100479924 0 1 0 1 6 6 28 24 12 52
15 100553719 0 1 0 1 7 9 38 29 16 67
15 100553750 0 1 0 1 9 8 36 29 17 65
15 100553922 0 1 0 1 19 16 59 64 35 123
15 100553969 0 1 0 1 27 29 94 113 56 207
15 100554130 0 1 0 1 42 46 178 194 88 372
15 100554271 0 1 0 1 19 16 72 95 35 167
15 100558534 0 1 0 1 5 9 11 31 14 42
15 100558717 0 1 0 1 33 37 124 127 70 251
15 100558871 0 1 0 1 19 16 100 114 35 214
15 100559117 0 1 0 1 10 12 51 56 22 107
15 100569472 0 1 0 1 20 25 117 112 45 229
15 100569589 0 1 0 1 15 24 84 93 39 177
15 100569613 0 1 0 1 19 18 75 92 37 167
15 100569688 0 1 0 1 19 16 68 69 35 137
15 100570060 0 1 0 1 8 8 41 38 16 79
15 100570097 0 1 0 1 6 10 37 31 16 68
15 100570151 0 1 0 1 6 8 19 19 14 38
15 100571727 0 1 0 1 8 7 25 23 15 48
15 100573543 0 1 0 1 6 12 38 28 18 66
15 100573745 0 1 0 1 30 42 115 100 72 215
15 100574213 0 1 0 1 17 7 50 53 24 103
15 100580255 0 1 0 0 2 21 0 90 23 90
15 100580758 0 1 0 1 23 19 87 97 42 184
15 100710417 0 1 0 1 5 9 7 37 14 44
15 100885498 0 1 0 1 8 8 33 36 16 69
15 100896102 0 1 0 1 23 30 97 92 53 189
15 100905695 0 1 0 1 16 6 45 39 22 84
15 100905721 0 1 0 0 2 16 0 76 18 76
15 100908366 0 1 0 1 23 26 99 105 49 204
15 100908578 0 1 0 1 14 19 79 70 33 149
15 100987206 0 1 0 1 25 29 84 104 54 188
15 100987207 0 1 0 1 25 29 86 102 54 188
15 100987430 0 1 0 1 43 44 153 160 87 313
15 100988913 0 1 0 1 24 9 61 71 33 132
15 101009203 0 1 0 1 8 14 29 44 22 73
15 101015509 0 1 0 1 18 15 39 55 33 94
15 101021781 0 1 0 0 4 6 0 40 10 40
15 101022588 0 1 0 1 17 18 64 57 35 121
15 101025913 0 1 0 1 21 17 91 78 38 169
15 101027342 0 1 0 1 32 31 132 133 63 265
15 101029262 0 1 0 1 23 22 104 84 45 188
15 101048718 0 1 0 1 3 7 27 29 10 56
15 101051473 0 1 0 1 7 6 20 26 13 46
15 101051579 0 1 0 1 20 18 44 49 38 93
15 101051629 0 1 0 1 15 20 73 53 35 126
15 101051718 0 1 0 1 30 25 108 122 55 230
15 101052846 0 1 0 1 10 14 53 46 24 99
15 101057061 0 1 0 1 29 27 131 144 56 275
15 101058317 0 1 0 1 12 13 36 30 25 66
15 101061359 0 1 0 1 4 16 46 32 20 78
15 101066365 0 1 0 1 12 9 29 36 21 65
15 101066684 0 1 0 1 28 32 145 174 60 319
15 101066685 0 1 0 1 28 31 145 170 59 315
15 101067314 0 1 0 1 27 24 98 101 51 199
15 101276583 0 1 0 0 2 21 0 128 23 128
15 101294953 0 1 0 1 10 8 54 52 18 106
15 101313076 0 1 0 1 22 16 94 80 38 174
15 101382391 0 1 0 1 7 5 21 35 12 56
15 101384341 0 1 0 1 22 19 61 84 41 145
15 101430079 0 1 0 1 21 21 100 85 42 185
15 101430118 0 1 0 1 21 15 78 61 36 139
15 101430131 0 1 0 1 23 14 67 61 37 128
15 101431830 0 1 0 1 10 16 66 47 26 113
15 101443831 0 1 0 1 8 9 19 24 17 43
15 101463043 0 1 0 1 6 8 46 34 14 80
15 101464026 0 1 0 1 5 8 19 21 13 40
15 101489392 0 1 0 1 12 7 33 37 19 70
15 101633668 0 1 0 1 17 20 65 93 37 158
15 101651666 0 1 0 1 10 7 38 46 17 84
15 101652215 0 1 0 1 14 8 49 59 22 108
15 101652345 0 1 0 1 17 17 70 83 34 153
15 101684138 0 1 0 1 27 25 95 108 52 203
15 101686130 0 1 0 1 25 12 61 58 37 119
15 101724101 0 1 0 1 2 11 21 28 13 49
15 101724273 0 1 0 1 10 12 54 90 22 144
15 101737277 0 1 0 1 9 18 44 46 27 90
15 101744241 0 1 0 1 5 20 22 106 25 128
15 101744292 0 1 0 1 10 51 42 228 61 270
15 101744382 0 1 0 1 23 135 150 504 158 654
15 101744394 0 1 0 1 47 142 212 594 189 806
15 101744472 0 1 0 1 94 106 395 479 200 874
15 101744635 0 1 0 1 4 26 13 76 30 89
15 101747802 0 1 0 1 28 32 97 114 60 211
15 101747813 0 1 0 1 9 53 55 182 62 237
15 101751521 0 1 0 1 9 79 65 382 88 447
15 101751527 0 1 0 1 14 87 78 404 101 482
15 101751751 0 1 0 1 40 73 164 317 113 481
15 101751752 0 1 0 1 35 80 167 310 115 477
15 101751960 0 1 0 1 7 8 13 29 15 42
15 101752398 0 1 0 1 13 12 50 49 25 99
15 101752505 0 1 0 1 9 80 29 316 89 345
15 101752520 0 1 0 1 16 87 76 372 103 448
15 101752523 0 1 0 1 19 82 93 342 101 435
15 101752564 0 1 0 1 23 138 116 550 161 666
15 101752636 0 1 0 1 23 184 131 803 207 934
15 101752689 0 1 0 1 14 78 48 312 92 360
15 101752697 0 1 0 1 16 72 73 290 88 363
15 101752861 0 1 0 1 56 104 252 572 160 824
15 101753063 0 1 0 1 4 35 23 170 39 193
15 101753494 0 1 0 1 5 33 13 141 38 154
15 101753515 0 1 0 1 9 29 26 124 38 150
15 101753593 0 1 0 1 34 14 123 55 48 178
15 101753930 0 1 0 1 16 168 83 735 184 818
15 101753937 0 1 0 1 83 81 381 338 164 719
15 101754013 0 1 0 1 24 44 154 199 68 353
15 101754165 0 1 0 1 22 177 86 648 199 734
15 101754303 0 1 0 1 19 151 71 620 170 691
15 101754342 0 1 0 1 12 133 54 489 145 543
15 101754530 0 1 0 1 10 106 72 515 116 587
15 101754555 0 1 0 1 16 60 60 308 76 368
15 101754568 0 1 0 1 19 30 80 168 49 248
15 101755424 0 1 0 1 18 60 82 220 78 302
15 101755517 0 1 0 1 15 72 48 310 87 358
15 101755525 0 1 0 1 16 60 43 278 76 321
15 101755548 0 1 0 1 9 48 29 214 57 243
15 101755616 0 1 0 1 2 17 6 62 19 68
15 101755917 0 1 0 1 16 49 75 232 65 307
15 101755937 0 1 0 1 37 36 143 162 73 305
15 101756018 0 1 0 1 8 41 22 144 49 166
15 101756069 0 1 0 1 4 24 15 81 28 96
15 101757405 0 1 0 1 9 62 57 257 71 314
15 101758278 0 1 0 1 6 27 29 143 33 172
15 101758283 0 1 0 1 3 30 18 150 33 168
15 101759628 0 1 0 1 19 172 76 706 191 782
15 101759646 0 1 0 1 19 171 70 660 190 730
15 101759891 0 1 0 1 20 178 96 747 198 843
15 101759918 0 1 0 1 42 134 204 438 176 642
15 101759966 0 1 0 1 70 88 325 284 158 609
15 101759975 0 1 0 1 41 141 188 503 182 691
15 101760040 0 1 0 1 40 200 142 786 240 928
15 101760104 0 1 0 1 19 201 119 819 220 938
15 101760141 0 1 0 1 73 105 350 400 178 750
15 101760219 0 1 0 1 12 26 39 122 38 161
15 101760303 0 1 0 1 13 40 22 174 53 196
15 101760917 0 1 0 1 3 13 4 31 16 35
15 101760967 0 1 0 1 9 15 18 73 24 91
15 101761032 0 1 0 1 8 41 31 126 49 157
15 101761181 0 1 0 1 18 130 65 514 148 579
15 101761203 0 1 0 1 30 121 117 492 151 609
15 101761392 0 1 0 1 6 53 26 205 59 231
15 101761417 0 1 0 1 5 30 13 138 35 151
15 101761437 0 1 0 1 12 6 47 20 18 67
15 101762381 0 1 0 1 8 34 42 247 42 289
15 101762402 0 1 0 1 11 35 81 210 46 291
15 101762410 0 1 0 1 7 38 46 244 45 290
15 101762524 0 1 0 1 15 13 109 67 28 176
15 101762534 0 1 0 1 2 19 18 137 21 155
15 101763015 0 1 0 1 26 252 108 1064 278 1172
15 101763123 0 1 0 1 54 64 198 374 118 572
15 101763141 0 1 0 1 31 108 92 552 139 644
15 101763196 0 1 0 1 49 21 204 152 70 356
15 101763220 0 1 0 1 18 24 116 128 42 244
15 101763247 0 1 0 1 8 16 40 127 24 167
15 101763316 0 1 0 1 13 32 74 169 45 243
15 101763988 0 1 0 1 8 79 59 346 87 405
15 101764011 0 1 0 1 19 71 87 365 90 452
15 101764089 0 1 0 1 31 142 102 640 173 742
15 101764208 0 1 0 1 30 244 110 1146 274 1256
15 101764376 0 1 0 1 14 82 53 348 96 401
15 101764470 0 1 0 1 6 47 21 166 53 187
15 101764525 0 1 0 1 33 106 105 409 139 514
15 101764537 0 1 0 1 36 74 117 344 110 461
15 101764569 0 1 0 1 11 97 45 442 108 487
15 101764620 0 1 0 1 42 42 186 208 84 394
15 101764666 0 1 0 1 25 84 58 415 109 473
15 101764738 0 1 0 1 19 149 69 692 168 761
15 101764762 0 1 0 1 25 136 98 621 161 719
15 101764829 0 1 0 1 22 140 89 548 162 637
15 101764830 0 1 0 1 22 142 91 559 164 650
15 101764926 0 1 0 1 53 40 191 203 93 394
15 101771819 0 1 0 1 33 44 152 177 77 329
15 101772632 0 1 0 1 59 54 225 220 113 445
15 101773513 0 1 0 1 25 15 82 98 40 180
15 101775533 0 1 0 1 21 8 68 84 29 152
15 101775997 0 1 0 1 14 16 54 62 30 116
15 101776297 0 1 0 1 25 16 97 107 41 204
15 101779064 0 1 0 1 13 12 42 48 25 90
15 101819000 0 1 0 1 25 31 101 98 56 199
15 101828980 0 1 0 1 12 15 62 67 27 129
15 101848788 0 1 0 1 28 29 144 120 57 264
15 101966186 0 1 0 1 8 14 11 65 22 76
15 101972871 0 1 0 1 4 7 7 43 11 50
15 101975947 0 1 0 0 3 24 0 78 27 78
15 101976039 0 1 0 1 4 37 17 139 41 156
