chr pos bloodGT1 bloodGT2 tumorGT1 tumorGT2 AN BN AT BT sN sT
20 275932 0 1 0 1 19 22 101 90 41 191
20 276086 0 1 0 1 15 17 95 89 32 184
20 276679 0 1 0 1 8 20 53 39 28 92
20 277092 0 1 0 1 39 30 172 150 69 322
20 279328 0 1 0 1 30 39 154 156 69 310
20 283857 0 1 0 1 21 15 109 115 36 224
20 289787 0 1 0 1 11 8 46 54 19 100
20 290584 0 1 0 1 8 11 25 71 19 96
20 297874 0 1 0 1 6 8 32 34 14 66
20 298839 0 1 0 1 28 37 109 131 65 240
20 391328 0 1 0 1 26 23 104 104 49 208
20 396582 0 1 0 1 37 33 158 167 70 325
20 410421 0 1 0 0 2 18 0 70 20 70
20 417284 0 1 0 1 31 32 114 79 63 193
20 417634 0 1 0 1 24 25 132 134 49 266
20 422066 0 1 0 1 13 9 71 54 22 125
20 422277 0 1 0 1 16 21 89 88 37 177
20 444962 0 1 0 1 10 7 72 68 17 140
20 448123 0 1 0 1 40 29 109 120 69 229
20 448158 0 1 0 1 37 20 80 103 57 183
20 448284 0 1 0 1 7 6 27 19 13 46
20 486639 0 1 0 1 9 6 23 31 15 54
20 495641 0 1 0 1 8 18 56 70 26 126
20 499878 0 1 0 0 2 22 0 94 24 94
20 499976 0 1 1 1 10 18 68 8 28 76
20 508286 0 1 0 1 13 14 41 47 27 88
20 648246 0 1 0 1 27 54 191 220 81 411
20 648569 0 1 0 1 11 12 50 52 23 102
20 649005 0 1 0 1 19 26 89 99 45 188
20 761203 0 1 0 1 11 15 61 74 26 135
20 761227 0 1 0 0 2 21 0 120 23 120
20 761593 0 1 0 1 9 9 30 32 18 62
20 761595 0 1 0 1 9 9 33 32 18 65
20 763406 0 1 0 1 21 32 104 115 53 219
20 765454 0 1 0 1 43 45 168 176 88 344
20 845035 0 1 0 1 39 22 104 133 61 237
20 845349 0 1 0 1 28 16 111 106 44 217
20 845870 0 1 0 1 9 10 46 59 19 105
20 874111 0 1 0 1 11 8 45 61 19 106
20 874297 0 1 0 1 48 39 151 177 87 328
20 1161541 0 1 0 1 15 12 67 63 27 130
20 1207108 0 1 0 1 24 34 108 116 58 224
20 1207234 0 1 0 1 12 13 57 80 25 137
20 1297046 0 1 0 1 8 10 31 30 18 61
20 1310432 0 1 0 1 9 4 19 24 13 43
20 1310619 0 1 0 1 16 12 75 73 28 148
20 1310749 0 1 0 1 11 11 67 80 22 147
20 1312201 0 1 0 1 8 3 22 19 11 41
20 1312345 0 1 0 1 42 34 157 159 76 316
20 1312364 0 1 0 1 50 41 205 186 91 391
20 1312603 0 1 0 1 54 85 324 387 139 711
20 1312892 0 1 0 1 9 6 24 29 15 53
20 1318054 0 1 0 1 11 9 29 35 20 64
20 1318310 0 1 0 1 33 31 98 102 64 200
20 1370028 0 1 0 1 21 22 97 119 43 216
20 1370065 0 1 0 1 22 30 139 161 52 300
20 1455194 0 1 0 0 2 14 0 83 16 83
20 1476400 0 1 0 1 11 5 32 37 16 69
20 1476928 0 1 0 1 6 5 20 18 11 38
20 1477265 0 1 0 1 42 56 206 203 98 409
20 1477859 0 1 0 1 9 4 19 11 13 30
20 1479627 0 1 0 1 14 11 56 58 25 114
20 1533751 0 1 0 1 9 10 44 40 19 84
20 1537333 0 1 0 1 27 35 124 160 62 284
20 1557603 0 1 0 1 20 18 59 80 38 139
20 1630144 0 1 0 1 7 3 18 21 10 39
20 1630166 0 1 0 1 7 6 18 27 13 45
20 1635313 0 1 0 1 36 46 162 211 82 373
20 1635491 0 1 0 1 75 73 315 327 148 642
20 1635560 0 1 0 1 67 65 274 258 132 532
20 1636246 0 1 0 1 83 91 388 348 174 736
20 1648901 0 1 0 1 10 9 46 34 19 80
20 1648958 0 1 0 1 17 20 68 85 37 153
20 1648960 0 1 0 1 17 21 65 90 38 155
20 1665336 0 1 0 1 9 6 25 33 15 58
20 1670956 0 1 0 1 19 16 52 84 35 136
20 1671142 0 1 0 1 19 16 84 77 35 161
20 1676854 0 1 0 1 12 9 28 44 21 72
20 1697737 0 1 0 1 11 12 66 67 23 133
20 1708073 0 1 0 1 8 11 57 44 19 101
20 1708167 0 1 0 1 11 12 66 55 23 121
20 1708190 0 1 0 1 11 15 63 54 26 117
20 1708198 0 1 0 1 13 10 54 46 23 100
20 1927653 0 1 0 1 4 8 24 23 12 47
20 1934580 0 1 0 1 4 7 25 17 11 42
20 1980488 0 1 0 1 24 27 115 131 51 246
20 1982767 0 1 0 1 7 6 16 17 13 33
20 2102632 0 1 0 0 2 12 0 61 14 61
20 2116497 0 1 0 1 5 5 28 33 10 61
20 2207297 0 1 0 1 14 21 84 114 35 198
20 2207298 0 1 0 1 14 21 83 116 35 199
20 2207517 0 1 0 1 13 12 52 59 25 111
20 2381038 0 1 0 1 27 24 131 131 51 262
20 2394616 0 1 0 1 17 18 71 54 35 125
20 2396274 0 1 0 1 8 6 30 27 14 57
20 2396317 0 1 0 1 8 5 43 35 13 78
20 2399750 0 1 0 1 12 9 55 59 21 114
20 2470765 0 1 0 1 19 20 118 141 39 259
20 2536731 0 1 0 1 21 32 102 89 53 191
20 2536786 0 1 0 1 14 24 60 68 38 128
20 2537050 0 1 0 1 8 5 36 38 13 74
20 2537179 0 1 0 1 18 19 88 68 37 156
20 2558741 0 1 0 1 29 29 137 155 58 292
20 2562023 0 1 0 1 12 14 58 47 26 105
20 2572159 0 1 0 1 12 21 37 62 33 99
20 2572280 0 1 0 1 6 15 33 33 21 66
20 2579132 0 1 0 1 21 27 74 85 48 159
20 2610359 0 1 0 1 10 22 55 54 32 109
20 2610586 0 1 0 1 16 24 87 77 40 164
20 2612056 0 1 0 1 5 5 18 14 10 32
20 2612360 0 1 0 1 21 21 84 101 42 185
20 2613217 0 1 0 1 17 29 74 78 46 152
20 2616116 0 1 0 1 12 13 37 52 25 89
20 2616352 0 1 0 1 12 19 62 58 31 120
20 2616427 0 1 0 1 11 5 48 34 16 82
20 2635910 0 1 0 1 19 19 79 85 38 164
20 2636033 0 1 0 1 26 29 85 145 55 230
20 2636130 0 1 0 1 9 21 36 76 30 112
20 2637448 0 1 0 1 15 18 64 79 33 143
20 2637494 0 1 0 1 18 31 81 102 49 183
20 2637662 0 1 0 1 11 24 65 72 35 137
20 2652734 0 1 0 1 21 10 34 77 31 111
20 2652764 0 1 0 0 6 30 0 128 36 128
20 2653196 0 1 0 1 11 5 37 42 16 79
20 2654366 0 1 0 1 59 71 259 251 130 510
20 2654566 0 1 0 1 38 46 138 146 84 284
20 2655572 0 1 0 1 39 37 133 173 76 306
20 2656919 0 1 0 1 67 54 258 265 121 523
20 2657846 0 1 0 1 5 9 31 36 14 67
20 2659082 0 1 0 1 10 8 47 29 18 76
20 2659160 0 1 0 1 16 17 56 71 33 127
20 2659842 0 1 0 1 5 7 31 29 12 60
20 2663761 0 1 0 1 14 15 95 88 29 183
20 2664039 0 1 0 1 71 75 255 295 146 550
20 2664350 0 1 0 1 12 11 19 29 23 48
20 2748339 0 1 0 1 8 8 51 58 16 109
20 2750130 0 1 0 1 11 11 39 39 22 78
20 2751886 0 1 0 1 11 8 65 63 19 128
20 2758937 0 1 0 1 43 49 166 173 92 339
20 2794776 0 1 0 0 4 18 0 66 22 66
20 2794779 0 1 0 0 4 15 1 61 19 62
20 2948129 0 1 0 0 2 20 0 117 22 117
20 2986818 0 1 0 1 25 27 108 136 52 244
20 3048065 0 1 0 1 3 8 23 29 11 52
20 3165137 0 1 0 0 2 14 0 61 16 61
20 3166378 0 1 0 1 48 43 154 179 91 333
20 3166822 0 1 0 1 44 41 189 194 85 383
20 3190639 0 1 0 1 9 16 47 43 25 90
20 3190982 0 1 0 1 11 7 33 34 18 67
20 3191186 0 1 0 0 2 19 0 109 21 109
20 3191600 0 1 0 1 15 11 54 52 26 106
20 3191938 0 1 0 1 8 9 17 37 17 54
20 3194910 0 1 0 1 32 24 84 113 56 197
20 3195048 0 1 0 1 6 12 37 39 18 76
20 3195096 0 1 0 1 10 13 37 41 23 78
20 3195363 0 1 0 1 22 15 79 78 37 157
20 3199987 0 1 0 1 20 15 70 79 35 149
20 3200616 0 1 0 1 9 12 31 37 21 68
20 3203488 0 1 0 1 8 13 47 38 21 85
20 3204334 0 1 0 1 3 7 17 19 10 36
20 3209393 0 1 0 1 9 9 40 49 18 89
20 3213332 0 1 0 1 14 11 46 53 25 99
20 3218727 0 1 0 1 11 4 31 33 15 64
20 3221543 0 1 0 1 8 3 24 25 11 49
20 3222118 0 1 0 1 9 5 24 19 14 43
20 3223304 0 1 0 1 13 15 82 91 28 173
20 3223438 0 1 0 1 7 11 60 77 18 137
20 3228725 0 1 0 1 58 51 175 199 109 374
20 3230418 0 1 0 1 4 8 25 27 12 52
20 3231073 0 1 0 1 62 49 240 245 111 485
20 3233374 0 1 0 1 20 20 90 76 40 166
20 3233480 0 1 0 1 62 66 245 262 128 507
20 3234173 0 1 0 1 64 79 297 305 143 602
20 3234249 0 1 0 1 48 60 218 250 108 468
20 3234400 0 1 0 1 6 12 33 33 18 66
20 3237988 0 1 0 1 28 34 82 103 62 185
20 3270507 0 1 0 0 2 21 0 85 23 85
20 3278842 0 1 0 1 13 8 45 42 21 87
20 3278866 0 1 0 1 12 9 57 56 21 113
20 3279049 0 1 0 1 24 28 98 124 52 222
20 3281535 0 1 0 1 21 23 108 121 44 229
20 3315632 0 1 0 1 7 9 20 23 16 43
20 3318407 0 1 0 1 41 27 117 90 68 207
20 3322414 0 1 0 1 12 12 58 70 24 128
20 3322443 0 1 0 1 9 10 49 64 19 113
20 3322558 0 1 0 1 19 23 63 85 42 148
20 3348648 0 1 0 1 9 13 49 49 22 98
20 3361996 0 1 0 1 6 9 43 38 15 81
20 3362031 0 1 0 0 2 15 0 65 17 65
20 3373911 0 1 0 1 8 9 24 26 17 50
20 3374920 0 1 0 1 6 8 36 44 14 80
20 3381386 0 1 0 1 8 5 45 37 13 82
20 3382342 0 1 0 1 13 19 101 88 32 189
20 3535277 0 1 0 1 10 8 54 68 18 122
20 3535304 0 1 0 1 13 10 69 74 23 143
20 3547237 0 1 0 1 11 6 31 31 17 62
20 3560986 0 1 0 1 5 9 36 29 14 65
20 3584025 0 1 0 1 29 36 145 127 65 272
20 3584125 0 1 0 1 20 23 89 78 43 167
20 3584899 0 1 0 1 21 17 76 79 38 155
20 3594245 0 1 0 1 8 8 21 27 16 48
20 3594601 0 1 0 1 27 23 123 106 50 229
20 3644057 0 1 0 1 18 19 57 80 37 137
20 3644183 0 1 0 1 32 44 154 178 76 332
20 3644201 0 1 0 1 41 27 182 145 68 327
20 3646692 0 1 0 0 2 20 0 77 22 77
20 3660176 0 1 0 1 18 12 89 79 30 168
20 3660895 0 1 0 1 9 9 23 24 18 47
20 3661234 0 1 0 1 17 21 71 36 38 107
20 3669156 0 1 0 1 21 9 79 91 30 170
20 3669419 0 1 0 1 18 12 76 73 30 149
20 3673062 0 1 0 1 6 9 28 37 15 65
20 3675296 0 1 0 1 14 5 45 31 19 76
20 3690298 0 1 0 1 22 31 80 73 53 153
20 3691153 0 1 0 1 7 6 31 24 13 55
20 3691593 0 1 0 1 28 26 111 122 54 233
20 3692798 0 1 0 1 36 53 147 128 89 275
20 3693168 0 1 0 1 23 18 88 63 41 151
20 3694686 0 1 0 1 33 31 164 147 64 311
20 3694851 0 1 0 1 44 45 153 177 89 330
20 3697089 0 1 0 1 18 19 53 55 37 108
20 3701364 0 1 0 1 32 22 101 129 54 230
20 3701628 0 1 0 1 6 13 60 45 19 105
20 3703375 0 1 0 1 52 58 246 293 110 539
20 3704082 0 1 0 1 26 29 102 129 55 231
20 3705789 0 1 0 1 40 35 194 186 75 380
20 3740688 0 1 0 0 2 19 0 92 21 92
20 3746040 0 1 0 1 15 29 81 91 44 172
20 3746181 0 1 0 0 2 17 0 82 19 82
20 3750975 0 1 0 1 28 32 127 115 60 242
20 3753739 0 1 0 1 14 22 76 91 36 167
20 3753867 0 1 0 1 15 19 86 113 34 199
20 3760227 0 1 0 1 7 11 24 36 18 60
20 3778553 0 1 0 1 19 20 82 77 39 159
20 3779901 0 1 0 1 12 11 61 52 23 113
20 3787034 0 1 0 1 6 4 22 21 10 43
20 3787040 0 1 0 1 5 5 31 22 10 53
20 3787080 0 1 0 0 2 11 0 66 13 66
20 3797395 0 1 0 1 9 6 26 23 15 49
20 3797786 0 1 0 1 14 15 56 62 29 118
20 3798355 0 1 0 1 8 11 26 35 19 61
20 3802826 0 1 0 0 2 10 0 70 12 70
20 3803117 0 1 0 1 23 42 161 176 65 337
20 3803292 0 1 0 1 21 11 78 73 32 151
20 3804387 0 1 0 1 3 9 23 20 12 43
20 3804750 0 1 0 1 25 36 108 164 61 272
20 3864282 0 1 0 1 24 21 134 145 45 279
20 4075009 0 1 0 1 6 7 23 18 13 41
20 4175288 0 1 0 1 29 27 135 115 56 250
20 4175301 0 1 0 1 25 23 108 117 48 225
20 4177206 0 1 0 1 9 7 35 32 16 67
20 4732693 0 1 0 1 19 23 94 85 42 179
20 4784036 0 1 0 1 8 8 31 28 16 59
20 4784388 0 1 0 1 18 19 79 73 37 152
20 4787330 0 1 0 1 6 8 31 21 14 52
20 4787490 0 1 0 1 21 16 83 98 37 181
20 4787537 0 1 0 1 20 22 135 120 42 255
20 4792686 0 1 0 1 8 9 62 55 17 117
20 4798108 0 1 0 1 20 17 76 59 37 135
20 4798249 0 1 0 1 9 11 30 36 20 66
20 4862724 0 1 0 1 20 17 76 79 37 155
20 4874036 0 1 0 1 31 32 135 154 63 289
20 4883924 0 1 0 1 23 8 59 61 31 120
20 4913200 0 1 0 1 8 4 26 23 12 49
20 5301913 0 1 0 1 11 10 48 58 21 106
20 5302610 0 1 0 1 54 46 230 249 100 479
20 5315842 0 1 0 1 12 22 100 88 34 188
20 5315903 0 1 0 1 21 21 109 94 42 203
20 5316005 0 1 0 1 35 23 151 155 58 306
20 5316526 0 1 0 1 12 24 55 65 36 120
20 5316547 0 1 0 1 5 18 36 45 23 81
20 5473754 0 1 0 1 51 67 216 256 118 472
20 5474040 0 1 0 1 9 6 21 21 15 42
20 5566738 0 1 0 1 15 9 62 63 24 125
20 5567435 0 1 0 1 15 13 72 67 28 139
20 5574043 0 1 0 1 13 8 26 30 21 56
20 5575866 0 1 0 1 7 9 27 23 16 50
20 5863306 0 1 0 1 22 33 160 133 55 293
20 5863475 0 1 0 1 14 17 71 69 31 140
20 5863476 0 1 0 1 14 17 67 67 31 134
20 5916716 0 1 0 1 9 21 75 70 30 145
20 5917131 0 1 0 1 6 9 13 32 15 45
20 5917132 0 1 0 1 6 9 12 32 15 44
20 5922207 0 1 0 1 6 6 19 23 12 42
20 5922421 0 1 0 1 23 15 81 71 38 152
20 5922677 0 1 0 1 21 14 68 83 35 151
20 5923202 0 1 0 1 28 33 127 128 61 255
20 5923248 0 1 0 1 26 35 117 127 61 244
20 5923394 0 1 0 1 21 25 128 89 46 217
20 5924826 0 1 0 1 15 17 40 52 32 92
20 5924904 0 1 0 1 23 29 65 97 52 162
20 5925133 0 1 0 1 30 24 97 97 54 194
20 5928590 0 1 0 1 16 16 76 50 32 126
20 5928734 0 1 0 1 10 5 57 34 15 91
20 5928919 0 1 0 1 10 8 26 30 18 56
20 5929069 0 1 0 1 10 11 36 35 21 71
20 5994465 0 1 0 0 2 11 0 55 13 55
20 5994543 0 1 0 1 5 6 30 28 11 58
20 5994641 0 1 0 0 2 16 0 94 18 94
20 6006621 0 1 0 1 4 6 20 21 10 41
20 6007449 0 1 0 1 14 12 67 65 26 132
20 6034308 0 1 0 1 13 14 97 100 27 197
20 6052358 0 1 0 1 18 13 60 48 31 108
20 6052379 0 1 0 1 15 18 69 56 33 125
20 6052982 0 1 0 1 6 9 30 40 15 70
20 6076535 0 1 0 1 17 31 101 81 48 182
20 6083907 0 1 0 1 9 6 20 22 15 42
20 6083988 0 1 0 1 23 19 69 66 42 135
20 6088951 0 1 0 1 8 13 50 71 21 121
20 6089076 0 1 0 1 10 14 44 51 24 95
20 6094863 0 1 0 1 13 16 49 39 29 88
20 6096854 0 1 0 1 4 6 40 28 10 68
20 6112469 0 1 0 1 21 20 62 101 41 163
20 6116048 0 1 0 1 21 22 85 78 43 163
20 6119301 0 1 0 1 5 7 32 26 12 58
20 6119384 0 1 0 1 13 20 71 68 33 139
20 6119441 0 1 0 1 22 31 103 95 53 198
20 6119594 0 1 0 1 13 15 74 41 28 115
20 6201614 0 1 0 1 4 9 42 32 13 74
20 6201638 0 1 0 1 6 7 43 28 13 71
20 6215017 0 1 0 1 10 6 37 35 16 72
20 6215106 0 1 0 1 10 16 78 57 26 135
20 6215355 0 1 0 0 2 21 0 94 23 94
20 6215393 0 1 0 1 8 12 33 32 20 65
20 7371602 0 1 0 1 31 33 103 107 64 210
20 7371753 0 1 0 1 7 13 34 24 20 58
20 7982394 0 1 0 1 32 26 132 165 58 297
20 7982671 0 1 0 1 9 11 28 39 20 67
20 8010184 0 1 0 1 9 11 44 46 20 90
20 8018836 0 1 0 1 6 7 26 41 13 67
20 8018890 0 1 0 1 13 19 49 67 32 116
20 8018995 0 1 0 1 18 34 100 107 52 207
20 8019072 0 1 0 1 13 25 89 81 38 170
20 8019296 0 1 0 1 3 9 42 25 12 67
20 8646212 0 1 0 1 22 10 69 91 32 160
20 8684871 0 1 0 0 2 8 0 45 10 45
20 9390482 0 1 0 1 26 21 91 120 47 211
20 9580782 0 1 0 1 34 40 118 127 74 245
20 9644433 0 1 0 1 13 8 36 24 21 60
20 10038445 0 1 0 1 21 24 108 126 45 234
20 10043041 0 1 0 1 10 9 29 42 19 71
20 10045709 0 1 0 1 35 34 148 162 69 310
20 10049540 0 1 0 1 35 41 145 192 76 337
20 10049804 0 1 0 1 22 13 63 69 35 132
20 10050283 0 1 0 1 15 18 65 55 33 120
20 10051765 0 1 0 1 24 13 74 94 37 168
20 10277984 0 1 0 1 12 7 43 29 19 72
20 10278006 0 1 0 1 8 9 19 36 17 55
20 10278036 0 1 0 1 5 6 9 21 11 30
20 10299435 0 1 0 1 8 9 36 28 17 64
20 10306169 0 1 0 0 2 23 0 123 25 123
20 10349240 0 1 0 1 7 4 29 39 11 68
20 10623102 0 1 0 1 23 26 117 100 49 217
20 10639738 0 1 0 1 27 22 121 140 49 261
20 10640657 0 1 0 1 8 4 37 26 12 63
20 10643542 0 1 0 1 8 5 26 19 13 45
20 10644278 0 1 0 1 4 9 13 35 13 48
20 10644329 0 1 0 0 2 14 0 120 16 120
20 10652589 0 1 0 1 24 21 106 123 45 229
20 10652665 0 1 0 1 17 19 91 102 36 193
20 10656347 0 1 0 1 14 14 54 42 28 96
20 11027734 0 1 0 1 3 7 25 30 10 55
20 11028431 0 1 0 1 9 5 15 19 14 34
20 13093648 0 1 0 1 24 22 97 106 46 203
20 13154284 0 1 0 1 7 13 44 41 20 85
20 13483356 0 1 0 0 2 19 0 103 21 103
20 13715033 0 1 0 1 13 8 58 44 21 102
20 13766794 0 1 0 1 7 5 27 31 12 58
20 13788481 0 1 0 1 24 21 70 71 45 141
20 13849456 0 1 0 1 21 29 126 141 50 267
20 13849491 0 1 0 1 26 30 109 137 56 246
20 13865080 0 1 0 1 7 15 54 45 22 99
20 13865545 0 1 0 1 8 10 42 53 18 95
20 13885262 0 1 0 0 2 22 0 104 24 104
20 13915014 0 1 0 1 4 8 25 21 12 46
20 13995707 0 1 0 0 2 16 0 89 18 89
20 14849682 0 1 0 1 6 7 25 20 13 45
20 14849807 0 1 0 1 18 19 88 92 37 180
20 14849950 0 1 0 1 27 25 119 107 52 226
20 15499581 0 1 0 1 4 7 37 34 11 71
20 15499663 0 1 0 1 14 17 67 63 31 130
20 15499903 0 1 0 1 18 15 77 74 33 151
20 15893680 0 1 0 1 21 14 88 120 35 208
20 15986745 0 1 0 1 21 24 84 83 45 167
20 15986888 0 1 0 1 38 23 128 99 61 227
20 16041075 0 1 0 1 12 18 54 60 30 114
20 16378922 0 1 0 1 28 31 163 137 59 300
20 16404678 0 1 0 1 9 7 28 27 16 55
20 16497798 0 1 0 0 2 19 0 100 21 100
20 16497846 0 1 0 1 6 14 38 52 20 90
20 16506053 0 1 0 1 23 11 88 88 34 176
20 16511597 0 1 0 1 7 4 24 23 11 47
20 16512888 0 1 0 1 12 19 78 105 31 183
20 16512935 0 1 0 1 16 14 84 90 30 174
20 16515717 0 1 0 1 13 11 51 59 24 110
20 16515770 0 1 0 1 6 8 25 30 14 55
20 16526294 0 1 0 1 4 8 24 21 12 45
20 16573056 0 1 0 1 11 5 43 35 16 78
20 16573109 0 1 0 1 9 8 52 39 17 91
20 16737306 0 1 0 0 2 17 0 67 19 67
20 16739109 0 1 0 1 15 22 67 51 37 118
20 16748617 0 1 0 1 6 8 45 38 14 83
20 16749877 0 1 0 1 18 19 83 82 37 165
20 17436488 0 1 0 1 5 11 41 30 16 71
20 17456252 0 1 0 1 19 10 79 45 29 124
20 17465635 0 1 0 1 11 7 39 42 18 81
20 17479283 0 1 0 1 9 17 41 58 26 99
20 17494065 0 1 0 1 23 19 73 87 42 160
20 17494572 0 1 0 1 40 45 168 159 85 327
20 17497106 0 1 0 1 5 9 20 34 14 54
20 17498972 0 1 0 1 18 25 87 87 43 174
20 17512110 0 1 0 1 10 9 50 59 19 109
20 17524858 0 1 0 1 32 25 112 128 57 240
20 17621383 0 1 0 1 18 24 80 85 42 165
20 17621926 0 1 0 1 39 48 181 171 87 352
20 17624371 0 1 0 1 12 19 67 71 31 138
20 17625727 0 1 0 1 15 20 77 67 35 144
20 17630119 0 1 0 0 2 23 0 92 25 92
20 17658616 0 1 0 0 3 23 0 120 26 120
20 17659141 0 1 0 1 13 106 51 502 119 553
20 17659171 0 1 0 1 12 96 51 463 108 514
20 17659201 0 1 0 1 11 92 66 458 103 524
20 17659205 0 1 0 1 9 98 47 468 107 515
20 17659212 0 1 0 1 25 81 122 336 106 458
20 17659467 0 1 0 1 4 15 16 120 19 136
20 17659497 0 1 0 1 3 21 22 151 24 173
20 18137927 0 1 0 1 5 7 50 39 12 89
20 18142378 0 1 0 1 21 16 84 84 37 168
20 18158908 0 1 0 1 6 6 20 20 12 40
20 18162711 0 1 0 1 15 26 107 93 41 200
20 18306460 0 1 0 1 8 5 38 45 13 83
20 18310420 0 1 0 1 7 6 14 20 13 34
20 18380959 0 1 0 1 36 41 139 149 77 288
20 18394608 0 1 0 1 23 13 86 76 36 162
20 18396385 0 1 0 1 24 19 93 69 43 162
20 18396709 0 1 0 1 4 7 35 27 11 62
20 18412631 0 1 0 1 8 3 34 28 11 62
20 18415344 0 1 0 1 24 23 92 83 47 175
20 18452813 0 1 0 1 3 10 23 29 13 52
20 18465319 0 1 0 1 25 18 98 98 43 196
20 18465380 0 1 0 1 10 11 53 51 21 104
20 18479997 0 1 0 1 33 17 69 69 50 138
20 18490002 0 1 0 1 14 13 43 39 27 82
20 18496970 0 1 0 1 19 23 103 97 42 200
20 18497226 0 1 0 1 14 6 43 42 20 85
20 18504768 0 1 0 1 8 6 30 22 14 52
20 18522627 0 1 0 1 4 6 26 14 10 40
20 18526033 0 1 0 1 8 6 18 20 14 38
20 18530860 0 1 0 1 3 12 29 24 15 53
20 18542015 0 1 0 1 8 7 38 28 15 66
20 18542289 0 1 0 1 39 44 162 182 83 344
20 18543220 0 1 0 1 14 19 50 54 33 104
20 18548589 0 1 0 1 14 8 33 47 22 80
20 18567767 0 1 0 1 15 14 72 57 29 129
20 18567781 0 1 0 1 12 13 49 58 25 107
20 18567800 0 1 0 1 10 10 42 38 20 80
20 18628293 0 1 0 1 11 6 49 42 17 91
20 18825554 0 1 0 1 6 9 29 31 15 60
20 19580020 0 1 0 1 28 35 113 108 63 221
20 19585614 0 1 0 1 8 26 92 94 34 186
20 19666064 0 1 0 0 3 34 0 146 37 146
20 19935034 0 1 0 1 9 13 42 45 22 87
20 20026681 0 1 0 1 4 4 21 20 8 41
20 20052354 0 1 0 1 31 45 159 162 76 321
20 20052493 0 1 0 1 87 83 427 361 170 788
20 20052598 0 1 0 1 58 47 269 239 105 508
20 20052675 0 1 0 1 45 30 202 131 75 333
20 20052723 0 1 0 1 36 40 157 118 76 275
20 20052736 0 1 0 1 34 35 146 117 69 263
20 20052779 0 1 0 1 23 26 95 80 49 175
20 20056578 0 1 0 1 9 11 49 27 20 76
20 20069753 0 1 0 1 13 18 43 70 31 113
20 20090990 0 1 0 1 13 23 97 109 36 206
20 20098856 0 1 0 1 23 9 75 65 32 140
20 20164128 0 1 0 1 22 25 111 107 47 218
20 20169383 0 1 0 1 22 15 56 56 37 112
20 20191458 0 1 0 0 2 23 0 91 25 91
20 20199930 0 1 0 1 12 22 55 71 34 126
20 20253668 0 1 0 1 6 8 28 37 14 65
20 20262914 0 1 0 1 11 10 35 33 21 68
20 20277115 0 1 0 1 26 30 103 94 56 197
20 20289043 0 1 0 1 9 13 49 45 22 94
20 20290172 0 1 0 1 11 12 31 42 23 73
20 20512578 0 1 0 1 33 16 87 68 49 155
20 20524333 0 1 0 1 16 12 37 46 28 83
20 20583116 0 1 0 1 15 14 65 53 29 118
20 20589160 0 1 0 1 3 7 24 12 10 36
20 20605159 0 1 0 0 2 16 0 78 18 78
20 20620867 0 1 0 1 12 7 21 14 19 35
20 21714963 0 1 0 0 3 11 0 47 14 47
20 23036333 0 1 0 1 73 77 306 345 150 651
20 23036380 0 1 0 1 79 77 286 340 156 626
20 23036407 0 1 0 1 75 70 258 330 145 588
20 23036445 0 1 0 1 54 61 251 312 115 563
20 23365207 0 1 0 1 41 23 104 138 64 242
20 23377596 0 1 0 1 11 11 30 33 22 63
20 23379534 0 1 0 1 25 13 59 63 38 122
20 23491754 0 1 0 1 24 28 94 118 52 212
20 23585338 0 1 0 1 13 17 45 54 30 99
20 23605547 0 1 0 1 29 33 118 90 62 208
20 23747705 0 1 0 1 7 16 29 33 23 62
20 23747975 0 1 0 1 19 15 61 70 34 131
20 23750775 0 1 0 1 43 48 154 232 91 386
20 23750789 0 1 0 1 39 45 155 229 84 384
20 23750952 0 1 0 1 6 10 46 47 16 93
20 23772788 0 1 0 1 8 8 20 27 16 47
20 23772886 0 1 0 1 6 5 33 31 11 64
20 23776135 0 1 0 1 7 4 15 17 11 32
20 23824026 0 1 0 1 26 38 136 177 64 313
20 23824315 0 1 0 1 7 4 20 26 11 46
20 23825037 0 1 0 1 4 26 13 86 30 99
20 23825043 0 1 0 1 4 24 16 101 28 117
20 23825049 0 1 0 1 6 26 18 114 32 132
20 23825053 0 1 0 1 11 21 68 64 32 132
20 23825075 0 1 0 1 11 36 28 145 47 173
20 23825083 0 1 0 1 18 25 71 123 43 194
20 23825316 0 1 0 1 86 93 368 395 179 763
20 23825546 0 1 0 1 20 14 56 56 34 112
20 23826292 0 1 0 1 14 14 72 79 28 151
20 23877345 0 1 0 1 17 10 66 80 27 146
20 23877791 0 1 0 1 9 9 40 38 18 78
20 23879269 0 1 0 1 9 8 32 23 17 55
20 23879541 0 1 0 1 53 62 216 273 115 489
20 23980664 0 1 0 1 21 24 77 90 45 167
20 23989335 0 1 0 1 4 11 35 35 15 70
20 23989347 0 1 0 1 11 4 30 36 15 66
20 23989604 0 1 0 1 13 18 63 66 31 129
20 23989606 0 1 0 1 13 17 62 65 30 127
20 24665303 0 1 0 1 31 26 95 140 57 235
20 24958954 0 1 0 1 20 29 107 103 49 210
20 24964297 0 1 0 1 6 8 39 44 14 83
20 24969737 0 1 0 1 6 9 24 32 15 56
20 25006802 0 1 0 1 16 7 49 50 23 99
20 25021682 0 1 0 1 13 7 31 40 20 71
20 25023069 0 1 0 1 12 18 77 93 30 170
20 25030787 0 1 0 1 29 49 127 161 78 288
20 25046695 0 1 0 1 7 6 35 39 13 74
20 25046994 0 1 0 1 12 23 79 76 35 155
20 25071907 0 1 0 1 13 25 88 95 38 183
20 25072469 0 1 0 1 15 10 55 43 25 98
20 25072559 0 1 0 1 22 27 84 97 49 181
20 25076621 0 1 0 1 2 10 26 20 12 46
20 25076739 0 1 0 1 7 3 14 20 10 34
20 25078745 0 1 0 1 35 47 145 195 82 340
20 25078910 0 1 0 1 24 22 67 85 46 152
20 25081239 0 1 0 1 5 8 20 20 13 40
20 25081365 0 1 0 1 17 23 97 100 40 197
20 25081509 0 1 0 1 32 17 80 87 49 167
20 25161305 0 1 0 1 14 13 45 48 27 93
20 25161384 0 1 0 1 9 9 25 35 18 60
20 25206577 0 1 0 1 21 28 89 88 49 177
20 25206939 0 1 0 1 24 33 96 89 57 185
20 25209962 0 1 0 1 7 13 33 36 20 69
20 25213227 0 1 0 1 34 40 137 140 74 277
20 25213313 0 1 0 1 41 39 170 157 80 327
20 25218473 0 1 0 1 18 28 137 124 46 261
20 25259031 0 1 0 1 5 8 25 19 13 44
20 25276566 0 1 0 1 8 5 36 32 13 68
20 25278564 0 1 0 1 24 22 73 58 46 131
20 25278996 0 1 0 1 11 13 86 110 24 196
20 25279171 0 1 0 1 23 28 92 127 51 219
20 25279274 0 1 0 1 6 9 37 43 15 80
20 25280295 0 1 0 1 40 43 171 199 83 370
20 25281148 0 1 0 1 45 54 234 215 99 449
20 25282153 0 1 0 1 10 17 45 64 27 109
20 25283012 0 1 0 1 4 6 25 23 10 48
20 25284178 0 1 0 1 39 41 162 182 80 344
20 25284274 0 1 0 1 13 16 63 86 29 149
20 25288284 0 1 0 1 30 40 149 200 70 349
20 25290450 0 1 0 1 21 21 71 73 42 144
20 25290690 0 1 0 1 15 31 84 88 46 172
20 25292726 0 1 0 1 28 29 81 97 57 178
20 25292799 0 1 0 1 13 13 46 59 26 105
20 25294315 0 1 0 1 6 8 45 49 14 94
20 25294317 0 1 0 1 7 6 48 39 13 87
20 25295207 0 1 0 1 13 10 51 50 23 101
20 25295661 0 1 0 1 44 52 168 164 96 332
20 25295707 0 1 0 1 44 43 201 182 87 383
20 25296608 0 1 0 1 6 5 24 25 11 49
20 25300697 0 1 0 1 8 3 17 17 11 34
20 25300762 0 1 0 1 14 8 43 40 22 83
20 25301097 0 1 0 1 24 19 61 53 43 114
20 25302308 0 1 0 1 17 8 76 87 25 163
20 25303707 0 1 0 1 27 33 168 168 60 336
20 25307996 0 1 0 1 23 24 128 121 47 249
20 25315151 0 1 0 1 7 6 15 25 13 40
20 25317273 0 1 0 1 7 6 35 28 13 63
20 25320386 0 1 0 1 17 18 62 39 35 101
20 25339592 0 1 0 1 19 14 47 62 33 109
20 25418154 0 1 0 1 17 25 63 85 42 148
20 25418240 0 1 0 1 14 6 29 35 20 64
20 25453503 0 1 0 1 18 41 115 123 59 238
20 25455815 0 1 0 1 11 11 42 36 22 78
20 25455830 0 1 0 1 11 10 28 31 21 59
20 25467260 0 1 0 1 20 12 54 53 32 107
20 25467295 0 1 0 1 22 23 73 85 45 158
20 25476252 0 1 0 1 27 30 122 113 57 235
20 25479283 0 1 0 1 14 10 42 45 24 87
20 25489420 0 1 0 1 5 15 42 41 20 83
20 25489434 0 1 0 1 8 9 38 36 17 74
20 25489692 0 1 0 1 4 8 21 16 12 37
20 25773465 0 1 0 1 6 5 14 31 11 45
20 25773466 0 1 0 1 6 5 14 31 11 45
20 25773484 0 1 0 1 6 7 20 33 13 53
20 25773496 0 1 0 1 8 7 30 39 15 69
20 25773498 0 1 0 1 8 8 30 39 16 69
20 25773499 0 1 0 1 8 8 32 42 16 74
20 25773519 0 1 0 1 14 14 60 50 28 110
20 25773532 0 1 0 1 12 22 61 53 34 114
20 25773537 0 1 0 1 12 25 62 55 37 117
20 25773570 0 1 0 1 12 33 59 64 45 123
20 25773589 0 1 0 1 13 34 56 71 47 127
20 25773620 0 1 0 1 8 38 44 74 46 118
20 25773659 0 1 0 1 4 26 33 79 30 112
20 25774890 0 1 0 1 6 9 15 40 15 55
20 25774922 0 1 0 1 6 11 18 38 17 56
20 25774938 0 1 0 1 3 13 12 51 16 63
20 25774947 0 1 0 1 3 16 10 53 19 63
20 25774949 0 1 0 1 2 15 10 58 17 68
20 25775304 0 1 0 1 5 42 32 237 47 269
20 25775422 0 1 0 1 6 14 34 76 20 110
20 25775425 0 1 0 1 11 9 70 41 20 111
20 25775448 0 1 0 1 9 10 38 38 19 76
20 25775466 0 1 0 1 4 9 24 31 13 55
20 26081167 0 1 0 1 11 66 60 236 77 296
20 26081223 0 1 0 1 22 82 88 254 104 342
20 26081229 0 1 0 1 13 88 60 274 101 334
20 26081241 0 1 0 1 12 88 48 270 100 318
20 26081244 0 1 0 1 12 88 44 277 100 321
20 26081248 0 1 0 1 12 91 41 270 103 311
20 26081273 0 1 0 1 10 81 38 260 91 298
20 26081286 0 1 0 1 15 75 47 227 90 274
20 26081309 0 1 0 1 10 86 43 233 96 276
20 26081312 0 1 0 1 10 88 44 249 98 293
20 26081320 0 1 0 1 10 89 50 251 99 301
20 26081324 0 1 0 1 21 73 86 215 94 301
20 26081366 0 1 0 1 34 67 114 232 101 346
20 26081385 0 1 0 1 29 61 115 228 90 343
20 26081400 0 1 0 1 28 62 127 233 90 360
20 26081411 0 1 0 1 32 60 131 240 92 371
20 26081421 0 1 0 1 34 52 135 229 86 364
20 26081442 0 1 0 1 37 51 131 212 88 343
20 26081461 0 1 0 1 36 46 119 186 82 305
20 26081469 0 1 0 1 23 54 87 210 77 297
20 26081498 0 1 0 1 20 36 63 155 56 218
20 26081502 0 1 0 1 22 30 68 145 52 213
20 26081517 0 1 0 1 4 43 18 173 47 191
20 26081534 0 1 0 1 7 27 27 130 34 157
20 26081551 0 1 0 1 9 18 43 81 27 124
20 26081553 0 1 0 1 8 18 37 85 26 122
20 26082924 0 1 0 1 11 23 77 66 34 143
20 26091471 0 1 0 1 5 7 30 34 12 64
20 26208315 0 1 0 1 10 42 57 204 52 261
20 26208340 0 1 0 1 10 53 56 225 63 281
20 28565158 0 1 0 1 8 3 43 16 11 59
20 28565175 0 1 0 1 4 21 26 74 25 100
20 28565222 0 1 0 1 8 35 50 136 43 186
20 28565230 0 1 0 1 5 40 29 169 45 198
20 28565257 0 1 0 1 30 20 171 94 50 265
20 28565288 0 1 0 1 40 24 179 116 64 295
20 28565319 0 1 0 1 16 79 73 423 95 496
20 28565328 0 1 0 1 20 89 63 469 109 532
20 28565330 0 1 0 1 38 72 171 376 110 547
20 28565341 0 1 0 1 15 104 101 512 119 613
20 28565351 0 1 0 1 69 71 374 275 140 649
20 28565359 0 1 0 1 47 98 234 427 145 661
20 28565360 0 1 0 1 20 115 82 551 135 633
20 28565367 0 1 0 1 18 125 103 589 143 692
20 28565377 0 1 0 1 18 138 62 687 156 749
20 28565386 0 1 0 1 16 139 64 693 155 757
20 28565417 0 1 0 1 43 95 218 389 138 607
20 28565422 0 1 0 1 13 108 49 512 121 561
20 28565425 0 1 0 1 23 96 124 439 119 563
20 28565441 0 1 0 1 27 71 140 315 98 455
20 28565459 0 1 0 1 13 54 71 257 67 328
20 28565519 0 1 0 1 14 7 59 30 21 89
20 28565556 0 1 0 1 4 18 10 64 22 74
20 28565585 0 1 0 1 6 12 22 56 18 78
20 28565586 0 1 0 1 7 12 22 56 19 78
20 28565595 0 1 0 1 4 17 13 64 21 77
20 28565607 0 1 0 1 8 12 19 52 20 71
20 28565611 0 1 0 1 3 21 9 62 24 71
20 28565623 0 1 0 1 3 15 22 46 18 68
20 28565625 0 1 0 1 6 13 16 48 19 64
20 28565631 0 1 0 1 7 13 16 46 20 62
20 28565662 0 1 0 1 3 7 6 30 10 36
20 28565663 0 1 0 1 4 6 7 29 10 36
20 28565668 0 1 0 1 4 7 19 15 11 34
20 28580685 0 1 0 1 9 4 31 18 13 49
20 28580704 0 1 0 1 4 10 11 36 14 47
20 28580715 0 1 0 1 4 9 12 34 13 46
20 28580726 0 1 0 1 3 9 12 31 12 43
20 28581925 0 1 0 1 8 19 50 55 27 105
20 28581926 0 1 0 1 8 18 50 55 26 105
20 28581931 0 1 0 1 8 18 56 55 26 111
20 28581933 0 1 0 1 7 19 40 70 26 110
20 28581978 0 1 0 1 3 22 22 90 25 112
20 28582047 0 1 0 1 10 14 22 40 24 62
20 28583850 0 1 0 1 2 10 10 41 12 51
20 28583866 0 1 0 1 4 10 19 39 14 58
20 28583943 0 1 0 1 3 14 13 49 17 62
20 28583964 0 1 0 1 2 12 10 51 14 61
20 28583974 0 1 0 1 2 13 14 53 15 67
20 28583982 0 1 0 1 3 11 13 51 14 64
20 28584014 0 1 0 1 6 11 9 61 17 70
20 28584016 0 1 0 1 6 9 24 45 15 69
20 28584073 0 1 0 1 14 9 35 26 23 61
20 28584101 0 1 0 1 10 8 24 17 18 41
20 28588680 0 1 0 1 2 22 11 78 24 89
20 28588753 0 1 0 1 18 15 75 45 33 120
20 28588754 0 1 0 1 18 15 75 48 33 123
20 28588757 0 1 0 1 10 25 31 93 35 124
20 28601720 0 1 0 1 2 13 9 86 15 95
20 28601736 0 1 0 1 5 22 35 96 27 131
20 28601751 0 1 0 1 7 23 43 109 30 152
20 28601769 0 1 0 1 7 23 52 132 30 184
20 28601794 0 1 0 1 8 26 61 155 34 216
20 28601835 0 1 0 1 6 21 46 138 27 184
20 28601896 0 1 0 1 5 9 17 62 14 79
20 28601897 0 1 0 1 5 10 16 61 15 77
20 28601926 0 1 0 1 4 7 6 34 11 40
20 29078953 0 1 0 1 5 17 29 74 22 103
20 29078968 0 1 0 1 6 24 16 134 30 150
20 29078973 0 1 0 1 9 27 36 123 36 159
20 29079028 0 1 0 1 11 58 25 278 69 303
20 29079097 0 1 0 1 28 98 110 457 126 567
20 29079109 0 1 0 1 44 109 210 414 153 624
20 29079199 0 1 0 1 55 120 293 484 175 777
20 29079212 0 1 0 1 24 128 95 568 152 663
20 29079380 0 1 0 1 6 26 20 124 32 144
20 29079418 0 1 0 1 13 6 42 52 19 94
20 29080226 0 1 1 1 7 4 42 8 11 50
20 29080245 0 1 0 1 6 11 35 26 17 61
20 29080257 0 1 0 1 5 12 34 27 17 61
20 29080262 0 1 0 1 5 15 30 31 20 61
20 29080268 0 1 0 1 6 14 33 29 20 62
20 29080353 0 1 0 1 16 13 78 49 29 127
20 29080369 0 1 0 1 21 12 90 49 33 139
20 29080372 0 1 0 1 24 14 99 51 38 150
20 29080381 0 1 0 1 6 38 30 159 44 189
20 29080446 0 1 0 1 12 37 55 122 49 177
20 29080469 0 1 0 1 19 10 86 30 29 116
20 29080471 0 1 0 1 6 22 30 81 28 111
20 29080484 0 1 0 1 10 8 46 30 18 76
20 29080498 0 1 0 1 5 7 33 29 12 62
20 29080514 0 1 0 1 7 6 33 23 13 56
20 29080537 0 1 0 1 8 4 46 22 12 68
20 29080543 0 1 0 1 11 4 57 22 15 79
20 29080585 0 1 0 1 6 11 21 52 17 73
20 29080605 0 1 0 1 3 12 14 42 15 56
20 29091564 0 1 0 1 8 6 34 22 14 56
20 29091640 0 1 0 1 3 14 25 93 17 118
20 29091675 0 1 0 1 3 8 13 57 11 70
20 29091820 0 1 0 1 6 8 17 33 14 50
20 29091835 0 1 0 1 9 4 23 16 13 39
20 29092401 0 1 0 1 10 13 8 45 23 53
20 29092408 0 1 0 1 5 22 21 37 27 58
20 29092456 0 1 0 1 16 20 19 93 36 112
20 29094292 0 1 0 1 13 9 58 35 22 93
20 29094347 0 1 0 1 14 26 30 110 40 140
20 29094350 0 1 0 1 25 12 81 53 37 134
20 29094351 0 1 0 1 25 13 81 53 38 134
20 29094424 0 1 0 1 7 37 17 131 44 148
20 29094490 0 1 0 1 4 16 6 53 20 59
20 29094504 0 1 0 1 7 6 27 12 13 39
20 29094506 0 1 0 1 7 6 25 12 13 37
20 29099463 0 1 0 1 3 9 11 55 12 66
20 29099497 0 1 0 1 8 12 27 68 20 95
20 29099505 0 1 0 1 8 13 29 72 21 101
20 29099536 0 1 0 1 7 16 28 78 23 106
20 29099578 0 1 0 1 3 14 6 57 17 63
20 29099595 0 1 0 1 2 12 5 49 14 54
20 29101515 0 1 0 0 2 14 0 86 16 86
20 29101538 0 1 0 1 4 14 16 73 18 89
20 29101543 0 1 0 1 4 14 17 76 18 93
20 29101544 0 1 0 1 4 16 17 73 20 90
20 29101548 0 1 0 1 2 17 15 76 19 91
20 29101604 0 1 0 1 3 8 32 39 11 71
20 29101611 0 1 0 1 3 8 29 36 11 65
20 29118321 0 1 0 1 7 19 28 72 26 100
20 29118336 0 1 0 1 6 20 16 86 26 102
20 29118364 0 1 0 1 13 12 37 42 25 79
20 29118453 0 1 0 1 3 19 10 68 22 78
20 29296962 0 1 0 1 6 5 14 28 11 42
20 29297017 0 1 0 1 4 6 15 43 10 58
20 29297020 0 1 0 1 4 7 15 41 11 56
20 29297031 0 1 0 1 5 8 21 43 13 64
20 29297072 0 1 0 1 10 11 22 46 21 68
20 29297105 0 1 0 1 9 11 25 44 20 69
20 29297114 0 1 0 1 9 9 27 47 18 74
20 29297130 0 1 0 1 8 6 20 40 14 60
20 29297135 0 1 0 1 7 6 21 37 13 58
20 29300469 0 1 0 1 7 3 14 20 10 34
20 29300473 0 1 0 1 7 3 13 19 10 32
20 29300480 0 1 0 1 6 4 14 19 10 33
20 29300506 0 1 0 1 5 5 14 18 10 32
20 29300667 0 1 0 1 6 11 32 33 17 65
20 29300693 0 1 0 1 10 8 28 27 18 55
20 29300711 0 1 0 1 13 8 32 27 21 59
20 29300728 0 1 0 1 12 9 31 20 21 51
20 29300734 0 1 0 1 10 8 32 22 18 54
20 29300756 0 1 0 1 6 8 29 19 14 48
20 29300758 0 1 0 1 6 8 26 19 14 45
20 29300759 0 1 0 1 7 6 26 18 13 44
20 29300776 0 1 0 1 4 9 12 48 13 60
20 29300777 0 1 0 1 6 6 36 23 12 59
20 29300793 0 1 0 1 8 6 32 23 14 55
20 29300802 0 1 0 1 5 8 27 21 13 48
20 29300824 0 1 0 1 7 8 27 32 15 59
20 29300840 0 1 0 1 10 10 25 29 20 54
20 29300852 0 1 0 1 8 8 25 30 16 55
20 29300856 0 1 0 1 8 9 26 28 17 54
20 29300867 0 1 0 1 7 11 17 44 18 61
20 29300880 0 1 0 1 7 9 32 32 16 64
20 29300882 0 1 0 1 8 12 31 38 20 69
20 29300887 0 1 0 1 8 13 37 38 21 75
20 29300908 0 1 0 1 10 15 51 47 25 98
20 29300917 0 1 0 1 11 18 55 51 29 106
20 29300941 0 1 0 1 16 18 74 79 34 153
20 29300976 0 1 0 1 22 26 103 117 48 220
20 29300992 0 1 0 1 22 28 117 123 50 240
20 29301015 0 1 0 1 29 35 153 156 64 309
20 29301029 0 1 0 1 26 41 154 180 67 334
20 29301036 0 1 0 1 24 45 147 189 69 336
20 29301045 0 1 0 1 18 49 129 207 67 336
20 29301046 0 1 0 1 21 47 133 208 68 341
20 29301047 0 1 0 1 20 50 134 208 70 342
20 29301068 0 1 0 1 46 47 224 216 93 440
20 29301078 0 1 0 1 17 77 105 366 94 471
20 29301093 0 1 0 1 37 65 130 377 102 507
20 29301114 0 1 0 1 42 58 220 245 100 465
20 29301115 0 1 0 1 37 56 210 248 93 458
20 29301122 0 1 0 1 42 58 227 250 100 477
20 29301168 0 1 0 1 11 49 50 259 60 309
20 29301208 0 1 0 1 23 25 110 150 48 260
20 29301212 0 1 0 1 22 23 108 148 45 256
20 29301249 0 1 0 1 22 12 85 98 34 183
20 29301260 0 1 0 1 16 12 78 92 28 170
20 29301263 0 1 0 1 18 10 75 94 28 169
20 29301283 0 1 0 1 10 7 52 75 17 127
20 29301295 0 1 0 1 8 11 50 68 19 118
20 29301306 0 1 0 1 7 11 48 54 18 102
20 29301315 0 1 0 1 5 9 42 47 14 89
20 29301320 0 1 0 1 4 9 40 41 13 81
20 29301326 0 1 0 1 3 10 31 37 13 68
20 29301333 0 1 0 1 3 7 31 35 10 66
20 29301340 0 1 0 1 3 2 32 19 5 51
20 29301353 0 1 0 1 4 8 32 26 12 58
20 29301357 0 1 0 1 3 7 29 25 10 54
20 29327191 0 1 0 1 5 5 32 19 10 51
20 29327239 0 1 0 1 4 19 13 110 23 123
20 29327306 0 1 0 1 26 13 110 78 39 188
20 29327340 0 1 0 1 34 15 138 67 49 205
20 29327393 0 1 1 1 29 11 130 42 40 172
20 29327397 0 1 0 1 14 24 53 101 38 154
20 29327407 0 1 0 1 26 15 115 45 41 160
20 29327411 0 1 0 1 7 35 31 125 42 156
20 29327413 0 1 0 1 5 40 17 142 45 159
20 29327414 0 1 0 1 5 39 18 134 44 152
20 29327416 0 1 0 1 24 14 97 47 38 144
20 29327424 0 1 0 1 5 34 20 133 39 153
20 29327442 0 1 0 1 15 23 50 88 38 138
20 29327467 0 1 0 1 5 34 17 120 39 137
20 29327477 0 1 0 1 3 31 19 121 34 140
20 29327478 0 1 0 1 3 25 19 106 28 125
20 29327508 0 1 0 1 6 21 16 80 27 96
20 29327511 0 1 0 1 20 8 68 31 28 99
20 29327515 0 1 0 1 8 20 24 70 28 94
20 29327574 0 1 0 1 5 19 21 71 24 92
20 29327575 0 1 0 1 16 9 64 22 25 86
20 29327582 0 1 0 1 4 24 13 68 28 81
20 29327585 0 1 1 1 20 9 64 20 29 84
20 29327614 0 1 0 1 24 9 73 26 33 99
20 29327641 0 1 0 1 10 22 50 54 32 104
20 29327685 0 1 0 1 14 14 33 54 28 87
20 29327722 0 1 0 1 8 7 31 29 15 60
20 29328596 0 1 0 1 9 7 15 38 16 53
20 29328662 0 1 0 1 5 11 8 38 16 46
20 29328675 0 1 0 1 5 11 16 23 16 39
20 29328685 0 1 0 1 4 12 16 20 16 36
20 29328721 0 1 0 1 3 9 9 24 12 33
20 29362354 0 1 0 1 9 14 47 55 23 102
20 29362361 0 1 0 1 8 16 47 60 24 107
20 29362377 0 1 0 1 2 22 19 104 24 123
20 29362392 0 1 0 1 6 19 45 87 25 132
20 29362397 0 1 0 1 6 21 44 92 27 136
20 29362405 0 1 0 1 5 20 43 88 25 131
20 29362408 0 1 0 1 6 19 43 87 25 130
20 29362432 0 1 0 1 6 18 31 85 24 116
20 29362458 0 1 0 1 8 18 38 71 26 109
20 29362469 0 1 0 1 7 18 44 70 25 114
20 29362505 0 1 0 1 6 11 23 57 17 80
20 29408350 0 1 0 1 2 9 11 45 11 56
20 29408363 0 1 1 1 7 3 49 11 10 60
20 29408425 0 1 0 1 9 11 26 68 20 94
20 29408426 0 1 0 1 9 11 26 66 20 92
20 29408478 0 1 0 1 17 6 59 27 23 86
20 29408480 0 1 0 1 7 16 20 64 23 84
20 29408483 0 1 0 1 17 6 59 24 23 83
20 29408485 0 1 0 1 2 19 16 75 21 91
20 29408516 0 1 0 1 6 20 14 87 26 101
20 29408560 0 1 0 1 9 14 22 67 23 89
20 29408569 0 1 0 0 2 21 0 90 23 90
20 29408581 0 1 0 1 8 13 23 62 21 85
20 29408601 0 1 0 1 7 12 19 58 19 77
20 29408650 0 1 0 1 6 7 16 41 13 57
20 29411026 0 1 0 0 2 7 0 38 9 38
20 29411034 0 1 0 1 5 5 18 19 10 37
20 29411035 0 1 0 1 3 7 3 32 10 35
20 29411037 0 1 0 1 5 5 20 18 10 38
20 29411151 0 1 0 1 4 9 20 66 13 86
20 29411168 0 1 0 1 6 10 21 61 16 82
20 29411209 0 1 0 1 3 16 18 59 19 77
20 29411260 0 1 0 1 8 4 61 27 12 88
20 29411270 0 1 0 1 4 8 33 60 12 93
20 29411274 0 1 0 1 7 4 54 33 11 87
20 29411289 0 1 0 1 5 14 28 72 19 100
20 29411294 0 1 0 1 3 9 31 35 12 66
20 29411297 0 1 0 1 2 20 11 104 22 115
20 29411314 0 1 0 1 7 24 12 132 31 144
20 29411328 0 1 0 1 8 27 22 122 35 144
20 29411332 0 1 0 1 9 25 14 127 34 141
20 29411343 0 1 0 1 5 28 18 111 33 129
20 29411352 0 1 0 1 20 7 78 37 27 115
20 29411365 0 1 0 1 5 30 27 110 35 137
20 29411383 0 1 0 1 10 39 37 138 49 175
20 29411405 0 1 0 1 12 43 50 158 55 208
20 29411424 0 1 0 1 13 46 46 211 59 257
20 29411432 0 1 0 1 10 50 33 236 60 269
20 29411448 0 1 0 1 12 59 33 256 71 289
20 29411450 0 1 0 1 28 31 102 114 59 216
20 29411462 0 1 0 1 9 65 52 249 74 301
20 29411463 0 1 0 1 16 68 54 277 84 331
20 29411469 0 1 0 1 11 67 42 284 78 326
20 29411471 0 1 0 1 11 67 30 283 78 313
20 29411477 0 1 0 1 22 56 68 259 78 327
20 29411478 0 1 0 1 9 69 34 300 78 334
20 29411482 0 1 0 1 11 70 40 292 81 332
20 29411497 0 1 0 1 11 59 28 261 70 289
20 29411498 0 1 0 1 13 51 57 185 64 242
20 29411502 0 1 0 1 10 54 27 241 64 268
20 29411508 0 1 0 1 13 46 27 223 59 250
20 29411514 0 1 0 1 6 44 23 208 50 231
20 29411528 0 1 0 1 19 15 58 71 34 129
20 29411554 0 1 0 1 3 8 37 58 11 95
20 29411634 0 1 0 1 3 9 10 40 12 50
20 29411640 0 1 0 1 2 10 4 42 12 46
20 29411654 0 1 0 1 2 8 3 31 10 34
20 29411657 0 1 0 1 4 6 6 25 10 31
20 29415735 0 1 0 1 24 135 83 516 159 599
20 29415770 0 1 0 1 26 104 96 373 130 469
20 29415781 0 1 0 1 30 93 92 362 123 454
20 29415796 0 1 0 1 30 87 103 323 117 426
20 29415836 0 1 0 1 23 65 90 249 88 339
20 29415864 0 1 0 1 16 54 38 266 70 304
20 29415878 0 1 0 1 30 38 96 177 68 273
20 29415903 0 1 0 1 26 35 76 159 61 235
20 29415927 0 1 0 1 16 37 66 160 53 226
20 29415958 0 1 0 1 21 39 88 156 60 244
20 29415979 0 1 0 1 20 41 91 175 61 266
20 29415985 0 1 0 1 18 44 85 174 62 259
20 29416062 0 1 0 1 12 71 56 281 83 337
20 29416099 0 1 0 1 29 66 159 271 95 430
20 29416133 0 1 0 1 16 77 62 339 93 401
20 29416180 0 1 0 1 13 37 60 182 50 242
20 29416181 0 1 0 1 11 35 58 177 46 235
20 29416193 0 1 0 1 14 33 38 171 47 209
20 29416202 0 1 0 1 10 27 33 160 37 193
20 29416242 0 1 0 1 5 27 52 139 32 191
20 29416287 0 1 0 1 13 14 59 96 27 155
20 29416434 0 1 0 1 25 149 105 640 174 745
20 29416468 0 1 0 1 133 68 513 381 201 894
20 29416489 0 1 0 1 147 74 574 380 221 954
20 29416540 0 1 0 1 108 75 442 343 183 785
20 29416541 0 1 0 1 109 71 438 339 180 777
20 29416565 0 1 0 1 104 71 399 307 175 706
20 29416784 0 1 0 0 3 26 0 106 29 106
20 29416976 0 1 0 1 2 12 9 42 14 51
20 29427314 0 1 0 1 8 8 25 26 16 51
20 29427700 0 1 0 0 2 11 0 53 13 53
20 29481370 0 1 0 1 4 8 26 47 12 73
20 29481399 0 1 0 1 7 7 48 26 14 74
20 29481406 0 1 0 1 5 10 24 54 15 78
20 29481447 0 1 0 1 6 10 38 49 16 87
20 29482441 0 1 0 1 2 11 9 44 13 53
20 29482469 0 1 0 1 7 11 25 35 18 60
20 29482470 0 1 0 1 7 11 25 36 18 61
20 29482521 0 1 0 1 3 13 9 53 16 62
20 29482553 0 1 0 1 23 16 70 80 39 150
20 29482608 0 1 0 1 19 54 56 181 73 237
20 29482688 0 1 0 1 6 16 18 79 22 97
20 29482692 0 1 0 1 16 6 58 31 22 89
20 29482699 0 1 0 1 12 6 37 25 18 62
20 29482700 0 1 0 1 11 6 36 24 17 60
20 29494929 0 1 0 1 8 17 38 48 25 86
20 29496189 0 1 0 1 26 13 105 61 39 166
20 29496213 0 1 0 1 40 16 162 71 56 233
20 29496226 0 1 0 1 44 18 170 100 62 270
20 29496353 0 1 0 1 18 27 84 156 45 240
20 29496354 0 1 0 1 18 29 82 148 47 230
20 29496394 0 1 0 1 7 8 48 32 15 80
20 29496405 0 1 0 1 9 18 20 86 27 106
20 29496410 0 1 0 1 6 18 38 58 24 96
20 29496467 0 1 0 1 7 4 10 37 11 47
20 29496471 0 1 0 1 2 8 8 36 10 44
20 29497032 0 1 1 1 6 4 46 10 10 56
20 29497055 0 1 1 1 15 6 87 11 21 98
20 29497085 0 1 1 1 16 9 118 18 25 136
20 29497098 0 1 0 1 6 24 45 101 30 146
20 29497100 0 1 1 1 17 14 119 27 31 146
20 29497123 0 1 0 1 10 26 54 97 36 151
20 29497163 0 1 0 1 11 15 72 34 26 106
20 29497173 0 1 0 1 12 16 77 37 28 114
20 29497198 0 1 0 1 12 8 74 30 20 104
20 29497225 0 1 0 1 4 6 13 68 10 81
20 29497226 0 1 0 1 4 6 39 32 10 71
20 29497230 0 1 0 1 4 6 36 33 10 69
20 29497289 0 1 0 1 5 6 26 23 11 49
20 29497302 0 1 0 1 5 5 35 22 10 57
20 29497324 0 1 0 1 6 5 40 17 11 57
20 29497329 0 1 1 1 7 5 44 11 12 55
20 29497381 0 1 0 1 5 5 25 21 10 46
20 29497615 0 1 0 1 3 7 4 26 10 30
20 29497649 0 1 0 1 3 7 6 25 10 31
20 29497773 0 1 0 1 7 7 12 27 14 39
20 29497831 0 1 0 0 2 8 0 45 10 45
20 29498299 0 1 0 1 8 14 31 53 22 84
20 29498308 0 1 0 1 7 15 26 55 22 81
20 29498309 0 1 0 1 6 18 28 56 24 84
20 29498396 0 1 0 1 10 23 30 130 33 160
20 29498453 0 1 0 1 17 24 84 127 41 211
20 29498487 0 1 0 1 13 29 82 137 42 219
20 29498588 0 1 0 1 6 12 15 42 18 57
20 29498609 0 1 0 1 3 10 12 37 13 49
20 29500922 0 1 0 1 10 20 50 94 30 144
20 29501012 0 1 0 1 4 24 33 160 28 193
20 29501024 0 1 0 1 7 20 49 137 27 186
20 29501069 0 1 0 1 10 6 62 58 16 120
20 29501074 0 1 0 1 4 11 39 69 15 108
20 29501094 0 1 0 1 7 6 42 38 13 80
20 29501102 0 1 0 1 5 8 23 43 13 66
20 29501122 0 1 0 1 3 7 9 37 10 46
20 29572000 0 1 0 1 19 43 60 246 62 306
20 29572009 0 1 0 1 18 41 61 251 59 312
20 29572014 0 1 0 1 18 45 60 251 63 311
20 29572083 0 1 0 1 17 47 76 209 64 285
20 29572151 0 1 0 1 5 25 16 123 30 139
20 29572162 0 1 0 1 4 21 12 115 25 127
20 29572180 0 1 0 1 7 6 39 54 13 93
20 29641836 0 1 0 1 5 5 9 23 10 32
20 29641883 0 1 0 1 5 9 15 37 14 52
20 29641970 0 1 0 1 5 10 17 38 15 55
20 29688247 0 1 0 1 7 5 24 27 12 51
20 29741356 0 1 0 1 2 9 10 21 11 31
20 29741360 0 1 0 1 2 10 9 21 12 30
20 29743437 0 1 0 1 14 11 43 30 25 73
20 29743534 0 1 0 1 2 13 5 25 15 30
20 29743557 0 1 0 1 3 8 11 18 11 29
20 29745623 0 1 0 1 3 7 7 33 10 40
20 29765831 0 1 0 1 7 6 21 27 13 48
20 29765847 0 1 0 1 3 11 6 44 14 50
20 29765853 0 1 0 1 7 7 21 31 14 52
20 29765860 0 1 0 1 9 7 24 31 16 55
20 29765880 0 1 0 1 7 4 21 30 11 51
20 29800071 0 1 0 1 2 11 9 55 13 64
20 29800076 0 1 0 1 2 13 14 55 15 69
20 29800091 0 1 0 1 4 15 30 59 19 89
20 29800114 0 1 0 1 3 24 20 92 27 112
20 29800129 0 1 0 1 10 19 54 75 29 129
20 29800134 0 1 0 1 10 19 57 73 29 130
20 29800145 0 1 0 1 11 23 69 77 34 146
20 29800169 0 1 0 1 11 20 78 77 31 155
20 29800177 0 1 0 1 10 19 72 76 29 148
20 29800179 0 1 0 1 11 18 69 76 29 145
20 29800194 0 1 0 1 10 17 68 68 27 136
20 29800196 0 1 0 1 10 17 72 66 27 138
20 29800231 0 1 0 1 10 10 51 62 20 113
20 29800248 0 1 0 1 12 8 41 55 20 96
20 29800254 0 1 0 1 12 8 47 50 20 97
20 29800263 0 1 0 1 11 8 46 42 19 88
20 29800301 0 1 0 1 14 15 50 51 29 101
20 29800303 0 1 0 1 8 21 22 72 29 94
20 29800312 0 1 0 1 14 15 59 48 29 107
20 29800327 0 1 0 1 15 14 66 43 29 109
20 29800335 0 1 0 1 6 10 37 39 16 76
20 29800358 0 1 0 1 4 33 10 111 37 121
20 29800385 0 1 0 1 5 30 19 95 35 114
20 29800400 0 1 0 1 18 12 58 52 30 110
20 29800410 0 1 0 1 3 29 13 97 32 110
20 29800420 0 1 0 1 9 20 24 76 29 100
20 29800473 0 1 0 1 7 9 24 35 16 59
20 29800491 0 1 0 1 2 10 9 25 12 34
20 29835950 0 1 0 1 5 6 23 18 11 41
20 29835998 0 1 0 1 4 5 24 28 9 52
20 29836005 0 1 0 1 6 5 27 30 11 57
20 29836009 0 1 0 1 6 6 27 32 12 59
20 29836028 0 1 0 1 5 6 17 39 11 56
20 29836044 0 1 0 1 4 8 24 33 12 57
20 29836056 0 1 0 1 6 6 24 31 12 55
20 29836069 0 1 0 1 7 5 25 37 12 62
20 29836081 0 1 0 1 7 9 18 32 16 50
20 29836092 0 1 0 1 6 9 17 28 15 45
20 29836113 0 1 0 1 5 5 23 14 10 37
20 29836141 0 1 0 1 5 10 12 19 15 31
20 29836154 0 1 0 1 4 8 8 21 12 29
20 29874650 0 1 0 1 4 19 16 38 23 54
20 29874655 0 1 1 1 11 10 49 14 21 63
20 29874667 0 1 0 1 2 21 9 65 23 74
20 29874689 0 1 0 1 3 25 14 85 28 99
20 29874701 0 1 0 1 3 26 14 71 29 85
20 29874709 0 1 0 1 3 25 15 77 28 92
20 29874715 0 1 0 1 8 20 24 70 28 94
20 29874717 0 1 0 1 3 25 16 73 28 89
20 29874722 0 1 0 1 3 25 9 70 28 79
20 29874723 0 1 0 1 6 23 11 75 29 86
20 29874726 0 1 0 1 4 23 23 63 27 86
20 29874731 0 1 0 1 4 23 23 63 27 86
20 29874734 0 1 0 1 8 17 22 55 25 77
20 29874740 0 1 0 1 3 22 9 73 25 82
20 29874752 0 1 0 1 13 10 50 29 23 79
20 29874753 0 1 0 1 2 20 10 65 22 75
20 29874754 0 1 0 1 3 18 10 60 21 70
20 29874756 0 1 0 1 13 10 46 31 23 77
20 29874763 0 1 0 1 3 16 10 70 19 80
20 29874772 0 1 0 1 2 16 7 63 18 70
20 29874775 0 1 0 1 10 8 26 35 18 61
20 29874781 0 1 0 1 7 8 18 36 15 54
20 29874782 0 1 0 1 8 8 26 37 16 63
20 29874815 0 1 0 1 12 15 56 95 27 151
20 29874847 0 1 0 1 8 43 29 207 51 236
20 29874888 0 1 0 1 12 66 59 300 78 359
20 29874908 0 1 0 1 11 64 55 270 75 325
20 29874914 0 1 0 1 39 14 178 81 53 259
20 29874952 0 1 0 1 19 36 93 222 55 315
20 29874972 0 1 0 1 16 37 110 227 53 337
20 29875095 0 1 0 1 14 28 71 156 42 227
20 29876697 0 1 0 1 6 22 12 87 28 99
20 29876700 0 1 0 1 8 20 21 80 28 101
20 29876714 0 1 0 1 8 21 23 88 29 111
20 29876723 0 1 0 1 10 21 27 97 31 124
20 29876745 0 1 0 1 15 7 71 37 22 108
20 29876749 0 1 0 1 7 25 40 96 32 136
20 29876769 0 1 0 1 4 28 11 122 32 133
20 29876787 0 1 0 1 4 21 28 84 25 112
20 29876806 0 1 0 1 4 19 26 82 23 108
20 29876821 0 1 0 1 4 16 26 77 20 103
20 29876838 0 1 0 1 2 12 26 56 14 82
20 29876872 0 1 0 1 9 6 63 28 15 91
20 29876903 0 1 0 1 2 12 9 75 14 84
20 29876931 0 1 0 1 2 13 7 57 15 64
20 29880428 0 1 0 1 3 13 11 56 16 67
20 29880431 0 1 0 1 4 12 12 52 16 64
20 29880455 0 1 0 1 3 11 7 44 14 51
20 29880463 0 1 0 1 4 13 6 37 17 43
20 29880470 0 1 0 1 3 12 6 36 15 42
20 29880473 0 1 0 1 3 12 4 33 15 37
20 30283872 0 1 0 1 3 10 12 70 13 82
20 30283919 0 1 0 1 3 7 19 56 10 75
20 30283921 0 1 0 1 3 8 8 67 11 75
20 30285611 0 1 0 1 2 8 39 27 10 66
20 30285707 0 1 0 1 6 8 36 30 14 66
20 30312026 0 1 0 1 5 16 10 102 21 112
20 30373544 0 1 0 1 2 10 6 67 12 73
20 30373564 0 1 0 1 2 10 12 74 12 86
20 30373579 0 1 0 1 2 10 13 62 12 75
20 30375988 0 1 0 1 4 21 9 94 25 103
20 30376086 0 1 0 1 11 54 45 200 65 245
20 30376259 0 1 0 1 3 9 21 27 12 48
20 30377347 0 1 0 1 2 11 9 37 13 46
20 30377378 0 1 0 1 2 8 6 44 10 50
20 30377388 0 1 0 1 2 10 6 46 12 52
20 30388373 0 1 0 1 5 5 15 15 10 30
20 30388547 0 1 0 1 28 19 127 131 47 258
20 30388694 0 1 0 1 3 7 7 26 10 33
20 30391112 0 1 0 1 5 10 22 35 15 57
20 30391162 0 1 0 1 8 21 52 64 29 116
20 30391197 0 1 0 1 4 30 16 111 34 127
20 30391200 0 1 0 1 11 22 52 76 33 128
20 30391259 0 1 0 1 3 12 10 56 15 66
20 30391321 0 1 0 1 5 6 40 30 11 70
20 30391351 0 1 0 1 9 5 44 17 14 61
20 30393488 0 1 0 1 5 11 17 33 16 50
20 30393585 0 1 0 1 7 22 46 109 29 155
20 30393595 0 1 0 1 11 15 45 90 26 135
20 30393659 0 1 0 1 2 19 23 112 21 135
20 30393665 0 1 0 1 2 19 17 111 21 128
20 30393812 0 1 0 1 6 7 22 27 13 49
20 30398033 0 1 0 1 10 30 17 58 40 75
20 30398038 0 1 0 1 9 29 16 65 38 81
20 30398039 0 1 0 1 9 30 16 67 39 83
20 30399147 0 1 0 1 3 11 21 42 14 63
20 30399226 0 1 0 1 4 36 17 192 40 209
20 30399240 0 1 1 1 27 10 165 26 37 191
20 30399251 0 1 1 1 28 11 155 28 39 183
20 30399253 0 1 1 1 28 11 149 28 39 177
20 30399310 0 1 1 1 16 8 95 28 24 123
20 30399311 0 1 0 1 6 18 42 83 24 125
20 30417324 0 1 0 1 7 10 25 56 17 81
20 30417349 0 1 0 1 5 14 17 84 19 101
20 30417389 0 1 0 1 9 39 85 145 48 230
20 30417407 0 1 0 1 29 33 130 153 62 283
20 30417423 0 1 0 1 18 43 116 208 61 324
20 30417496 0 1 0 1 15 33 91 196 48 287
20 30417497 0 1 0 1 13 36 53 231 49 284
20 30417507 0 1 0 1 11 33 55 248 44 303
20 30417515 0 1 0 1 16 33 118 186 49 304
20 30417520 0 1 0 1 6 48 49 277 54 326
20 30417578 0 1 0 1 24 50 117 221 74 338
20 30417599 0 1 0 1 7 58 27 276 65 303
20 30417618 0 1 0 1 23 38 78 155 61 233
20 30417627 0 1 0 1 29 20 96 82 49 178
20 30417668 0 1 0 1 7 11 34 42 18 76
20 30417673 0 1 0 1 6 9 33 38 15 71
20 30417676 0 1 0 1 6 9 34 40 15 74
20 30494923 0 1 0 1 4 11 8 25 15 33
20 30550231 0 1 0 1 16 14 73 91 30 164
20 30551197 0 1 0 1 12 12 55 71 24 126
20 30615198 0 1 0 1 8 9 38 39 17 77
20 30664698 0 1 0 1 4 9 5 52 13 57
20 30682610 0 1 0 1 7 10 42 44 17 86
20 30702796 0 1 0 1 8 10 17 12 18 29
20 30711996 0 1 0 1 4 8 24 17 12 41
20 30729023 0 1 0 1 10 14 58 52 24 110
20 30729065 0 1 0 1 9 14 43 36 23 79
20 30812386 0 1 0 1 5 6 8 26 11 34
20 30812391 0 1 0 1 5 4 11 24 9 35
20 30812392 0 1 0 1 5 4 8 24 9 32
20 30812430 0 1 0 1 4 4 12 22 8 34
20 30813361 0 1 0 1 3 7 10 22 10 32
20 30813362 0 1 0 1 3 8 9 24 11 33
20 30813398 0 1 0 1 2 8 9 21 10 30
20 30813404 0 1 0 1 2 8 7 23 10 30
20 30813697 0 1 0 1 5 4 16 22 9 38
20 30813701 0 1 0 1 7 4 16 22 11 38
20 30813758 0 1 0 1 6 6 10 25 12 35
20 30813929 0 1 0 1 5 5 13 29 10 42
20 30815019 0 1 0 1 3 13 9 45 16 54
20 30815035 0 1 0 1 5 15 7 65 20 72
20 30815045 0 1 0 1 9 12 41 27 21 68
20 30815057 0 1 0 1 11 10 53 28 21 81
20 30815065 0 1 0 1 11 18 56 48 29 104
20 30815067 0 1 0 1 12 17 57 50 29 107
20 30815082 0 1 0 1 8 25 25 88 33 113
20 30815167 0 1 0 1 6 56 18 205 62 223
20 30815181 0 1 0 1 14 48 56 173 62 229
20 30815231 0 1 0 1 32 22 134 112 54 246
20 30815324 0 1 0 1 14 92 76 435 106 511
20 30815358 0 1 0 1 12 121 54 607 133 661
20 30815378 0 1 0 1 26 136 151 594 162 745
20 30815398 0 1 0 1 52 122 234 480 174 714
20 30815416 0 1 0 1 23 137 118 532 160 650
20 30815428 0 1 0 1 22 132 109 459 154 568
20 30815434 0 1 0 1 53 92 215 337 145 552
20 30815445 0 1 0 1 29 99 94 404 128 498
20 30815455 0 1 0 1 21 95 77 368 116 445
20 30815465 0 1 0 1 17 79 69 310 96 379
20 30815467 0 1 0 1 9 90 44 350 99 394
20 30815500 0 1 0 1 33 42 123 211 75 334
20 30815510 0 1 0 1 38 38 117 171 76 288
20 30815534 0 1 0 1 33 21 107 127 54 234
20 30815552 0 1 0 1 19 23 60 136 42 196
20 30815553 0 1 0 1 17 25 56 136 42 192
20 30815561 0 1 0 1 19 19 78 105 38 183
20 30815564 0 1 0 1 17 20 78 108 37 186
20 30815581 0 1 0 1 16 25 56 113 41 169
20 30815592 0 1 0 1 10 12 48 46 22 94
20 30815605 0 1 0 1 2 14 12 80 16 92
20 30815619 0 1 0 1 2 14 16 73 16 89
20 30815624 0 1 0 1 2 13 15 78 15 93
20 30815628 0 1 0 1 2 14 14 74 16 88
20 30815632 0 1 0 1 8 8 50 40 16 90
20 30815634 0 1 0 1 4 16 18 76 20 94
20 30815650 0 1 0 1 5 14 28 75 19 103
20 30815715 0 1 0 1 6 8 22 44 14 66
20 30815726 0 1 0 1 5 7 18 31 12 49
20 30815781 0 1 0 1 3 7 9 33 10 42
20 30855612 0 1 0 1 3 8 17 31 11 48
20 31054752 0 1 0 1 2 9 6 46 11 52
20 31054753 0 1 0 1 3 9 13 36 12 49
20 31054762 0 1 0 1 5 8 17 27 13 44
20 31065064 0 1 0 1 4 10 7 50 14 57
20 31075450 0 1 0 1 5 6 13 22 11 35
20 31075453 0 1 0 1 3 9 13 22 12 35
20 31075457 0 1 0 1 2 8 9 30 10 39
20 31106781 0 1 0 1 3 9 19 26 12 45
20 31106825 0 1 0 0 3 26 0 108 29 108
20 31106827 0 1 0 1 3 20 9 89 23 98
20 31106828 0 1 0 1 5 16 11 80 21 91
20 31106832 0 1 0 1 2 23 9 79 25 88
20 31241643 0 1 0 1 2 11 4 36 13 40
20 31241692 0 1 0 0 2 9 0 48 11 48
20 31274572 0 1 0 1 7 9 35 46 16 81
20 31286154 0 1 0 1 13 15 49 56 28 105
20 31286498 0 1 0 1 9 8 46 53 17 99
20 31377211 0 1 0 1 11 15 38 55 26 93
20 31449980 0 1 0 1 10 13 74 92 23 166
20 31465452 0 1 0 1 19 33 93 99 52 192
20 31476528 0 1 0 1 19 25 105 127 44 232
20 31484041 0 1 0 1 13 12 68 66 25 134
20 31559326 0 1 0 1 6 6 27 31 12 58
20 31559342 0 1 0 1 7 9 33 33 16 66
20 31559467 0 1 0 1 10 18 88 94 28 182
20 31559751 0 1 0 1 26 23 87 81 49 168
20 31561932 0 1 0 1 7 5 28 26 12 54
20 31566434 0 1 0 1 8 16 53 45 24 98
20 31605145 0 1 0 1 7 3 14 19 10 33
20 31605268 0 1 0 1 15 16 58 57 31 115
20 31605307 0 1 0 1 20 20 81 93 40 174
20 31605574 0 1 0 1 39 33 145 142 72 287
20 31605735 0 1 0 1 20 28 115 109 48 224
20 31607096 0 1 0 1 8 4 25 33 12 58
20 31607363 0 1 0 1 9 12 42 40 21 82
20 31638887 0 1 0 1 15 16 65 60 31 125
20 31638961 0 1 0 1 20 19 77 81 39 158
20 31639836 0 1 0 1 6 7 26 22 13 48
20 31644649 0 1 0 1 14 20 72 69 34 141
20 31644701 0 1 0 1 21 30 116 124 51 240
20 31760029 0 1 0 1 10 19 63 68 29 131
20 31775842 0 1 0 1 7 5 24 21 12 45
20 31793955 0 1 0 1 11 21 68 89 32 157
20 31794305 0 1 0 1 6 11 52 49 17 101
20 31794512 0 1 0 1 14 28 95 98 42 193
20 31797754 0 1 0 1 7 4 16 18 11 34
20 31819410 0 1 0 1 11 14 47 51 25 98
20 31821781 0 1 0 1 13 11 53 27 24 80
20 31826775 0 1 0 1 42 58 249 256 100 505
20 31831248 0 1 0 1 26 19 59 77 45 136
20 31833421 0 1 0 1 7 6 40 29 13 69
20 31833656 0 1 0 1 25 28 128 118 53 246
20 31845336 0 1 0 1 57 57 251 261 114 512
20 31845549 0 1 0 1 25 38 147 141 63 288
20 31848285 0 1 0 1 17 9 42 47 26 89
20 31849719 0 1 0 1 16 22 75 69 38 144
20 31864979 0 1 0 1 27 36 129 112 63 241
20 31869761 0 1 0 0 2 12 0 49 14 49
20 31994954 0 1 0 1 7 9 39 39 16 78
20 31995378 0 1 0 1 6 4 13 29 10 42
20 32022959 0 1 0 1 7 3 20 21 10 41
20 32030862 0 1 0 1 8 9 27 24 17 51
20 32030984 0 1 0 1 24 22 92 94 46 186
20 32073494 0 1 0 1 20 8 39 55 28 94
20 32075002 0 1 0 1 4 6 13 17 10 30
20 32093740 0 1 0 1 10 6 19 29 16 48
20 32094196 0 1 0 1 13 12 66 43 25 109
20 32141685 0 1 0 1 55 54 272 259 109 531
20 32145670 0 1 0 1 7 7 32 19 14 51
20 32158445 0 1 0 1 37 27 114 123 64 237
20 32165167 0 1 0 1 5 5 30 21 10 51
20 32165467 0 1 0 1 33 33 168 161 66 329
20 32170845 0 1 0 1 8 4 20 23 12 43
20 32189997 0 1 0 1 14 10 44 47 24 91
20 32190057 0 1 0 1 12 9 28 38 21 66
20 32208016 0 1 0 1 23 16 96 78 39 174
20 32326903 0 1 0 1 6 14 34 28 20 62
20 32366492 0 1 0 1 31 26 82 113 57 195
20 32371901 0 1 0 1 9 8 21 17 17 38
20 32428511 0 1 0 1 3 7 32 26 10 58
20 32436471 0 1 0 1 19 18 81 98 37 179
20 32437360 0 1 0 1 23 25 94 81 48 175
20 32437428 0 1 0 1 11 14 43 42 25 85
20 32486569 0 1 0 1 9 11 33 37 20 70
20 32510074 0 1 0 1 20 34 120 111 54 231
20 32511508 0 1 0 1 7 13 35 33 20 68
20 32520674 0 1 0 1 7 4 26 21 11 47
20 32521002 0 1 0 1 29 41 141 128 70 269
20 32521129 0 1 0 1 11 10 46 44 21 90
20 32601609 0 1 0 1 12 7 47 53 19 100
20 32690088 0 1 0 1 13 6 30 24 19 54
20 32703359 0 1 0 1 12 16 65 46 28 111
20 32703681 0 1 0 1 7 8 50 36 15 86
20 32703823 0 1 0 1 20 27 77 98 47 175
20 32706853 0 1 0 1 12 28 47 69 40 116
20 32781154 0 1 0 1 7 8 33 24 15 57
20 32781673 0 1 0 1 17 26 67 75 43 142
20 32786453 0 1 0 1 29 34 83 84 63 167
20 32786714 0 1 0 1 38 35 113 141 73 254
20 32787185 0 1 0 1 20 22 90 79 42 169
20 32787505 0 1 0 1 17 13 68 49 30 117
20 32788684 0 1 0 1 10 16 54 59 26 113
20 32792503 0 1 0 1 7 8 30 25 15 55
20 32795547 0 1 0 1 22 28 138 148 50 286
20 32795724 0 1 0 1 8 14 39 45 22 84
20 32797463 0 1 0 1 6 6 26 26 12 52
20 32798541 0 1 0 1 45 35 139 165 80 304
20 32798643 0 1 0 1 32 25 104 138 57 242
20 32800148 0 1 0 1 29 18 98 84 47 182
20 32800655 0 1 0 1 7 6 36 31 13 67
20 32800830 0 1 0 1 38 29 198 175 67 373
20 32801203 0 1 0 1 17 21 74 90 38 164
20 32802727 0 1 0 1 2 8 32 25 10 57
20 32858839 0 1 0 1 31 25 109 133 56 242
20 32878541 0 1 0 1 7 9 27 30 16 57
20 32878558 0 1 0 1 7 11 33 36 18 69
20 32878581 0 1 0 1 12 13 55 53 25 108
20 32878728 0 1 0 1 43 38 151 219 81 370
20 32885374 0 1 0 1 10 7 32 44 17 76
20 32885376 0 1 0 1 11 7 30 45 18 75
20 32885677 0 1 0 1 24 23 88 67 47 155
20 32893132 0 1 0 1 18 21 84 117 39 201
20 32893155 0 1 0 1 24 22 116 144 46 260
20 32896611 0 1 0 1 34 32 139 156 66 295
20 32898400 0 1 0 1 16 17 47 61 33 108
20 32906576 0 1 0 1 17 21 72 87 38 159
20 32908171 0 1 0 1 14 19 74 81 33 155
20 32909719 0 1 0 1 22 18 73 78 40 151
20 32917486 0 1 0 1 57 70 221 207 127 428
20 32917548 0 1 0 1 20 27 106 104 47 210
20 32930746 0 1 0 1 10 8 29 23 18 52
20 32961317 0 1 0 1 29 35 98 137 64 235
20 32985211 0 1 0 1 29 33 144 138 62 282
20 32985722 0 1 0 1 26 32 110 103 58 213
20 32987910 0 1 0 1 9 10 45 55 19 100
20 32989588 0 1 0 1 18 26 69 69 44 138
20 32989766 0 1 0 1 14 17 41 49 31 90
20 32995578 0 1 0 1 22 20 98 84 42 182
20 32996160 0 1 0 1 13 9 56 60 22 116
20 32996276 0 1 0 1 25 24 112 90 49 202
20 32996372 0 1 0 1 29 24 78 83 53 161
20 32997609 0 1 0 1 9 11 44 71 20 115
20 32997739 0 1 0 1 16 23 61 66 39 127
20 32999946 0 1 0 1 18 34 92 115 52 207
20 32999987 0 1 0 1 23 36 105 108 59 213
20 33002880 0 1 0 1 29 32 109 107 61 216
20 33013864 0 1 0 1 23 29 107 83 52 190
20 33018431 0 1 0 1 18 9 31 56 27 87
20 33020444 0 1 0 1 35 22 170 125 57 295
20 33023574 0 1 0 1 20 20 66 65 40 131
20 33023632 0 1 0 1 16 12 22 48 28 70
20 33034962 0 1 0 1 56 46 194 184 102 378
20 33035033 0 1 0 1 62 48 235 210 110 445
20 33036562 0 1 0 1 40 23 105 110 63 215
20 33038752 0 1 0 1 4 9 50 51 13 101
20 33038815 0 1 0 1 17 26 84 94 43 178
20 33039485 0 1 0 1 10 12 29 42 22 71
20 33040541 0 1 0 1 5 7 34 27 12 61
20 33042105 0 1 0 1 21 20 97 89 41 186
20 33055705 0 1 0 1 8 18 36 45 26 81
20 33056714 0 1 0 1 38 22 130 125 60 255
20 33060058 0 1 0 1 30 30 143 134 60 277
20 33060129 0 1 0 1 17 16 73 63 33 136
20 33061975 0 1 0 1 20 20 90 86 40 176
20 33063441 0 1 0 1 13 22 64 65 35 129
20 33064486 0 1 0 1 27 41 156 158 68 314
20 33068826 0 1 0 1 37 41 151 159 78 310
20 33071958 0 1 0 1 10 8 31 28 18 59
20 33072683 0 1 0 1 10 9 53 45 19 98
20 33073844 0 1 0 1 7 13 42 31 20 73
20 33082898 0 1 0 1 23 25 126 129 48 255
20 33083403 0 1 0 1 29 32 106 111 61 217
20 33083793 0 1 0 1 29 46 140 144 75 284
20 33083857 0 1 0 1 21 40 136 153 61 289
20 33083887 0 1 0 1 16 23 109 109 39 218
20 33083960 0 1 0 1 6 18 33 47 24 80
20 33083992 0 1 0 1 6 14 24 41 20 65
20 33086040 0 1 0 1 22 18 86 81 40 167
20 33088816 0 1 0 1 24 30 88 120 54 208
20 33088998 0 1 0 1 41 51 190 197 92 387
20 33089668 0 1 0 1 8 8 24 35 16 59
20 33090728 0 1 0 1 10 22 76 95 32 171
20 33100435 0 1 0 1 28 45 116 113 73 229
20 33100454 0 1 0 1 28 44 125 116 72 241
20 33100524 0 1 0 1 17 24 88 79 41 167
20 33101062 0 1 0 1 5 5 24 19 10 43
20 33105106 0 1 0 1 24 22 88 83 46 171
20 33225117 0 1 0 1 34 27 112 110 61 222
20 33237978 0 1 0 1 7 9 28 36 16 64
20 33309748 0 1 0 1 21 26 88 91 47 179
20 33367084 0 1 0 1 6 10 28 37 16 65
20 33394043 0 1 0 1 10 22 58 56 32 114
20 33396675 0 1 0 1 12 8 31 32 20 63
20 33412545 0 1 0 1 14 19 67 70 33 137
20 33624884 0 1 0 1 15 21 82 86 36 168
20 33658063 0 1 0 1 13 12 40 43 25 83
20 33660357 0 1 0 1 23 17 81 96 40 177
20 33662499 0 1 0 0 2 22 0 90 24 90
20 33667427 0 1 0 1 7 4 23 22 11 45
20 33677707 0 1 0 1 10 14 45 42 24 87
20 33678033 0 1 0 1 15 9 35 32 24 67
20 33707735 0 1 0 1 22 12 81 105 34 186
20 33741162 0 1 0 1 15 24 58 66 39 124
20 33745048 0 1 0 0 2 15 0 65 17 65
20 33745051 0 1 0 0 2 14 0 74 16 74
20 33745375 0 1 0 1 19 19 85 70 38 155
20 34214053 0 1 0 1 8 6 38 23 14 61
20 34280883 0 1 0 1 15 17 50 70 32 120
20 34295345 0 1 0 1 35 34 142 162 69 304
20 34303394 0 1 0 1 32 40 118 168 72 286
20 34402244 0 1 0 1 5 12 44 60 17 104
20 34470149 0 1 0 1 17 15 88 91 32 179
20 34507940 0 1 0 1 13 8 27 34 21 61
20 34516787 0 1 0 1 15 19 57 109 34 166
20 34516949 0 1 0 1 10 8 38 40 18 78
20 34526041 0 1 0 1 3 12 25 26 15 51
20 34526360 0 1 0 1 23 26 76 87 49 163
20 34526485 0 1 0 1 2 8 6 28 10 34
20 34530200 0 1 0 1 21 14 59 94 35 153
20 34535051 0 1 0 1 5 9 27 23 14 50
20 34559919 0 1 0 0 2 17 0 110 19 110
20 34559933 0 1 0 1 8 12 54 48 20 102
20 34561057 0 1 0 1 15 18 56 68 33 124
20 34709184 0 1 0 1 7 3 22 24 10 46
20 34739072 0 1 0 1 14 17 56 67 31 123
20 34749948 0 1 0 1 62 71 304 284 133 588
20 34750782 0 1 0 1 6 7 24 27 13 51
20 34754636 0 1 0 1 5 8 31 26 13 57
20 34758244 0 1 0 1 3 8 24 26 11 50
20 34776781 0 1 0 1 9 22 73 37 31 110
20 34782463 0 1 0 1 6 13 25 29 19 54
20 34854845 0 1 0 1 15 18 66 81 33 147
20 34859359 0 1 0 1 27 12 81 53 39 134
20 34860112 0 1 0 1 9 10 58 47 19 105
20 34861395 0 1 0 1 15 15 55 66 30 121
20 34863255 0 1 0 1 23 16 99 112 39 211
20 34872563 0 1 0 1 11 19 81 72 30 153
20 34882891 0 1 0 1 17 19 57 74 36 131
20 34912442 0 1 0 1 7 5 31 40 12 71
20 34912575 0 1 0 1 21 33 140 134 54 274
20 34914289 0 1 0 1 56 40 192 192 96 384
20 34920785 0 1 0 1 18 18 67 55 36 122
20 34921472 0 1 0 1 32 37 178 148 69 326
20 34921720 0 1 0 1 20 12 64 76 32 140
20 34926662 0 1 0 1 7 3 25 20 10 45
20 34929211 0 1 0 1 5 13 42 34 18 76
20 34945933 0 1 0 1 17 16 85 61 33 146
20 34977366 0 1 0 1 7 8 31 21 15 52
20 34977677 0 1 0 1 18 16 75 58 34 133
20 34977862 0 1 0 1 7 7 37 27 14 64
20 34979604 0 1 0 1 28 20 106 97 48 203
20 34982431 0 1 0 1 40 40 175 177 80 352
20 34985138 0 1 0 1 41 38 188 154 79 342
20 34986219 0 1 0 1 15 15 54 48 30 102
20 34986690 0 1 0 1 6 6 25 29 12 54
20 34988271 0 1 0 1 24 23 93 98 47 191
20 34991096 0 1 0 1 17 22 80 96 39 176
20 34994152 0 1 0 1 50 66 213 221 116 434
20 34994459 0 1 0 1 9 7 44 53 16 97
20 34995234 0 1 0 1 4 14 26 30 18 56
20 34996486 0 1 0 1 28 29 119 126 57 245
20 35000390 0 1 0 1 21 15 79 74 36 153
20 35002293 0 1 0 1 19 11 63 44 30 107
20 35004671 0 1 0 1 12 12 63 60 24 123
20 35005654 0 1 0 1 33 22 124 122 55 246
20 35005871 0 1 0 1 6 16 45 40 22 85
20 35006423 0 1 0 1 15 14 50 56 29 106
20 35007497 0 1 0 1 16 15 64 54 31 118
20 35008922 0 1 0 1 7 5 30 25 12 55
20 35016239 0 1 0 1 10 12 37 26 22 63
20 35021495 0 1 0 1 9 11 48 48 20 96
20 35044797 0 1 0 1 5 5 17 23 10 40
20 35049803 0 1 0 1 23 19 76 73 42 149
20 35050089 0 1 0 0 2 8 0 52 10 52
20 35054929 0 1 0 1 21 29 124 134 50 258
20 35054934 0 1 0 1 22 32 123 140 54 263
20 35069323 0 1 0 1 18 20 64 88 38 152
20 35118384 0 1 0 1 5 11 24 30 16 54
20 35123821 0 1 0 1 9 7 23 21 16 44
20 35124028 0 1 0 1 13 29 73 77 42 150
20 35126160 0 1 0 1 11 12 65 48 23 113
20 35126172 0 1 0 1 11 11 66 48 22 114
20 35126384 0 1 0 1 7 13 44 40 20 84
20 35131597 0 1 0 1 33 23 98 113 56 211
20 35131884 0 1 0 1 8 3 20 31 11 51
20 35142661 0 1 0 1 15 8 43 48 23 91
20 35147289 0 1 0 1 20 22 85 77 42 162
20 35174686 0 1 0 1 33 43 141 180 76 321
20 35176148 0 1 0 1 32 19 80 107 51 187
20 35176829 0 1 0 1 19 16 78 82 35 160
20 35218057 0 1 0 0 2 20 0 92 22 92
20 35246905 0 1 0 1 41 33 139 138 74 277
20 35264091 0 1 0 0 2 18 0 92 20 92
20 35271872 0 1 0 1 14 8 46 48 22 94
20 35306660 0 1 0 1 34 35 129 120 69 249
20 35308954 0 1 0 1 10 7 43 40 17 83
20 35374042 0 1 0 1 7 6 24 15 13 39
20 35384111 0 1 0 1 8 20 54 88 28 142
20 35386248 0 1 0 1 5 5 19 24 10 43
20 35386360 0 1 0 1 8 8 29 42 16 71
20 35409488 0 1 0 1 8 3 15 15 11 30
20 35434589 0 1 0 1 34 31 163 113 65 276
20 35437976 0 1 0 1 12 26 75 69 38 144
20 35467175 0 1 0 0 2 16 0 65 18 65
20 35473608 0 1 0 0 2 17 0 78 19 78
20 35477901 0 1 0 1 19 17 56 63 36 119
20 35491374 0 1 0 1 30 27 107 104 57 211
20 35497656 0 1 0 0 2 17 0 86 19 86
20 35507521 0 1 0 0 2 14 0 91 16 91
20 35549034 0 1 0 1 15 26 67 86 41 153
20 35578879 0 1 0 0 2 21 0 81 23 81
20 35599031 0 1 0 1 10 12 72 62 22 134
20 35603707 0 1 0 1 42 22 190 176 64 366
20 35659076 0 1 0 0 2 18 0 98 20 98
20 35987393 0 1 0 0 2 18 0 112 20 112
20 36187629 0 1 0 1 28 28 155 170 56 325
20 36240687 0 1 0 1 16 16 65 73 32 138
20 36607949 0 1 0 0 2 19 0 122 21 122
20 36688920 0 1 0 0 2 18 0 72 20 72
20 36688927 0 1 0 0 2 16 0 66 18 66
20 36786494 0 1 0 0 2 23 0 91 25 91
20 36794533 0 1 0 1 33 44 132 165 77 297
20 36879139 0 1 0 1 55 46 210 233 101 443
20 36879218 0 1 0 1 22 23 102 98 45 200
20 36879332 0 1 0 1 9 4 25 28 13 53
20 36880498 0 1 0 0 2 20 0 102 22 102
20 36880556 0 1 0 1 20 16 71 77 36 148
20 36930949 0 1 0 1 16 17 92 83 33 175
20 37089312 0 1 0 1 5 6 16 17 11 33
20 37302137 0 1 0 0 2 22 0 88 24 88
20 37602967 0 1 0 1 11 12 37 40 23 77
20 37903576 0 1 0 1 12 5 29 24 17 53
20 37987014 0 1 0 1 33 15 121 109 48 230
20 37987183 0 1 0 1 24 18 126 103 42 229
20 37996354 0 1 0 1 28 25 104 112 53 216
20 38033853 0 1 0 1 4 8 32 44 12 76
20 38040472 0 1 0 1 16 17 73 75 33 148
20 38050014 0 1 0 1 6 10 38 41 16 79
20 38059666 0 1 0 1 8 9 25 33 17 58
20 38065921 0 1 0 1 16 8 39 55 24 94
20 38089657 0 1 0 1 6 6 19 20 12 39
20 38130376 0 1 0 1 16 13 80 65 29 145
20 38130456 0 1 0 1 6 10 35 26 16 61
20 38132196 0 1 0 1 4 6 24 18 10 42
20 38132612 0 1 0 1 38 23 142 115 61 257
20 38132800 0 1 0 1 31 49 206 200 80 406
20 38139584 0 1 0 1 54 35 178 189 89 367
20 38141084 0 1 0 1 17 16 47 44 33 91
20 38141390 0 1 0 1 47 25 133 143 72 276
20 38141437 0 1 0 1 32 27 91 112 59 203
20 38142186 0 1 0 1 61 71 302 235 132 537
20 38146448 0 1 0 1 9 20 86 77 29 163
20 38148189 0 1 0 0 2 18 0 88 20 88
20 38148239 0 1 0 1 10 6 27 30 16 57
20 38161764 0 1 0 1 4 11 49 43 15 92
20 38165099 0 1 0 1 19 13 83 88 32 171
20 38165127 0 1 0 1 18 17 73 69 35 142
20 38213138 0 1 0 1 38 32 141 135 70 276
20 38217336 0 1 0 1 23 32 113 114 55 227
20 38231309 0 1 0 1 6 7 25 30 13 55
20 38239789 0 1 0 1 12 14 69 56 26 125
20 38241114 0 1 0 1 21 19 110 111 40 221
20 38241720 0 1 0 1 49 44 175 200 93 375
20 38307878 0 1 0 1 7 6 27 24 13 51
20 38318446 0 1 0 1 20 25 87 91 45 178
20 38324559 0 1 0 1 5 6 15 18 11 33
20 38324695 0 1 0 1 17 9 53 61 26 114
20 38337215 0 1 0 1 12 14 46 40 26 86
20 38360615 0 1 0 1 25 15 75 56 40 131
20 38360648 0 1 0 1 25 18 79 61 43 140
20 38360727 0 1 0 1 20 18 69 67 38 136
20 38366696 0 1 0 1 30 29 93 109 59 202
20 38368988 0 1 0 1 25 19 119 73 44 192
20 38369011 0 1 0 1 20 30 82 126 50 208
20 38376894 0 1 0 1 23 23 104 82 46 186
20 38449322 0 1 0 0 2 23 0 100 25 100
20 38565611 0 1 0 1 7 7 17 30 14 47
20 38643946 0 1 0 1 6 6 32 35 12 67
20 38646218 0 1 0 1 15 8 59 37 23 96
20 38648628 0 1 0 1 11 9 59 61 20 120
20 38649969 0 1 0 1 13 9 52 61 22 113
20 38650180 0 1 0 1 5 6 25 26 11 51
20 38650303 0 1 0 1 20 27 92 93 47 185
20 38650612 0 1 0 1 46 61 170 175 107 345
20 41006064 0 1 0 1 27 47 116 152 74 268
20 41076355 0 1 0 1 13 8 27 35 21 62
20 41115265 0 1 0 1 8 13 46 28 21 74
20 41115472 0 1 0 0 2 19 0 106 21 106
20 41160215 0 1 0 1 18 16 65 98 34 163
20 41162853 0 1 0 1 18 20 59 70 38 129
20 41163423 0 1 0 1 24 25 102 120 49 222
20 41165849 0 1 0 1 42 54 182 177 96 359
20 41168825 0 1 0 1 27 33 89 110 60 199
20 41185089 0 1 0 1 32 44 163 163 76 326
20 41203988 0 1 0 1 55 69 261 258 124 519
20 41345676 0 1 0 1 6 6 48 36 12 84
20 41349924 0 1 0 1 21 13 88 68 34 156
20 41358211 0 1 0 1 14 10 70 68 24 138
20 41447757 0 1 0 1 8 5 34 32 13 66
20 41487567 0 1 0 1 23 22 97 82 45 179
20 41487827 0 1 0 1 19 16 70 83 35 153
20 41491571 0 1 0 1 18 18 61 51 36 112
20 41551270 0 1 0 1 29 24 110 99 53 209
20 41551281 0 1 0 1 30 24 110 91 54 201
20 42104442 0 1 0 1 7 11 54 45 18 99
20 42115189 0 1 0 1 16 29 88 97 45 185
20 42115305 0 1 0 1 40 44 155 177 84 332
20 42199632 0 1 0 1 6 9 27 38 15 65
20 42234542 0 1 0 1 16 13 45 56 29 101
20 42316172 0 1 0 1 14 13 38 44 27 82
20 42448111 0 1 0 1 4 6 15 18 10 33
20 42677960 0 1 0 1 23 38 118 130 61 248
20 42756302 0 1 0 1 4 6 22 18 10 40
20 43460871 0 1 0 1 14 21 63 86 35 149
20 43531056 0 1 0 1 9 9 21 34 18 55
20 43567910 0 1 0 1 20 25 99 90 45 189
20 43568126 0 1 0 1 6 10 39 38 16 77
20 43579882 0 1 0 1 7 5 37 26 12 63
20 43596474 0 1 0 1 20 30 111 111 50 222
20 43614060 0 1 0 1 8 3 19 14 11 33
20 43623685 0 1 0 1 4 6 20 22 10 42
20 43635862 0 1 0 1 26 14 79 141 40 220
20 43636086 0 1 0 1 13 16 33 41 29 74
20 43642734 0 1 0 1 6 5 17 22 11 39
20 43646859 0 1 0 1 8 15 33 38 23 71
20 43653194 0 1 0 1 12 5 54 57 17 111
20 43653274 0 1 0 1 11 5 53 45 16 98
20 43700136 0 1 0 1 5 7 34 29 12 63
20 43702906 0 1 0 1 19 20 98 109 39 207
20 44054249 0 1 0 1 9 20 59 57 29 116
20 44114814 0 1 0 1 25 26 64 101 51 165
20 44115519 0 1 0 1 4 6 26 9 10 35
20 44115947 0 1 0 1 14 30 66 83 44 149
20 44116475 0 1 0 1 6 11 46 26 17 72
20 44118614 0 1 0 1 28 28 101 108 56 209
20 44159495 0 1 0 1 5 6 28 33 11 61
20 44177722 0 1 0 1 5 5 35 25 10 60
20 44177789 0 1 0 1 13 14 64 61 27 125
20 44186250 0 1 0 1 14 7 49 44 21 93
20 44197289 0 1 0 1 26 51 169 163 77 332
20 44197710 0 1 0 1 25 20 68 71 45 139
20 44258714 0 1 0 1 7 4 26 34 11 60
20 44263169 0 1 0 1 12 11 50 52 23 102
20 44278902 0 1 0 1 8 8 36 50 16 86
20 44279502 0 1 0 1 25 21 91 96 46 187
20 44337223 0 1 0 1 21 28 143 116 49 259
20 44337385 0 1 0 1 37 37 153 167 74 320
20 44343322 0 1 0 1 11 11 26 45 22 71
20 44343635 0 1 0 1 10 15 43 52 25 95
20 44406020 0 1 0 1 9 5 28 21 14 49
20 44406053 0 1 0 1 9 4 43 27 13 70
20 44720094 0 1 0 1 35 23 152 127 58 279
20 44750129 0 1 0 1 23 17 72 78 40 150
20 44750623 0 1 0 1 10 21 42 59 31 101
20 44750813 0 1 0 1 11 23 41 95 34 136
20 44810079 0 1 0 0 2 9 0 52 11 52
20 44939411 0 1 0 0 2 9 0 59 11 59
20 44960400 0 1 0 1 13 11 65 67 24 132
20 45001045 0 1 0 0 2 10 0 71 12 71
20 45098498 0 1 0 1 9 12 45 57 21 102
20 45304381 0 1 0 1 16 16 74 63 32 137
20 45304523 0 1 0 1 41 37 177 170 78 347
20 45305691 0 1 0 1 12 10 57 58 22 115
20 45312128 0 1 0 1 20 11 68 105 31 173
20 45314036 0 1 0 1 30 43 186 176 73 362
20 45327489 0 1 0 0 3 34 0 157 37 157
20 45366770 0 1 0 1 26 24 96 87 50 183
20 45367240 0 1 0 1 13 7 54 44 20 98
20 45374025 0 1 0 1 13 10 62 54 23 116
20 45377438 0 1 0 1 21 12 73 66 33 139
20 45409689 0 1 0 0 2 21 0 106 23 106
20 45409715 0 1 0 1 13 13 52 71 26 123
20 45409934 0 1 0 1 39 31 134 138 70 272
20 45419584 0 1 0 1 38 34 182 194 72 376
20 45424352 0 1 0 1 40 39 171 212 79 383
20 45424429 0 1 0 1 35 41 183 201 76 384
20 45425709 0 1 0 1 51 70 292 283 121 575
20 45512691 0 1 0 1 23 17 80 98 40 178
20 45515252 0 1 0 1 14 8 42 35 22 77
20 45515478 0 1 0 1 36 26 99 101 62 200
20 45552174 0 1 0 1 15 10 56 57 25 113
20 45552229 0 1 0 1 9 8 30 39 17 69
20 45553084 0 1 0 1 6 5 28 19 11 47
20 45553341 0 1 0 1 11 15 46 61 26 107
20 45553442 0 1 0 1 7 3 19 19 10 38
20 45555646 0 1 0 1 13 16 47 51 29 98
20 45555736 0 1 0 1 11 32 73 88 43 161
20 45562066 0 1 0 1 34 28 115 97 62 212
20 45562357 0 1 0 1 7 13 35 36 20 71
20 45562385 0 1 0 1 3 10 23 23 13 46
20 45579372 0 1 0 1 11 14 43 50 25 93
20 45629578 0 1 0 1 9 8 27 32 17 59
20 45630910 0 1 0 1 36 28 104 117 64 221
20 45640806 0 1 0 1 6 12 27 55 18 82
20 45650395 0 1 0 1 6 10 23 23 16 46
20 45684762 0 1 0 1 8 10 55 62 18 117
20 45685970 0 1 0 1 15 23 83 88 38 171
20 45702404 0 1 0 1 23 18 75 62 41 137
20 45843524 0 1 0 1 36 40 150 195 76 345
20 45898144 0 1 0 1 15 23 87 111 38 198
20 45899402 0 1 0 1 7 12 40 34 19 74
20 45899936 0 1 0 0 2 21 0 104 23 104
20 45909788 0 1 0 1 24 26 128 137 50 265
20 45909845 0 1 0 1 17 21 103 109 38 212
20 45911539 0 1 0 1 28 34 119 155 62 274
20 45945894 0 1 0 1 30 57 215 189 87 404
20 45953548 0 1 0 1 12 7 49 47 19 96
20 45957384 0 1 0 1 7 3 31 25 10 56
20 45957397 0 1 0 1 2 9 31 34 11 65
20 45963455 0 1 0 0 3 25 0 150 28 150
20 45967906 0 1 0 1 36 25 150 138 61 288
20 46010332 0 1 0 1 5 9 20 24 14 44
20 46010872 0 1 0 1 46 47 155 164 93 319
20 46011053 0 1 0 1 30 35 149 136 65 285
20 46011586 0 1 0 1 18 21 83 123 39 206
20 46011936 0 1 0 1 13 10 41 40 23 81
20 46012320 0 1 0 1 70 63 274 298 133 572
20 46014194 0 1 0 1 9 11 53 60 20 113
20 46014472 0 1 0 1 14 29 93 116 43 209
20 46016326 0 1 0 1 39 37 129 153 76 282
20 46016371 0 1 0 1 29 30 121 101 59 222
20 46079664 0 1 0 1 7 16 52 38 23 90
20 46122211 0 1 0 1 24 31 157 153 55 310
20 46128768 0 1 0 1 37 37 178 179 74 357
20 46129175 0 1 0 1 15 17 76 79 32 155
20 46178004 0 1 0 1 54 44 202 222 98 424
20 46178088 0 1 0 1 54 47 213 249 101 462
20 46178236 0 1 0 1 24 25 180 148 49 328
20 46210683 0 1 0 1 24 22 60 54 46 114
20 46216801 0 1 0 1 49 36 210 191 85 401
20 46354878 0 1 0 1 21 26 118 127 47 245
20 46358679 0 1 0 1 26 31 120 138 57 258
20 46503120 0 1 0 1 6 15 46 35 21 81
20 46509516 0 1 0 1 12 13 56 49 25 105
20 46545217 0 1 0 1 19 11 67 67 30 134
20 46583816 0 1 0 1 18 24 92 78 42 170
20 46592622 0 1 0 1 8 6 25 23 14 48
20 47001302 0 1 0 1 7 11 37 25 18 62
20 47089315 0 1 0 1 38 60 229 245 98 474
20 47097320 0 1 0 1 10 9 35 56 19 91
20 47161110 0 1 0 1 6 9 35 24 15 59
20 47166814 0 1 0 1 6 7 31 34 13 65
20 47188280 0 1 0 0 2 10 0 62 12 62
20 47220141 0 1 0 0 2 9 0 48 11 48
20 47224384 0 1 0 1 41 33 228 165 74 393
20 47227302 0 1 0 1 15 22 82 86 37 168
20 47227376 0 1 0 0 2 22 0 130 24 130
20 47239257 0 1 0 1 11 18 63 76 29 139
20 47262445 0 1 0 1 12 15 60 49 27 109
20 47276248 0 1 0 1 11 6 37 48 17 85
20 47294795 0 1 0 1 15 13 65 67 28 132
20 47626978 0 1 0 0 2 17 0 99 19 99
20 47652367 0 1 0 1 8 8 35 42 16 77
20 47659822 0 1 0 1 10 16 36 41 26 77
20 47665981 0 1 0 1 43 46 185 203 89 388
20 47666120 0 1 0 1 12 54 26 201 66 227
20 47684280 0 1 0 1 9 8 22 30 17 52
20 47684391 0 1 0 1 16 21 68 70 37 138
20 48650708 0 1 0 1 8 13 36 24 21 60
20 48656499 0 1 0 1 10 13 65 69 23 134
20 48745234 0 1 0 0 2 22 0 122 24 122
20 48952688 0 1 0 1 16 17 75 84 33 159
20 49095173 0 1 0 0 2 13 0 67 15 67
20 49252688 0 1 0 0 2 19 0 79 21 79
20 49325647 0 1 0 1 22 51 98 196 73 294
20 49513237 0 1 0 0 2 20 0 138 22 138
20 49514091 0 1 0 1 10 12 62 59 22 121
20 49642497 0 1 0 1 28 26 110 109 54 219
20 49643666 0 1 0 1 27 28 118 97 55 215
20 49646908 0 1 0 1 12 8 79 47 20 126
20 49684609 0 1 0 1 10 18 45 80 28 125
20 49713493 0 1 0 1 9 15 61 41 24 102
20 49812971 0 1 0 1 12 17 80 72 29 152
20 49812972 0 1 0 1 12 17 81 73 29 154
20 49839701 0 1 0 1 6 6 12 21 12 33
20 49874670 0 1 0 1 21 28 121 150 49 271
20 49884244 0 1 0 1 9 5 39 37 14 76
20 49905587 0 1 0 1 14 21 64 80 35 144
20 49905793 0 1 0 1 45 41 191 160 86 351
20 49945579 0 1 0 1 27 20 111 87 47 198
20 49951966 0 1 0 1 3 12 40 35 15 75
20 49957514 0 1 0 1 6 13 41 34 19 75
20 50084410 0 1 0 1 24 28 104 106 52 210
20 50113174 0 1 0 1 4 6 26 43 10 69
20 50131160 0 1 0 1 8 10 29 25 18 54
20 50191474 0 1 0 1 20 20 131 116 40 247
20 50278335 0 1 0 1 15 22 88 112 37 200
20 50278382 0 1 0 1 13 20 80 88 33 168
20 50564808 0 1 0 1 13 7 27 29 20 56
20 50574691 0 1 0 1 16 14 63 74 30 137
20 50579921 0 1 0 1 16 22 63 87 38 150
20 50587358 0 1 0 1 12 11 63 45 23 108
20 50592181 0 1 0 1 11 6 24 37 17 61
20 50594416 0 1 0 1 10 10 49 46 20 95
20 50750539 0 1 0 1 18 17 64 81 35 145
20 50831224 0 1 0 1 6 10 28 39 16 67
20 50842361 0 1 0 1 35 23 129 131 58 260
20 50892647 0 1 0 1 40 31 152 141 71 293
20 50958797 0 1 0 1 14 22 65 85 36 150
20 51562426 0 1 0 1 10 6 29 54 16 83
20 51607436 0 1 0 1 11 9 43 55 20 98
20 51607622 0 1 0 1 16 12 70 70 28 140
20 51607667 0 1 0 1 9 9 48 50 18 98
20 51608667 0 1 0 1 16 22 52 58 38 110
20 51608696 0 1 0 1 11 15 38 38 26 76
20 51613923 0 1 0 1 16 27 85 95 43 180
20 51617588 0 1 0 1 23 22 102 126 45 228
20 51690815 0 1 0 0 9 85 0 374 94 374
20 51768373 0 1 0 0 2 20 0 88 22 88
20 52088672 0 1 0 1 23 20 82 114 43 196
20 52089045 0 1 0 1 20 20 97 85 40 182
20 52110774 0 1 0 0 2 21 0 84 23 84
20 52110970 0 1 0 1 20 17 54 73 37 127
20 52111008 0 1 0 1 20 17 71 61 37 132
20 52117605 0 1 0 1 5 8 28 32 13 60
20 52117699 0 1 0 1 20 25 87 94 45 181
20 52152644 0 1 0 1 75 83 317 335 158 652
20 52152840 0 1 0 1 89 102 405 399 191 804
20 52153010 0 1 0 1 69 79 283 232 148 515
20 52154243 0 1 0 1 29 37 97 152 66 249
20 53569275 0 1 0 1 19 13 32 41 32 73
20 53575869 0 1 0 1 36 37 184 173 73 357
20 53576829 0 1 0 1 26 28 101 141 54 242
20 53577121 0 1 0 1 30 40 145 168 70 313
20 53577159 0 1 0 1 39 47 172 187 86 359
20 53581801 0 1 0 1 61 78 266 330 139 596
20 53875535 0 1 0 1 33 46 152 170 79 322
20 53996315 0 1 0 1 5 6 23 23 11 46
20 54028995 0 1 0 1 16 17 66 63 33 129
20 54058649 0 1 0 1 12 14 38 47 26 85
20 54068385 0 1 0 1 24 17 97 104 41 201
20 54164552 0 1 0 1 31 27 127 112 58 239
20 54169534 0 1 0 1 8 12 46 52 20 98
20 54169680 0 1 0 1 20 15 56 48 35 104
20 54171775 0 1 0 1 9 10 44 52 19 96
20 54173204 0 1 0 1 11 19 84 83 30 167
20 54215166 0 1 0 1 7 7 42 44 14 86
20 55352131 0 1 0 0 2 15 0 69 17 69
20 56003787 0 1 0 1 13 13 84 76 26 160
20 56248749 0 1 0 1 25 32 141 169 57 310
20 56248973 0 1 0 1 51 70 257 274 121 531
20 56360008 0 1 0 1 25 10 56 73 35 129
20 56360186 0 1 0 1 24 30 117 149 54 266
20 56365300 0 1 0 1 19 10 67 62 29 129
20 56366031 0 1 0 1 4 21 26 76 25 102
20 56366068 0 1 0 1 14 27 46 96 41 142
20 56366084 0 1 0 1 15 26 56 94 41 150
20 56370727 0 1 0 1 25 21 79 98 46 177
20 56470576 0 1 0 1 15 21 64 64 36 128
20 56470787 0 1 0 1 10 14 52 59 24 111
20 56473227 0 1 0 1 9 4 20 23 13 43
20 56474852 0 1 0 1 13 9 67 61 22 128
20 56476797 0 1 0 1 4 7 23 11 11 34
20 56491475 0 1 0 1 17 16 87 68 33 155
20 56496564 0 1 0 1 5 13 31 44 18 75
20 56497416 0 1 0 1 24 24 85 69 48 154
20 56513348 0 1 0 1 27 21 86 85 48 171
20 56533561 0 1 0 1 31 36 111 135 67 246
20 56536315 0 1 0 1 28 19 91 92 47 183
20 57183992 0 1 0 1 16 13 65 66 29 131
20 57225881 0 1 0 1 20 18 93 107 38 200
20 57335486 0 1 0 1 29 32 102 107 61 209
20 57342958 0 1 0 1 5 5 25 17 10 42
20 57354825 0 1 0 1 33 49 149 176 82 325
20 57407523 0 1 0 1 45 42 152 202 87 354
20 57523677 0 1 0 1 45 29 140 187 74 327
20 57524058 0 1 0 1 36 41 163 186 77 349
20 57524249 0 1 0 1 6 9 33 44 15 77
20 57524331 0 1 0 1 4 7 22 13 11 35
20 57561480 0 1 0 1 35 27 134 155 62 289
20 57562069 0 1 0 0 3 25 0 128 28 128
20 57562128 0 1 0 1 29 24 102 123 53 225
20 57562742 0 1 0 1 27 22 83 113 49 196
20 57562751 0 1 0 1 24 25 81 120 49 201
20 57562778 0 1 0 1 27 26 84 117 53 201
20 57562984 0 1 0 1 26 26 104 109 52 213
20 57563592 0 1 0 1 29 31 121 77 60 198
20 57604366 0 1 0 1 24 23 99 111 47 210
20 57604530 0 1 0 1 31 26 125 154 57 279
20 57610076 0 1 0 1 5 5 25 17 10 42
20 57652476 0 1 0 1 34 52 193 203 86 396
20 57652963 0 1 0 1 14 11 63 61 25 124
20 58222961 0 1 0 1 11 8 28 26 19 54
20 58228297 0 1 0 1 28 18 112 123 46 235
20 58231649 0 1 0 1 14 16 46 65 30 111
20 58231765 0 1 0 1 59 35 159 165 94 324
20 58232736 0 1 0 1 34 27 131 146 61 277
20 58232913 0 1 0 1 15 20 49 86 35 135
20 58234596 0 1 0 1 12 8 44 54 20 98
20 58235390 0 1 0 1 31 30 81 98 61 179
20 58235428 0 1 0 1 16 19 60 66 35 126
20 58239135 0 1 0 0 2 17 0 87 19 87
20 58239836 0 1 0 1 29 26 126 126 55 252
20 58245646 0 1 0 1 21 21 76 88 42 164
20 58250964 0 1 0 1 17 23 73 86 40 159
20 58271357 0 1 0 1 18 20 70 60 38 130
20 58271524 0 1 0 1 17 10 48 52 27 100
20 58343542 0 1 0 1 15 7 32 35 22 67
20 58434740 0 1 0 1 14 5 28 40 19 68
20 58514758 0 1 0 1 23 16 67 63 39 130
20 58655280 0 1 0 1 9 6 27 22 15 49
20 58655582 0 1 0 1 22 23 66 66 45 132
20 58669437 0 1 0 1 22 20 86 101 42 187
20 58691725 0 1 0 1 8 9 34 34 17 68
20 58691857 0 1 0 1 10 14 44 53 24 97
20 58692886 0 1 0 1 4 7 40 46 11 86
20 58693811 0 1 0 1 26 37 138 167 63 305
20 58698489 0 1 0 1 23 11 62 61 34 123
20 58698829 0 1 0 1 19 20 68 75 39 143
20 58699021 0 1 0 1 6 9 25 22 15 47
20 58699095 0 1 0 1 15 9 62 53 24 115
20 58705519 0 1 0 1 14 26 83 106 40 189
20 58707251 0 1 0 0 2 16 0 94 18 94
20 58713366 0 1 0 1 18 20 60 67 38 127
20 58713688 0 1 0 1 12 15 60 76 27 136
20 58713961 0 1 0 1 17 12 76 83 29 159
20 58717661 0 1 0 1 12 18 76 56 30 132
20 58717832 0 1 0 1 27 29 101 154 56 255
20 58718249 0 1 0 1 36 27 115 116 63 231
20 58718294 0 1 0 1 23 23 86 76 46 162
20 58723983 0 1 0 1 3 8 14 35 11 49
20 58855422 0 1 0 1 12 10 68 59 22 127
20 58900136 0 1 0 1 10 12 52 54 22 106
20 58903393 0 1 0 1 19 9 69 64 28 133
20 58903752 0 1 0 1 39 36 162 142 75 304
20 58903884 0 1 0 1 8 9 43 49 17 92
20 58909879 0 1 0 1 15 10 55 59 25 114
20 58981240 0 1 0 1 5 4 29 11 9 40
20 58989015 0 1 0 1 21 23 83 94 44 177
20 58989393 0 1 0 1 14 16 59 55 30 114
20 58990888 0 1 0 1 26 18 108 115 44 223
20 58991582 0 1 0 1 7 7 34 31 14 65
20 58994761 0 1 0 1 8 7 46 33 15 79
20 58995513 0 1 0 1 8 14 56 42 22 98
20 58996708 0 1 0 1 31 33 132 140 64 272
20 58997559 0 1 0 1 8 12 41 31 20 72
20 59037335 0 1 0 1 11 13 43 53 24 96
20 59193362 0 1 0 1 33 33 149 124 66 273
20 59193600 0 1 0 1 30 21 123 104 51 227
20 59193602 0 1 0 1 18 28 105 113 46 218
20 59193688 0 1 0 1 19 28 111 113 47 224
20 59194085 0 1 0 1 40 47 141 130 87 271
20 59194907 0 1 0 1 5 5 19 15 10 34
20 59196126 0 1 0 1 10 19 62 50 29 112
20 59206709 0 1 0 1 3 8 27 34 11 61
20 59845281 0 1 0 1 19 23 59 77 42 136
20 59864433 0 1 0 0 2 22 0 86 24 86
20 59893735 0 1 0 1 6 10 17 13 16 30
20 60012786 0 1 0 1 9 7 21 22 16 43
20 60069940 0 1 0 1 19 13 73 94 32 167
20 60516888 0 1 0 1 5 5 26 16 10 42
20 60649844 0 1 0 1 7 12 24 32 19 56
20 61046084 0 1 0 0 2 11 0 49 13 49
20 61046114 0 1 0 0 3 10 0 67 13 67
20 61046157 0 1 0 1 2 8 9 39 10 48
20 61217673 0 1 0 1 4 8 26 35 12 61
20 61218330 0 1 0 1 27 30 123 117 57 240
20 61329316 0 1 0 1 2 12 6 37 14 43
20 61329346 0 1 0 1 8 8 26 29 16 55
20 61329350 0 1 0 1 5 10 17 41 15 58
20 61331622 0 1 0 0 2 15 0 61 17 61
20 61719223 0 1 0 1 12 23 56 65 35 121
20 61719240 0 1 0 1 17 26 57 63 43 120
20 61873619 0 1 0 1 7 3 22 30 10 52
20 61894771 0 1 0 1 7 7 24 18 14 42
20 61934151 0 1 0 1 14 17 80 90 31 170
20 61934330 0 1 0 1 10 15 32 45 25 77
20 61936676 0 1 0 1 7 9 29 30 16 59
20 61936679 0 1 0 1 10 7 33 32 17 65
20 61936707 0 1 0 0 2 21 0 94 23 94
20 61997607 0 1 0 1 19 9 65 66 28 131
20 61998927 0 1 0 1 9 4 28 38 13 66
20 61999160 0 1 0 1 23 13 63 79 36 142
20 62007484 0 1 0 1 3 9 45 44 12 89
20 62064676 0 1 0 1 7 8 10 18 15 28
20 62127447 0 1 0 1 8 17 52 41 25 93
20 62133160 0 1 0 1 11 15 48 56 26 104
20 62137228 0 1 0 1 9 15 37 42 24 79
20 62137291 0 1 0 1 22 27 86 87 49 173
20 62137455 0 1 0 1 25 43 149 162 68 311
20 62137982 0 1 0 1 6 12 29 40 18 69
20 62138255 0 1 0 1 30 42 122 149 72 271
20 62138276 0 1 0 1 25 33 98 128 58 226
20 62139469 0 1 0 1 9 6 40 38 15 78
20 62143364 0 1 0 1 6 10 32 42 16 74
20 62193441 0 1 0 1 60 49 183 201 109 384
20 62197830 0 1 0 1 27 30 146 155 57 301
20 62216348 0 1 0 1 27 28 86 84 55 170
20 62216366 0 1 0 1 18 28 70 68 46 138
20 62216973 0 1 0 1 7 16 37 35 23 72
20 62232970 0 1 0 1 18 17 47 52 35 99
20 62259951 0 1 0 1 23 21 98 104 44 202
20 62272030 0 1 0 1 11 17 86 76 28 162
20 62273292 0 1 0 1 13 9 62 40 22 102
20 62281978 0 1 0 1 5 5 46 41 10 87
20 62286726 0 1 0 1 12 17 47 49 29 96
20 62289012 0 1 0 1 8 4 20 17 12 37
20 62304773 0 1 0 1 9 6 44 51 15 95
20 62306588 0 1 0 1 7 12 41 56 19 97
20 62314904 0 1 0 1 56 62 211 205 118 416
20 62337705 0 1 0 1 31 22 130 108 53 238
20 62393426 0 1 0 1 21 23 81 84 44 165
20 62395241 0 1 0 0 2 9 0 43 11 43
20 62412644 0 1 0 0 2 17 0 117 19 117
20 62417168 0 1 0 1 20 15 54 65 35 119
20 62417346 0 1 0 1 9 10 29 33 19 62
20 62464902 0 1 0 1 18 22 85 81 40 166
20 62465397 0 1 0 1 28 18 107 96 46 203
20 62465895 0 1 0 1 15 32 101 92 47 193
20 62466597 0 1 0 1 22 16 69 82 38 151
20 62466631 0 1 0 1 22 14 66 72 36 138
20 62473663 0 1 0 0 2 19 0 112 21 112
20 62475323 0 1 0 1 12 27 73 90 39 163
20 62475639 0 1 0 0 2 19 0 82 21 82
20 62546280 0 1 0 1 39 51 267 274 90 541
20 62546738 0 1 0 1 24 19 125 130 43 255
20 62546744 0 1 0 1 28 24 127 130 52 257
20 62546805 0 1 0 1 34 25 135 141 59 276
20 62547734 0 1 0 1 8 8 48 56 16 104
20 62553721 0 1 0 1 10 5 47 40 15 87
20 62642226 0 1 0 1 33 31 160 156 64 316
20 62642288 0 1 0 1 16 14 96 104 30 200
20 62656375 0 1 0 1 6 7 15 14 13 29
20 62658606 0 1 0 1 16 9 45 59 25 104
20 62758213 0 1 0 1 3 7 20 29 10 49
20 62810347 0 1 0 0 2 8 0 88 10 88
20 62822028 0 1 0 1 11 14 41 39 25 80
20 62853220 0 1 1 1 14 9 94 19 23 113
20 62853221 0 1 1 1 16 7 93 16 23 109
20 62882036 0 1 0 1 46 51 228 272 97 500
20 62944638 0 1 0 1 9 5 35 26 14 61
20 63080297 0 1 0 1 10 14 37 34 24 71
20 63237871 0 1 0 1 17 25 55 87 42 142
20 63238255 0 1 0 1 16 18 64 63 34 127
20 63238474 0 1 0 1 34 33 183 178 67 361
20 63238723 0 1 0 1 15 14 64 92 29 156
20 63238815 0 1 0 1 34 26 130 166 60 296
20 63238868 0 1 0 1 43 39 159 185 82 344
20 63239282 0 1 0 1 14 23 74 81 37 155
20 63241553 0 1 0 1 44 59 251 233 103 484
20 63241687 0 1 0 1 59 40 175 167 99 342
20 63241728 0 1 0 1 39 34 119 137 73 256
20 63244145 0 1 0 1 13 15 57 47 28 104
20 63247280 0 1 0 1 9 12 52 39 21 91
20 63247297 0 1 0 1 13 13 53 50 26 103
20 63247478 0 1 0 1 26 37 130 104 63 234
20 63247598 0 1 0 1 16 36 74 105 52 179
20 63248817 0 1 0 1 37 34 129 149 71 278
20 63248922 0 1 0 1 14 20 79 95 34 174
20 63249944 0 1 0 1 30 24 118 128 54 246
20 63284023 0 1 0 1 9 12 41 51 21 92
20 63285027 0 1 0 1 43 34 165 181 77 346
20 63305944 0 1 0 1 26 16 125 85 42 210
20 63319440 0 1 0 1 16 13 82 76 29 158
20 63325430 0 1 0 1 13 6 50 42 19 92
20 63328290 0 1 0 1 43 34 149 181 77 330
20 63350184 0 1 0 1 29 38 158 168 67 326
20 63350202 0 1 0 1 35 39 157 181 74 338
20 63350733 0 1 0 1 71 97 350 318 168 668
20 63350772 0 1 0 1 105 129 418 450 234 868
20 63351144 0 1 0 1 13 15 42 55 28 97
20 63351162 0 1 0 1 11 14 31 45 25 76
20 63351184 0 1 0 1 4 7 16 36 11 52
20 63351216 0 1 0 1 5 8 5 37 13 42
20 63351217 0 1 0 1 4 8 4 35 12 39
20 63351223 0 1 0 1 4 8 4 39 12 43
20 63355597 0 1 0 1 13 19 67 64 32 131
20 63355598 0 1 0 1 13 19 66 66 32 132
20 63356578 0 1 0 1 6 8 39 25 14 64
20 63359522 0 1 0 1 33 27 141 152 60 293
20 63406924 0 1 0 1 30 36 155 149 66 304
20 63407457 0 1 0 1 9 8 32 42 17 74
20 63408669 0 1 0 1 11 24 69 82 35 151
20 63414925 0 1 0 1 8 10 63 68 18 131
20 63415196 0 1 0 1 26 20 84 88 46 172
20 63419744 0 1 0 1 16 12 70 65 28 135
20 63423984 0 1 0 1 13 19 80 74 32 154
20 63428596 0 1 0 1 7 7 20 22 14 42
20 63439613 0 1 0 1 32 21 97 110 53 207
20 63442659 0 1 0 1 3 13 5 45 16 50
20 63442665 0 1 0 1 2 10 5 36 12 41
20 63442674 0 1 0 1 3 16 5 45 19 50
20 63442680 0 1 0 1 7 9 14 27 16 41
20 63442692 0 1 0 1 5 11 18 19 16 37
20 63442695 0 1 0 1 2 13 4 33 15 37
20 63442701 0 1 0 1 5 10 7 24 15 31
20 63442716 0 1 0 1 3 7 7 27 10 34
20 63444985 0 1 0 1 6 10 35 31 16 66
20 63493106 0 1 0 1 4 9 18 28 13 46
20 63494832 0 1 0 1 39 31 144 152 70 296
20 63521166 0 1 0 1 7 4 25 24 11 49
20 63530987 0 1 0 1 14 17 90 59 31 149
20 63532459 0 1 0 1 5 7 31 36 12 67
20 63540866 0 1 0 1 51 43 182 176 94 358
20 63542209 0 1 0 1 47 57 203 243 104 446
20 63543371 0 1 0 1 27 27 101 112 54 213
20 63560122 0 1 0 1 18 13 55 71 31 126
20 63561021 0 1 0 1 20 17 93 102 37 195
20 63562061 0 1 0 1 30 36 174 156 66 330
20 63562234 0 1 0 1 21 22 101 88 43 189
20 63562677 0 1 0 1 28 42 105 123 70 228
20 63562750 0 1 0 1 36 30 119 120 66 239
20 63562775 0 1 0 1 41 33 133 145 74 278
20 63565308 0 1 0 1 54 66 215 183 120 398
20 63565531 0 1 0 1 47 53 218 225 100 443
20 63566883 0 1 0 1 60 64 292 294 124 586
20 63566995 0 1 0 1 67 86 348 355 153 703
20 63567309 0 1 0 1 61 62 229 267 123 496
20 63567747 0 1 0 1 34 23 120 118 57 238
20 63569222 0 1 0 1 21 21 76 103 42 179
20 63569507 0 1 0 1 43 63 207 249 106 456
20 63570887 0 1 0 1 10 15 50 36 25 86
20 63590257 0 1 0 1 37 48 184 224 85 408
20 63590858 0 1 0 1 7 16 38 39 23 77
20 63591885 0 1 0 1 7 4 21 20 11 41
20 63591917 0 1 0 1 12 13 35 31 25 66
20 63592018 0 1 0 1 28 22 93 123 50 216
20 63592730 0 1 0 1 19 14 79 66 33 145
20 63595728 0 1 0 1 47 46 182 183 93 365
20 63597984 0 1 0 1 22 17 77 57 39 134
20 63602888 0 1 0 1 20 19 46 46 39 92
20 63602920 0 1 0 1 22 19 57 68 41 125
20 63603259 0 1 0 0 2 22 0 121 24 121
20 63641305 0 1 0 1 6 5 17 37 11 54
20 63644491 0 1 0 1 14 6 39 46 20 85
20 63659310 0 1 0 1 11 8 23 36 19 59
20 63659655 0 1 0 1 14 7 56 59 21 115
20 63661919 0 1 0 1 42 35 152 152 77 304
20 63662107 0 1 0 1 11 5 37 45 16 82
20 63662709 0 1 0 1 27 29 98 118 56 216
20 63662741 0 1 0 1 20 23 100 86 43 186
20 63666047 0 1 0 1 32 38 126 121 70 247
20 63680024 0 1 0 1 25 27 109 135 52 244
20 63680946 0 1 0 1 10 8 33 22 18 55
20 63685481 0 1 0 1 38 32 164 192 70 356
20 63687931 0 1 0 1 33 14 118 144 47 262
20 63688111 0 1 0 1 54 37 181 176 91 357
20 63688251 0 1 0 1 24 26 112 140 50 252
20 63689615 0 1 0 1 43 43 156 153 86 309
20 63690302 0 1 0 1 48 38 226 212 86 438
20 63690935 0 1 0 1 5 11 26 51 16 77
20 63691653 0 1 0 1 28 22 135 145 50 280
20 63692936 0 1 0 1 35 26 147 133 61 280
20 63694757 0 1 0 1 17 18 98 96 35 194
20 63696914 0 1 0 1 34 46 192 195 80 387
20 63697100 0 1 0 1 29 34 122 132 63 254
20 63697389 0 1 0 1 17 13 76 99 30 175
20 63697476 0 1 0 1 17 23 84 109 40 193
20 63700637 0 1 0 1 29 30 123 150 59 273
20 63701289 0 1 0 1 25 26 122 129 51 251
20 63735126 0 1 0 1 3 11 30 51 14 81
20 63737947 0 1 0 1 16 41 95 133 57 228
20 63738542 0 1 0 1 15 27 134 117 42 251
20 63738996 0 1 0 1 4 6 35 22 10 57
20 63741353 0 1 0 1 12 8 44 31 20 75
20 63741603 0 1 0 1 9 10 39 40 19 79
20 63746996 0 1 0 1 14 25 100 78 39 178
20 63747011 0 1 0 1 14 23 111 87 37 198
20 63747065 0 1 0 1 22 10 72 99 32 171
20 63789659 0 1 0 1 4 6 20 21 10 41
20 63928611 0 1 0 1 11 10 32 42 21 74
20 63929545 0 1 0 1 12 22 70 89 34 159
20 63930816 0 1 0 1 10 12 28 27 22 55
20 63940098 0 1 0 1 38 29 138 133 67 271
20 63940099 0 1 0 1 38 29 138 141 67 279
20 63941711 0 1 0 1 8 10 29 36 18 65
20 63942653 0 1 0 1 23 26 107 109 49 216
20 63960107 0 1 0 1 43 41 166 184 84 350
20 63981221 0 1 0 1 63 66 237 273 129 510
20 64066835 0 1 0 1 10 9 44 51 19 95
20 64067131 0 1 0 1 12 8 59 58 20 117
20 64069739 0 1 0 1 17 18 93 113 35 206
20 64072137 0 1 0 1 48 51 224 213 99 437
20 64073787 0 1 0 1 11 13 39 45 24 84
20 64083430 0 1 0 1 41 40 130 149 81 279
20 64088659 0 1 0 1 5 5 23 37 10 60
20 64088663 0 1 0 1 3 9 5 56 12 61
20 64088781 0 1 0 1 2 8 5 48 10 53
20 64088782 0 1 0 1 2 7 6 50 9 56
20 64088805 0 1 0 1 5 12 12 59 17 71
20 64088809 0 1 0 1 5 13 13 59 18 72
20 64088825 0 1 0 1 6 12 17 56 18 73
20 64088837 0 1 0 1 9 8 21 43 17 64
20 64088840 0 1 0 1 7 12 10 55 19 65
20 64088862 0 1 0 1 3 11 19 22 14 41
20 64092900 0 1 0 1 56 45 196 175 101 371
20 64098078 0 1 0 1 71 66 272 258 137 530
20 64227491 0 1 0 1 37 25 136 120 62 256
20 64227826 0 1 0 1 9 10 51 50 19 101
20 64240055 0 1 0 1 8 13 28 37 21 65
20 64272182 0 1 0 1 24 39 112 125 63 237
20 64272197 0 1 0 1 24 39 139 144 63 283
20 64272376 0 1 0 1 40 43 134 139 83 273
20 64272477 0 1 0 1 6 14 41 54 20 95
20 64273189 0 1 0 1 6 13 44 56 19 100
