chr pos bloodGT1 bloodGT2 tumorGT1 tumorGT2 AN BN AT BT sN sT
10 283248 0 1 0 1 4 6 21 17 10 38
10 366516 0 1 0 0 2 19 0 89 21 89
10 813330 0 1 0 1 5 6 14 16 11 30
10 829347 0 1 0 1 17 8 40 53 25 93
10 864285 0 1 0 1 25 32 71 55 57 126
10 988472 0 1 0 1 35 16 74 83 51 157
10 988600 0 1 0 0 2 22 0 86 24 86
10 998827 0 1 0 0 2 8 0 47 10 47
10 998869 0 1 0 1 14 19 44 44 33 88
10 1009331 0 1 0 1 6 4 13 25 10 38
10 1014278 0 1 0 1 50 34 77 91 84 168
10 1015827 0 1 0 1 51 44 91 79 95 170
10 1019466 0 1 0 1 5 6 19 24 11 43
10 1020770 0 1 0 1 4 8 21 28 12 49
10 1024770 0 1 0 1 46 46 79 98 92 177
10 1035807 0 1 0 1 19 25 47 47 44 94
10 1042806 0 1 0 1 6 6 21 13 12 34
10 1043676 0 1 0 1 31 31 69 76 62 145
10 1048969 0 1 0 1 15 17 40 53 32 93
10 1080353 0 1 0 1 12 17 41 43 29 84
10 1185028 0 1 0 1 7 6 30 40 13 70
10 1199953 0 1 0 1 5 6 22 17 11 39
10 1217136 0 1 0 1 7 10 50 35 17 85
10 1217153 0 1 0 1 3 9 46 34 12 80
10 1233656 0 1 0 1 16 17 39 38 33 77
10 1271013 0 1 0 1 53 48 109 81 101 190
10 1363970 0 1 0 0 2 16 0 72 18 72
10 1379321 0 1 0 1 34 37 76 88 71 164
10 3103988 0 1 0 1 20 23 61 59 43 120
10 3104904 0 1 0 1 7 9 21 19 16 40
10 3104907 0 1 0 1 9 10 22 20 19 42
10 3105000 0 1 0 1 38 38 66 79 76 145
10 3113200 0 1 0 0 3 75 0 145 78 145
10 3149638 0 1 0 1 8 17 40 45 25 85
10 3163659 0 1 0 1 7 9 23 39 16 62
10 3163835 0 1 0 1 16 20 46 40 36 86
10 3166365 0 1 0 1 14 22 40 55 36 95
10 3166391 0 1 0 1 6 17 9 43 23 52
10 3172177 0 1 0 1 7 10 29 34 17 63
10 3172324 0 1 0 1 15 21 59 48 36 107
10 3172919 0 1 0 1 23 26 52 32 49 84
10 4835618 0 1 0 1 6 15 28 33 21 61
10 4842608 0 1 0 1 29 27 57 68 56 125
10 4845796 0 1 0 1 52 46 86 102 98 188
10 4963357 0 1 0 1 9 20 28 40 29 68
10 4967103 0 1 0 1 27 24 56 61 51 117
10 4967172 0 1 0 1 21 12 48 46 33 94
10 4968175 0 1 0 1 4 12 6 45 16 51
10 4999402 0 1 0 1 23 32 37 55 55 92
10 4999459 0 1 0 1 3 15 8 28 18 36
10 5000592 0 1 0 1 9 46 17 97 55 114
10 5003642 0 1 0 1 5 9 21 16 14 37
10 5024374 0 1 0 1 7 5 24 13 12 37
10 5049009 0 1 0 1 9 8 15 25 17 40
10 5094459 0 1 0 1 25 31 57 60 56 117
10 5096415 0 1 0 1 14 31 65 64 45 129
10 5096811 0 1 0 1 4 6 15 20 10 35
10 5098945 0 1 0 1 19 31 62 58 50 120
10 5105717 0 1 0 1 7 10 32 44 17 76
10 5107511 0 1 0 1 17 12 43 36 29 79
10 5123694 0 1 0 1 5 14 17 37 19 54
10 5132501 0 1 0 1 24 29 42 58 53 100
10 5132515 0 1 0 1 30 40 50 67 70 117
10 5132602 0 1 0 1 26 49 59 81 75 140
10 5135116 0 1 1 1 17 7 64 20 24 84
10 5135158 0 1 0 1 11 17 32 61 28 93
10 5154284 0 1 0 1 25 38 74 88 63 162
10 5157733 0 1 0 1 44 40 87 85 84 172
10 5157858 0 1 0 1 19 17 55 37 36 92
10 5157875 0 1 0 1 9 13 44 28 22 72
10 5158663 0 1 0 1 12 10 24 35 22 59
10 5161901 0 1 0 1 30 33 78 78 63 156
10 5162965 0 1 0 1 21 27 61 62 48 123
10 5204621 0 1 0 1 59 63 93 101 122 194
10 5212960 0 1 0 0 9 46 0 150 55 150
10 5277232 0 1 0 1 12 15 47 46 27 93
10 5284883 0 1 0 1 13 6 38 27 19 65
10 5373991 0 1 0 1 40 40 87 84 80 171
10 5499218 0 1 0 1 25 31 59 71 56 130
10 5499220 0 1 0 1 25 30 59 70 55 129
10 5499267 0 1 0 1 40 30 83 75 70 158
10 5641707 0 1 0 1 6 5 17 18 11 35
10 5730469 0 1 0 1 5 17 20 39 22 59
10 5739665 0 1 0 1 35 29 55 52 64 107
10 5740006 0 1 0 1 40 43 90 76 83 166
10 5742188 0 1 0 1 59 61 103 93 120 196
10 5746645 0 1 0 1 51 68 96 103 119 199
10 5749615 0 1 0 1 27 38 76 85 65 161
10 5750003 0 1 0 0 2 32 0 119 34 119
10 5756767 0 1 0 1 14 13 39 43 27 82
10 5757650 0 1 0 1 35 37 78 84 72 162
10 5762568 0 1 0 1 4 8 14 27 12 41
10 5766123 0 1 0 1 30 41 69 78 71 147
10 5768495 0 1 0 1 11 4 24 27 15 51
10 5785343 0 1 0 1 25 15 47 42 40 89
10 5795075 0 1 0 1 5 10 29 31 15 60
10 5811804 0 1 0 1 12 7 34 33 19 67
10 5811854 0 1 0 1 12 5 41 52 17 93
10 5813440 0 1 0 1 8 6 28 13 14 41
10 5862698 0 1 0 1 11 19 51 55 30 106
10 5877984 0 1 0 1 5 8 17 19 13 36
10 5878158 0 1 0 1 30 42 70 109 72 179
10 5882979 0 1 0 1 37 47 85 79 84 164
10 5909062 0 1 0 1 55 42 104 84 97 188
10 5915389 0 1 0 1 16 20 55 53 36 108
10 5915639 0 1 0 1 9 5 20 14 14 34
10 5916498 0 1 0 0 2 11 0 45 13 45
10 5921211 0 1 0 1 15 15 40 52 30 92
10 5963711 0 1 0 1 12 22 51 58 34 109
10 5963909 0 1 0 0 3 28 0 93 31 93
10 6012988 0 1 0 1 21 17 47 43 38 90
10 6019516 0 1 0 1 10 18 59 49 28 108
10 6019536 0 1 0 1 12 17 51 46 29 97
10 6024232 0 1 0 1 24 24 57 49 48 106
10 6024498 0 1 0 1 21 19 58 30 40 88
10 6110095 0 1 0 1 23 22 58 48 45 106
10 6146628 0 1 0 1 7 11 32 24 18 56
10 6203354 0 1 0 1 14 18 50 50 32 100
10 6225212 0 1 0 1 38 52 90 71 90 161
10 6228386 0 1 0 1 6 12 21 21 18 42
10 6232919 0 1 0 0 2 31 0 115 33 115
10 6350886 0 1 0 1 12 11 35 34 23 69
10 6430929 0 1 0 1 36 32 65 92 68 157
10 6456761 0 1 0 1 30 27 79 81 57 160
10 6462164 0 1 0 1 18 26 44 44 44 88
10 6462174 0 1 0 1 21 30 50 52 51 102
10 7188562 0 1 0 1 8 4 20 23 12 43
10 7188862 0 1 0 1 18 12 27 42 30 69
10 7197424 0 1 0 1 22 19 48 45 41 93
10 7276762 0 1 0 1 5 6 24 21 11 45
10 7276841 0 1 0 1 27 23 57 52 50 109
10 7277116 0 1 0 1 8 10 15 26 18 41
10 7277126 0 1 0 1 6 7 14 22 13 36
10 7563105 0 1 0 1 26 21 58 59 47 117
10 7569551 0 1 0 1 8 4 16 13 12 29
10 7573232 0 1 0 1 30 17 59 61 47 120
10 7576538 0 1 0 1 27 21 76 70 48 146
10 7576723 0 1 0 1 42 49 84 100 91 184
10 7577030 0 1 0 1 15 10 38 57 25 95
10 7577034 0 1 0 1 15 11 38 53 26 91
10 7585842 0 1 1 1 3 10 34 10 13 44
10 7585849 0 1 0 1 2 8 32 19 10 51
10 7587240 0 1 0 1 6 13 20 18 19 38
10 7587448 0 1 0 1 11 15 51 44 26 95
10 7587454 0 1 0 1 10 14 48 42 24 90
10 7641910 0 1 0 1 7 7 31 24 14 55
10 7655541 0 1 0 1 20 27 68 59 47 127
10 7753948 0 1 0 1 34 31 78 66 65 144
10 7769444 0 1 0 1 14 28 41 45 42 86
10 7783146 0 1 0 0 2 27 0 113 29 113
10 7787796 0 1 0 1 21 24 60 57 45 117
10 7788356 0 1 0 1 10 5 41 15 15 56
10 7796245 0 1 0 1 8 11 47 58 19 105
10 7802232 0 1 0 1 14 10 26 30 24 56
10 7802943 0 1 0 1 15 12 36 40 27 76
10 7807725 0 1 0 1 9 6 34 37 15 71
10 7824306 0 1 0 1 30 40 54 63 70 117
10 7824594 0 1 0 1 6 8 31 29 14 60
10 7824613 0 1 0 1 6 6 22 23 12 45
10 7964835 0 1 0 1 42 41 89 96 83 185
10 7965596 0 1 0 1 8 3 22 24 11 46
10 8013688 0 1 0 0 6 69 0 156 75 156
10 8069658 0 1 0 1 18 25 34 55 43 89
10 8161641 0 1 0 1 12 13 38 53 25 91
10 8161722 0 1 0 1 23 19 56 50 42 106
10 9407378 0 1 0 1 2 50 9 130 52 139
10 9407384 0 1 0 1 3 53 14 134 56 148
10 9407405 0 1 0 1 11 53 28 126 64 154
10 9407519 0 1 0 1 4 51 6 133 55 139
10 9407532 0 1 0 1 14 45 30 108 59 138
10 9407540 0 1 0 1 4 62 9 131 66 140
10 9407546 0 1 1 1 43 19 102 30 62 132
10 9407566 0 1 0 1 16 47 26 103 63 129
10 9407567 0 1 0 1 5 59 17 113 64 130
10 9407573 0 1 0 1 22 39 54 76 61 130
10 9407593 0 1 0 1 2 66 7 141 68 148
10 9407600 0 1 0 1 29 38 79 62 67 141
10 11005244 0 1 0 1 6 8 25 26 14 51
10 11165390 0 1 0 0 2 29 0 129 31 129
10 11275024 0 1 0 1 26 16 85 75 42 160
10 11288562 0 1 0 1 33 37 61 62 70 123
10 11288585 0 1 0 1 22 26 53 39 48 92
10 11288613 0 1 0 1 12 19 41 26 31 67
10 11314197 0 1 0 1 9 25 51 37 34 88
10 11319058 0 1 0 1 40 45 87 86 85 173
10 11755676 0 1 0 1 10 5 15 30 15 45
10 11763340 0 1 0 1 43 35 79 96 78 175
10 11763355 0 1 0 1 40 39 76 96 79 172
10 11763358 0 1 0 1 39 38 78 92 77 170
10 11936500 0 1 0 1 13 28 64 60 41 124
10 12088904 0 1 0 0 2 15 0 63 17 63
10 12088909 0 1 0 0 2 16 0 68 18 68
10 12129741 0 1 0 1 14 15 53 58 29 111
10 12130776 0 1 0 1 7 5 22 26 12 48
10 12149934 0 1 0 1 55 44 83 88 99 171
10 12153882 0 1 0 1 18 17 29 41 35 70
10 12156020 0 1 0 1 6 4 12 20 10 32
10 12160867 0 1 0 1 19 18 40 46 37 86
10 12167753 0 1 0 1 49 45 97 87 94 184
10 12170187 0 1 0 1 33 28 71 86 61 157
10 12186460 0 1 0 1 6 7 18 20 13 38
10 12246303 0 1 0 1 30 41 79 79 71 158
10 12249575 0 1 0 0 3 56 0 140 59 140
10 12250287 0 1 0 1 40 28 77 78 68 155
10 12250455 0 1 0 1 10 11 37 39 21 76
10 12553148 0 1 0 1 25 26 71 74 51 145
10 12814058 0 1 0 1 10 11 26 40 21 66
10 13058204 0 1 0 1 8 7 16 24 15 40
10 13109224 0 1 0 1 16 26 71 62 42 133
10 13136697 0 1 0 1 22 20 59 66 42 125
10 13170848 0 1 0 1 17 15 42 49 32 91
10 13172427 0 1 0 1 38 30 87 93 68 180
10 13183119 0 1 0 1 18 26 46 63 44 109
10 13188837 0 1 0 1 8 13 35 46 21 81
10 13188950 0 1 0 1 39 39 83 93 78 176
10 13233643 0 1 0 1 34 37 88 74 71 162
10 13233676 0 1 0 1 30 40 89 67 70 156
10 13278236 0 1 0 1 14 12 21 26 26 47
10 13288402 0 1 0 1 7 16 57 41 23 98
10 13298293 0 1 0 1 8 10 29 22 18 51
10 13319421 0 1 0 1 8 15 35 39 23 74
10 13333906 0 1 0 1 30 12 75 71 42 146
10 13336445 0 1 0 1 29 34 76 60 63 136
10 13441868 0 1 0 1 3 7 23 19 10 42
10 13492851 0 1 0 1 23 30 61 91 53 152
10 13610028 0 1 0 0 7 61 0 128 68 128
10 13610029 0 1 0 0 3 61 0 128 64 128
10 13611615 0 1 0 1 33 36 64 86 69 150
10 13616335 0 1 0 1 40 32 60 76 72 136
10 13740110 0 1 0 1 13 6 34 32 19 66
10 13810967 0 1 0 1 24 21 45 62 45 107
10 14383205 0 1 0 1 10 11 52 63 21 115
10 14828015 0 1 0 0 2 8 0 43 10 43
10 14842510 0 1 0 1 42 32 90 82 74 172
10 14928169 0 1 0 1 14 18 28 38 32 66
10 14934415 0 1 0 1 21 26 56 70 47 126
10 14935470 0 1 0 1 15 21 38 42 36 80
10 14976846 0 1 0 1 9 5 11 19 14 30
10 14987098 0 1 0 1 11 20 42 34 31 76
10 15008393 0 1 0 1 9 11 24 28 20 52
10 15016880 0 1 0 1 2 11 3 25 13 28
10 15056898 0 1 0 1 11 8 29 42 19 71
10 15064442 0 1 0 1 38 33 88 89 71 177
10 15079166 0 1 0 1 22 21 64 65 43 129
10 15079196 0 1 0 1 15 18 47 43 33 90
10 15088676 0 1 0 1 11 9 38 49 20 87
10 15088795 0 1 0 1 9 28 44 63 37 107
10 15096616 0 1 0 1 33 38 78 76 71 154
10 15103570 0 1 0 1 52 39 85 93 91 178
10 15104062 0 1 0 1 24 36 68 80 60 148
10 15119275 0 1 0 1 6 9 21 25 15 46
10 15119335 0 1 0 1 12 12 36 40 24 76
10 15214195 0 1 0 1 43 43 85 87 86 172
10 15221101 0 1 0 1 26 32 56 73 58 129
10 15606244 0 1 0 1 36 52 79 95 88 174
10 15616597 0 1 0 1 14 18 55 53 32 108
10 15671508 0 1 0 1 6 13 36 28 19 64
10 15671542 0 1 0 1 19 18 57 46 37 103
10 15671668 0 1 0 1 19 29 42 58 48 100
10 15860304 0 1 0 1 21 30 79 77 51 156
10 16505059 0 1 0 1 57 56 80 98 113 178
10 16694978 0 1 0 1 17 11 44 41 28 85
10 16695167 0 1 0 1 14 15 49 42 29 91
10 16727243 0 1 0 1 15 20 46 33 35 79
10 16828913 0 1 0 1 29 38 83 80 67 163
10 16836205 0 1 0 1 14 9 43 29 23 72
10 16840519 0 1 0 1 6 11 27 20 17 47
10 16925446 0 1 0 1 17 8 47 29 25 76
10 16990282 0 1 0 1 37 42 77 79 79 156
10 17023489 0 1 0 0 3 84 0 170 87 170
10 17065667 0 1 0 1 41 32 61 72 73 133
10 17071457 0 1 0 1 31 23 63 68 54 131
10 17071564 0 1 0 1 51 38 75 95 89 170
10 17104643 0 1 0 1 18 12 29 43 30 72
10 17114152 0 1 0 1 23 22 51 71 45 122
10 17159278 0 1 0 1 19 16 60 54 35 114
10 17162249 0 1 0 1 10 12 33 22 22 55
10 17162250 0 1 0 1 2 24 5 62 26 67
10 17168993 0 1 0 1 4 9 21 25 13 46
10 17201639 0 1 0 1 4 12 32 50 16 82
10 17230601 0 1 0 0 2 11 0 53 13 53
10 17236223 0 1 0 1 10 5 28 28 15 56
10 17714597 0 1 0 1 33 37 85 73 70 158
10 17771408 0 1 0 1 18 17 49 41 35 90
10 17775964 0 1 0 1 8 9 24 21 17 45
10 17776007 0 1 0 1 27 24 52 49 51 101
10 17796225 0 1 0 1 49 50 81 108 99 189
10 17798598 0 1 0 1 33 42 59 100 75 159
10 17823255 0 1 0 1 57 62 101 96 119 197
10 17833763 0 1 0 1 62 42 102 76 104 178
10 17833817 0 1 0 1 45 32 94 66 77 160
10 17833843 0 1 0 1 30 22 69 63 52 132
10 17833844 0 1 0 1 30 22 68 63 52 131
10 17833858 0 1 0 1 26 17 60 55 43 115
10 17840863 0 1 0 1 10 7 29 26 17 55
10 17849571 0 1 0 0 3 54 0 148 57 148
10 17849701 0 1 0 1 67 38 90 96 105 186
10 17870917 0 1 0 1 47 46 86 67 93 153
10 17879917 0 1 0 1 7 9 21 23 16 44
10 17907459 0 1 0 1 7 4 12 23 11 35
10 17907664 0 1 0 1 40 38 81 70 78 151
10 17953375 0 1 0 1 33 29 59 80 62 139
10 17953382 0 1 0 1 32 24 55 82 56 137
10 17965726 0 1 0 1 11 20 46 43 31 89
10 17977854 0 1 0 1 3 7 21 12 10 33
10 17978060 0 1 0 1 38 57 101 74 95 175
10 17978167 0 1 0 1 18 16 35 41 34 76
10 17981493 0 1 0 1 8 4 29 34 12 63
10 18402089 0 1 0 1 15 14 47 49 29 96
10 18500795 0 1 0 1 22 14 56 52 36 108
10 18506667 0 1 0 1 15 18 44 24 33 68
10 18519704 0 1 0 0 4 47 0 126 51 126
10 18519709 0 1 0 0 3 50 0 129 53 129
10 18527704 0 1 0 1 25 34 62 72 59 134
10 18536248 0 1 0 1 7 9 20 16 16 36
10 18539442 0 1 0 1 44 42 90 88 86 178
10 18539706 0 1 0 1 22 20 39 53 42 92
10 18539741 0 1 0 1 6 7 11 20 13 31
10 18596063 0 1 0 1 9 6 19 21 15 40
10 18610031 0 1 0 1 12 10 35 14 22 49
10 18642583 0 1 0 1 12 6 25 27 18 52
10 19103928 0 1 0 1 19 17 48 45 36 93
10 19103949 0 1 0 0 3 37 0 100 40 100
10 19103954 0 1 0 0 4 37 0 103 41 103
10 19103959 0 1 0 0 3 42 0 104 45 104
10 19203637 0 1 0 1 3 7 16 23 10 39
10 19203903 0 1 0 1 26 16 82 61 42 143
10 19283012 0 1 0 1 14 19 56 74 33 130
10 19331630 0 1 0 1 6 8 23 22 14 45
10 19348159 0 1 0 1 4 6 13 18 10 31
10 19387624 0 1 0 1 31 39 77 90 70 167
10 19387632 0 1 0 1 34 38 83 87 72 170
10 19389520 0 1 0 1 25 35 59 80 60 139
10 19489053 0 1 0 1 45 48 91 93 93 184
10 19489127 0 1 0 1 25 27 73 59 52 132
10 19498489 0 1 0 1 26 30 71 64 56 135
10 19595335 0 1 0 1 34 36 84 71 70 155
10 19615950 0 1 0 1 21 7 46 26 28 72
10 19817007 0 1 0 1 11 8 19 23 19 42
10 20068254 0 1 0 1 34 23 48 81 57 129
10 20147909 0 1 0 1 26 43 72 87 69 159
10 20211781 0 1 0 1 13 24 47 53 37 100
10 20211814 0 1 0 1 9 6 42 24 15 66
10 20217489 0 1 0 1 43 46 86 92 89 178
10 20245404 0 1 0 1 9 13 33 48 22 81
10 20279595 0 1 0 1 8 4 27 16 12 43
10 20787378 0 1 0 1 46 42 80 77 88 157
10 20815765 0 1 0 1 6 11 32 18 17 50
10 20819448 0 1 0 1 20 22 65 70 42 135
10 20826403 0 1 0 1 8 6 27 28 14 55
10 20831187 0 1 0 1 54 65 93 100 119 193
10 20868563 0 1 0 1 9 4 28 23 13 51
10 20899268 0 1 0 1 18 14 51 67 32 118
10 21248064 0 1 0 1 6 4 11 21 10 32
10 21394286 0 1 0 0 2 10 0 40 12 40
10 21517903 0 1 0 1 11 23 37 46 34 83
10 21517929 0 1 0 1 10 7 26 24 17 50
10 21538867 0 1 0 1 51 47 102 82 98 184
10 21595542 0 1 0 1 6 4 14 18 10 32
10 21612537 0 1 0 1 12 27 44 49 39 93
10 22209280 0 1 0 1 40 55 75 106 95 181
10 22209539 0 1 0 1 69 58 85 100 127 185
10 22360943 0 1 0 1 26 15 44 46 41 90
10 22537164 0 1 0 1 24 22 72 75 46 147
10 22550699 0 1 0 1 26 20 58 62 46 120
10 22607850 0 1 0 1 8 22 33 51 30 84
10 22714297 0 1 0 1 37 45 82 77 82 159
10 23104297 0 1 0 1 10 10 21 16 20 37
10 23119413 0 1 0 0 2 32 0 121 34 121
10 23193706 0 1 0 1 12 9 28 43 21 71
10 23193921 0 1 0 1 32 28 82 74 60 156
10 23239660 0 1 0 1 15 32 59 61 47 120
10 23267181 0 1 0 1 15 8 50 30 23 80
10 23333043 0 1 0 1 10 15 37 36 25 73
10 23344041 0 1 0 1 4 9 13 34 13 47
10 23344637 0 1 0 1 10 16 37 48 26 85
10 24433017 0 1 0 1 20 21 49 62 41 111
10 24473904 0 1 0 1 20 14 57 53 34 110
10 24542576 0 1 0 1 14 11 40 34 25 74
10 24544208 0 1 0 1 18 34 59 73 52 132
10 24584440 0 1 0 1 16 23 57 63 39 120
10 24600972 0 1 0 1 31 22 47 71 53 118
10 24619757 0 1 0 1 24 25 52 81 49 133
10 25061137 0 1 0 0 2 24 0 102 26 102
10 25221120 0 1 0 0 3 90 0 173 93 173
10 25412412 0 1 0 1 20 23 37 52 43 89
10 25599251 0 1 0 1 17 23 57 68 40 125
10 26021481 0 1 0 1 55 40 83 68 95 151
10 26023895 0 1 0 1 9 15 38 30 24 68
10 26066933 0 1 0 1 24 13 40 57 37 97
10 26066943 0 1 0 1 31 16 43 67 47 110
10 26066977 0 1 0 1 40 24 70 81 64 151
10 26067063 0 1 0 1 29 32 71 59 61 130
10 26067085 0 1 0 1 18 21 49 45 39 94
10 26067086 0 1 0 1 17 20 48 44 37 92
10 26067108 0 1 0 1 12 14 37 29 26 66
10 26067137 0 1 0 1 7 9 27 15 16 42
10 26068818 0 1 0 1 39 36 64 98 75 162
10 26068819 0 1 0 1 37 37 63 99 74 162
10 26068891 0 1 0 1 33 30 67 70 63 137
10 26070251 0 1 0 1 18 23 53 58 41 111
10 26096643 0 1 0 0 2 21 0 94 23 94
10 26147358 0 1 0 1 11 16 30 46 27 76
10 26154717 0 1 0 1 28 36 77 79 64 156
10 26157252 0 1 0 1 8 10 20 20 18 40
10 26157383 0 1 0 1 42 52 79 106 94 185
10 26173861 0 1 0 1 25 25 44 100 50 144
10 26174114 0 1 0 1 58 41 91 90 99 181
10 26174201 0 1 0 1 37 56 77 109 93 186
10 26216893 0 1 0 1 14 22 69 56 36 125
10 26292392 0 1 0 1 9 14 40 49 23 89
10 26492214 0 1 0 0 2 20 0 84 22 84
10 26501207 0 1 0 1 7 12 26 23 19 49
10 26511772 0 1 0 0 2 28 0 117 30 117
10 26698003 0 1 0 1 12 14 33 24 26 57
10 26701920 0 1 0 1 6 7 23 17 13 40
10 26702108 0 1 0 1 2 17 8 61 19 69
10 26702116 0 1 0 1 2 15 8 61 17 69
10 26709810 0 1 0 1 33 32 64 76 65 140
10 26910172 0 1 0 0 2 23 0 92 25 92
10 27014676 0 1 0 1 12 6 35 34 18 69
10 27028849 0 1 0 1 15 26 67 56 41 123
10 27028911 0 1 0 1 14 19 50 46 33 96
10 27079197 0 1 0 1 8 10 42 35 18 77
10 27082694 0 1 0 1 11 10 33 43 21 76
10 27082718 0 1 0 1 10 8 29 37 18 66
10 27093307 0 1 0 1 5 10 28 20 15 48
10 27093311 0 1 0 1 10 6 22 29 16 51
10 27093359 0 1 0 0 3 41 0 102 44 102
10 27093599 0 1 0 1 8 17 45 54 25 99
10 27093657 0 1 0 1 18 34 60 78 52 138
10 27112127 0 1 0 1 39 39 72 99 78 171
10 27114706 0 1 0 1 4 9 26 24 13 50
10 27116167 0 1 0 1 17 19 58 64 36 122
10 27134815 0 1 0 1 30 28 61 83 58 144
10 27145554 0 1 0 1 23 20 60 72 43 132
10 27149035 0 1 0 1 19 15 38 56 34 94
10 27153192 0 1 0 1 20 15 48 54 35 102
10 27154083 0 1 0 1 15 22 53 53 37 106
10 27154154 0 1 0 1 20 43 71 78 63 149
10 27155399 0 1 0 1 5 5 21 15 10 36
10 27164997 0 1 0 1 5 6 16 24 11 40
10 27165182 0 1 0 1 37 56 80 76 93 156
10 27170741 0 1 0 1 17 36 63 73 53 136
10 27173024 0 1 0 1 5 8 24 25 13 49
10 27186515 0 1 0 1 37 47 73 87 84 160
10 27186565 0 1 0 1 14 27 39 64 41 103
10 27248127 0 1 0 1 5 16 15 29 21 44
10 27263037 0 1 0 1 24 23 62 64 47 126
10 27263042 0 1 0 1 23 23 63 65 46 128
10 27288639 0 1 0 1 21 20 54 65 41 119
10 27341184 0 1 0 0 2 22 0 87 24 87
10 27528333 0 1 0 0 2 12 0 53 14 53
10 27939936 0 1 0 1 32 24 76 77 56 153
10 27945002 0 1 0 1 37 40 77 63 77 140
10 27945004 0 1 0 1 37 38 77 61 75 138
10 27959028 0 1 0 1 7 8 33 35 15 68
10 27971222 0 1 0 1 22 45 59 76 67 135
10 27981683 0 1 0 1 8 12 44 26 20 70
10 28590909 0 1 0 1 2 8 17 22 10 39
10 28616150 0 1 0 1 19 18 37 45 37 82
10 29289155 0 1 0 1 20 23 53 65 43 118
10 29292511 0 1 0 1 70 55 96 98 125 194
10 29410034 0 1 0 0 2 13 0 59 15 59
10 29463556 0 1 0 1 32 49 82 94 81 176
10 29490918 0 1 0 1 20 60 47 121 80 168
10 29491048 0 1 0 1 6 17 8 62 23 70
10 29494979 0 1 0 1 40 48 56 116 88 172
10 29532160 0 1 0 1 15 10 39 30 25 69
10 29532594 0 1 0 1 47 26 80 79 73 159
10 29533230 0 1 0 1 47 48 92 86 95 178
10 29545069 0 1 0 1 20 34 61 72 54 133
10 29545074 0 1 0 1 19 31 57 71 50 128
10 29550584 0 1 0 1 12 6 18 24 18 42
10 29550858 0 1 0 1 47 68 88 102 115 190
10 29551109 0 1 0 1 37 32 74 86 69 160
10 29551235 0 1 0 1 30 39 67 86 69 153
10 29554904 0 1 0 1 18 25 67 68 43 135
10 30017875 0 1 0 1 13 22 53 70 35 123
10 30027143 0 1 0 1 37 41 74 97 78 171
10 30027279 0 1 0 1 47 50 95 92 97 187
10 30027943 0 1 0 1 60 64 89 106 124 195
10 30028897 0 1 0 1 53 41 82 103 94 185
10 30028909 0 1 0 1 53 44 80 98 97 178
10 30029020 0 1 0 1 29 37 88 83 66 171
10 30340207 0 1 0 1 16 19 47 49 35 96
10 30340297 0 1 0 1 44 57 73 108 101 181
10 30356336 0 1 0 1 16 17 50 79 33 129
10 30356460 0 1 0 1 10 11 29 36 21 65
10 30357246 0 1 0 0 2 30 0 110 32 110
10 30365599 0 1 0 1 7 4 13 18 11 31
10 30366287 0 1 0 1 5 7 25 13 12 38
10 30439172 0 1 0 1 59 58 98 89 117 187
10 30439321 0 1 0 1 49 48 88 93 97 181
10 30613040 0 1 0 1 16 25 39 28 41 67
10 30626689 0 1 0 1 6 12 10 37 18 47
10 30626708 0 1 0 1 7 15 17 45 22 62
10 30626953 0 1 0 1 6 22 24 59 28 83
10 30626969 0 1 0 1 3 28 4 91 31 95
10 30627001 0 1 0 1 3 16 18 62 19 80
10 30627015 0 1 0 1 3 14 15 54 17 69
10 30629492 0 1 0 1 6 49 7 122 55 129
10 30629557 0 1 0 1 22 67 39 138 89 177
10 30629563 0 1 0 1 22 69 39 137 91 176
10 30629620 0 1 0 1 9 67 16 148 76 164
10 30671639 0 1 0 1 7 10 25 30 17 55
10 30671787 0 1 0 1 5 7 32 29 12 61
10 30685245 0 1 0 1 10 8 35 44 18 79
10 30689436 0 1 0 1 11 16 22 44 27 66
10 30709333 0 1 0 1 5 8 18 24 13 42
10 30845628 0 1 0 1 12 7 24 25 19 49
10 30849888 0 1 0 1 34 35 82 83 69 165
10 30857714 0 1 0 1 27 34 78 88 61 166
10 30857822 0 1 0 0 2 27 0 99 29 99
10 31502573 0 1 0 1 16 17 49 34 33 83
10 31831750 0 1 0 1 4 27 41 44 31 85
10 31839683 0 1 0 1 9 12 30 24 21 54
10 31852532 0 1 0 1 38 27 86 80 65 166
10 31854116 0 1 0 1 47 73 65 121 120 186
10 32034663 0 1 0 1 20 14 52 47 34 99
10 32055819 0 1 0 1 16 25 44 62 41 106
10 32102577 0 1 0 1 11 6 24 31 17 55
10 32102685 0 1 0 1 15 8 45 26 23 71
10 32102783 0 1 0 1 9 8 38 43 17 81
10 32103025 0 1 0 1 7 6 14 22 13 36
10 32110389 0 1 0 1 8 15 47 34 23 81
10 32474034 0 1 0 0 2 19 0 75 21 75
10 32728854 0 1 0 1 9 9 17 20 18 37
10 32834846 0 1 0 1 11 12 39 32 23 71
10 32848623 0 1 0 1 27 14 52 48 41 100
10 32901639 0 1 0 1 6 17 30 34 23 64
10 32906949 0 1 0 1 9 9 20 26 18 46
10 32908269 0 1 0 1 21 15 46 46 36 92
10 32912200 0 1 0 1 10 8 19 19 18 38
10 32920338 0 1 0 1 50 49 64 115 99 179
10 32922299 0 1 0 1 26 34 92 62 60 154
10 32928182 0 1 0 1 30 41 89 80 71 169
10 33180253 0 1 0 1 44 46 98 95 90 193
10 33194633 0 1 0 1 12 12 27 26 24 53
10 33195649 0 1 0 1 25 19 35 56 44 91
10 33197739 0 1 0 1 14 17 47 31 31 78
10 33206378 0 1 0 1 26 29 65 81 55 146
10 33253907 0 1 0 1 5 15 11 17 20 28
10 34119817 0 1 0 1 14 15 47 37 29 84
10 34131679 0 1 0 1 10 13 34 48 23 82
10 34331292 0 1 0 1 27 23 71 67 50 138
10 34377936 0 1 0 1 13 17 51 44 30 95
10 35337082 0 1 0 1 22 27 85 64 49 149
10 35408224 0 1 0 1 3 12 8 38 15 46
10 35408262 0 1 0 1 6 9 11 43 15 54
10 35408285 0 1 0 1 8 10 11 36 18 47
10 35408306 0 1 0 1 8 6 11 27 14 38
10 35607643 0 1 0 1 59 53 78 95 112 173
10 35608376 0 1 0 1 18 23 47 81 41 128
10 36523457 0 1 0 1 5 107 5 180 112 185
10 36523951 0 1 0 1 51 59 93 87 110 180
10 37141925 0 1 0 1 3 38 5 126 41 131
10 37141944 0 1 0 1 3 51 5 142 54 147
10 37141945 0 1 0 1 3 52 5 143 55 148
10 37141947 0 1 0 1 3 53 5 143 56 148
10 37141956 0 1 0 1 4 54 6 149 58 155
10 37141967 0 1 0 1 4 53 6 154 57 160
10 37141975 0 1 0 1 4 58 6 157 62 163
10 37141986 0 1 0 1 4 64 6 165 68 171
10 37144954 0 1 0 1 3 7 7 26 10 33
10 37144962 0 1 0 1 3 10 7 33 13 40
10 37144971 0 1 0 1 3 12 7 40 15 47
10 37144975 0 1 0 1 3 13 7 43 16 50
10 37144976 0 1 0 1 3 14 7 42 17 49
10 37144986 0 1 0 1 4 16 7 46 20 53
10 37145001 0 1 0 1 4 17 6 56 21 62
10 37216213 0 1 0 1 5 15 42 35 20 77
10 37216231 0 1 0 1 18 10 41 48 28 89
10 37216251 0 1 0 1 16 12 43 51 28 94
10 37216264 0 1 0 1 13 20 48 44 33 92
10 37337582 0 1 0 0 2 8 0 35 10 35
10 37856359 0 1 0 0 3 78 0 168 81 168
10 38010915 0 1 0 1 7 7 27 21 14 48
10 38025956 0 1 0 1 6 6 16 34 12 50
10 38055772 0 1 0 1 34 40 66 88 74 154
10 38064178 0 1 0 0 2 33 0 125 35 125
10 38096388 0 1 0 1 7 5 16 25 12 41
10 38096513 0 1 0 1 37 36 93 87 73 180
10 38175958 0 1 0 1 13 11 36 26 24 62
10 38186693 0 1 0 1 13 24 44 66 37 110
10 38356415 0 1 0 1 20 67 40 92 87 132
10 38356475 0 1 0 1 39 57 82 69 96 151
10 38681143 0 1 0 1 3 10 15 31 13 46
10 38982252 0 1 0 1 8 8 20 16 16 36
10 39967657 0 1 0 1 9 12 15 26 21 41
10 41859916 0 1 0 1 4 37 3 53 41 56
10 41859921 0 1 0 1 2 44 2 58 46 60
10 41859954 0 1 0 1 9 35 8 49 44 57
10 41859955 0 1 0 1 2 46 4 53 48 57
10 41875396 0 1 0 1 3 16 2 24 19 26
10 41875405 0 1 0 1 5 29 8 46 34 54
10 41875410 0 1 0 1 13 26 25 37 39 62
10 41875415 0 1 0 1 3 44 5 64 47 69
10 41875416 0 1 0 1 2 49 3 67 51 70
10 41875420 0 1 0 1 2 50 5 70 52 75
10 41875443 0 1 0 1 24 15 40 24 39 64
10 41875479 0 1 0 1 2 18 3 23 20 26
10 41879431 0 1 0 1 6 20 12 36 26 48
10 41879457 0 1 1 1 24 8 38 5 32 43
10 41879458 0 1 0 1 10 22 13 38 32 51
10 41879463 0 1 0 1 4 30 3 46 34 49
10 41879471 0 1 0 1 11 23 13 37 34 50
10 41879478 0 1 0 1 2 31 5 43 33 48
10 41879493 0 1 0 1 2 25 4 29 27 33
10 41883178 0 1 0 1 9 8 13 25 17 38
10 41883386 0 1 0 1 5 6 5 27 11 32
10 41883416 0 1 0 1 8 5 22 18 13 40
10 41883421 0 1 0 1 8 5 19 25 13 44
10 41883433 0 1 0 1 7 6 19 25 13 44
10 41883436 0 1 0 1 6 7 16 25 13 41
10 41883446 0 1 0 1 2 10 5 38 12 43
10 41883453 0 1 0 1 2 10 4 28 12 32
10 41889544 0 1 0 1 7 6 20 18 13 38
10 41889557 0 1 0 1 2 14 6 30 16 36
10 41889562 0 1 0 1 3 12 9 30 15 39
10 41889563 0 1 0 1 4 11 9 29 15 38
10 41889585 0 1 0 1 4 10 9 22 14 31
10 41896925 0 1 0 1 2 8 6 29 10 35
10 41896933 0 1 0 1 4 6 12 20 10 32
10 41896940 0 1 0 1 4 4 12 20 8 32
10 41898916 0 1 0 1 2 20 3 26 22 29
10 41898938 0 1 0 1 4 16 6 16 20 22
10 41898943 0 1 0 1 3 18 2 22 21 24
10 41898946 0 1 0 1 11 6 10 13 17 23
10 41898949 0 1 0 1 4 16 8 19 20 27
10 41898953 0 1 0 1 2 17 3 25 19 28
10 41898954 0 1 0 1 10 9 7 20 19 27
10 41898956 0 1 0 1 13 5 17 8 18 25
10 41898967 0 1 0 1 6 14 2 25 20 27
10 41898976 0 1 0 1 6 12 3 24 18 27
10 41898977 0 1 0 1 2 17 3 23 19 26
10 41914709 0 1 0 1 2 8 5 28 10 33
10 42070569 0 1 0 0 2 10 0 41 12 41
10 42070582 0 1 0 1 3 9 11 30 12 41
10 42411753 0 1 0 1 51 50 99 90 101 189
10 42411812 0 1 0 1 33 35 73 62 68 135
10 42425384 0 1 0 1 22 22 56 68 44 124
10 42425436 0 1 0 1 20 19 52 52 39 104
10 42454216 0 1 0 1 26 38 77 89 64 166
10 42583274 0 1 0 0 2 20 0 96 22 96
10 42594517 0 1 0 1 21 29 63 70 50 133
10 42623675 0 1 0 1 23 28 60 57 51 117
10 42623711 0 1 0 1 21 19 54 51 40 105
10 42632947 0 1 0 1 10 11 23 31 21 54
10 42636784 0 1 0 1 4 7 16 18 11 34
10 42797199 0 1 0 1 14 21 51 41 35 92
10 43100520 0 1 0 1 25 35 75 73 60 148
10 43108942 0 1 0 1 10 10 26 27 20 53
10 43111239 0 1 0 1 48 53 101 90 101 191
10 43120057 0 1 0 1 8 14 35 43 22 78
10 43128364 0 1 0 1 29 32 49 59 61 108
10 43183348 0 1 0 1 50 44 72 101 94 173
10 43199601 0 1 0 1 27 52 72 98 79 170
10 43387894 0 1 0 1 16 21 53 43 37 96
10 43481535 0 1 0 1 21 19 60 72 40 132
10 43482639 0 1 0 1 23 25 64 60 48 124
10 43616358 0 1 0 1 35 35 83 94 70 177
10 43616797 0 1 0 1 46 40 71 95 86 166
10 43788169 0 1 0 0 2 15 0 71 17 71
10 43845417 0 1 0 1 21 14 63 57 35 120
10 44373416 0 1 0 1 16 26 58 62 42 120
10 44374567 0 1 0 1 19 35 90 60 54 150
10 44374792 0 1 0 1 16 12 36 33 28 69
10 44378401 0 1 0 1 23 12 57 47 35 104
10 44378805 0 1 0 1 5 8 30 30 13 60
10 44935014 0 1 0 1 23 25 57 69 48 126
10 44984782 0 1 0 1 24 23 59 70 47 129
10 45127338 0 1 0 1 3 56 5 116 59 121
10 45127446 0 1 0 1 2 11 8 33 13 41
10 45395767 0 1 0 1 15 13 29 32 28 61
10 45443298 0 1 0 1 16 16 32 40 32 72
10 45443688 0 1 0 1 16 23 47 63 39 110
10 45458319 0 1 0 1 43 30 89 76 73 165
10 45463408 0 1 0 1 37 33 80 101 70 181
10 45463433 0 1 0 1 34 29 71 103 63 174
10 45725704 0 1 0 1 21 39 47 84 60 131
10 45725945 0 1 0 1 10 10 16 42 20 58
10 45725969 0 1 0 1 7 9 12 25 16 37
10 45975519 0 1 0 1 3 64 4 128 67 132
10 46010357 0 1 0 0 2 21 0 92 23 92
10 46038901 0 1 0 1 11 9 28 27 20 55
10 46046326 0 1 0 1 49 45 84 96 94 180
10 46234232 0 1 0 1 33 30 64 113 63 177
10 46296144 0 1 0 1 35 33 73 78 68 151
10 46297471 0 1 0 1 5 9 31 20 14 51
10 46298041 0 1 0 1 12 11 29 42 23 71
10 46302773 0 1 0 1 14 13 37 40 27 77
10 46306719 0 1 0 1 12 19 45 49 31 94
10 46309021 0 1 0 1 16 17 42 39 33 81
10 46311575 0 1 0 1 20 14 61 64 34 125
10 46330039 0 1 0 1 23 26 57 83 49 140
10 46358188 0 1 0 1 20 13 52 37 33 89
10 46549378 0 1 0 1 9 13 36 24 22 60
10 46549400 0 1 0 1 13 25 18 63 38 81
10 46549471 0 1 0 1 49 46 74 96 95 170
10 46549538 0 1 0 1 62 65 84 111 127 195
10 46549546 0 1 0 1 32 92 58 137 124 195
10 46549754 0 1 0 1 12 55 37 144 67 181
10 46549870 0 1 0 1 56 44 88 107 100 195
10 46549885 0 1 0 1 17 87 56 140 104 196
10 46550013 0 1 0 1 46 68 71 119 114 190
10 46550016 0 1 0 1 39 74 60 129 113 189
10 46550021 0 1 0 1 33 79 42 146 112 188
10 46550040 0 1 0 1 34 72 44 138 106 182
10 46550133 0 1 0 1 24 90 54 126 114 180
10 46550152 0 1 0 1 68 45 84 98 113 182
10 46550419 0 1 0 1 34 37 75 88 71 163
10 46550428 0 1 0 1 28 31 70 81 59 151
10 46550439 0 1 0 1 18 40 40 114 58 154
10 46550466 0 1 0 1 28 28 75 85 56 160
10 46550587 0 1 0 1 13 49 45 121 62 166
10 46550598 0 1 0 1 29 35 74 91 64 165
10 46550618 0 1 0 1 25 33 71 85 58 156
10 46550622 0 1 0 1 11 43 44 110 54 154
10 46550723 0 1 0 1 33 34 94 66 67 160
10 46550822 0 1 0 1 35 31 66 55 66 121
10 46789560 0 1 0 1 8 10 29 43 18 72
10 47000038 0 1 0 1 21 10 42 33 31 75
10 47300628 0 1 0 1 8 17 32 35 25 67
10 47323088 0 1 0 1 16 19 29 39 35 68
10 47324813 0 1 0 1 17 14 30 51 31 81
10 47349321 0 1 0 1 42 39 82 94 81 176
10 47351382 0 1 0 1 47 32 85 88 79 173
10 47368085 0 1 0 1 40 30 86 81 70 167
10 47368615 0 1 0 1 23 25 73 79 48 152
10 47419721 0 1 0 1 5 8 27 29 13 56
10 47502579 0 1 0 1 3 10 5 40 13 45
10 47503470 0 1 0 1 8 15 25 19 23 44
10 47563554 0 1 0 1 23 24 41 72 47 113
10 47726840 0 1 0 1 35 116 23 155 151 178
10 47726888 0 1 0 1 6 122 18 129 128 147
10 48184959 0 1 0 1 8 12 32 27 20 59
10 48211965 0 1 0 1 3 8 17 19 11 36
10 48212162 0 1 0 1 10 17 45 46 27 91
10 48232303 0 1 0 1 16 19 44 80 35 124
10 48236527 0 1 0 0 2 18 0 106 20 106
10 48446360 0 1 0 1 10 4 21 26 14 47
10 48451594 0 1 0 1 21 29 58 68 50 126
10 48479826 0 1 0 1 22 12 40 32 34 72
10 48479882 0 1 0 1 29 36 65 76 65 141
10 48493402 0 1 0 1 13 19 67 58 32 125
10 48582927 0 1 0 1 14 14 62 38 28 100
10 48652108 0 1 0 1 8 5 25 17 13 42
10 48652213 0 1 0 1 23 17 48 64 40 112
10 48721446 0 1 0 1 43 32 70 69 75 139
10 48788495 0 1 0 1 14 14 44 44 28 88
10 48796167 0 1 0 0 2 11 0 45 13 45
10 48823181 0 1 0 1 4 48 5 119 52 124
10 48830824 0 1 0 0 2 36 0 142 38 142
10 48875066 0 1 0 1 69 45 97 77 114 174
10 48913740 0 1 0 1 40 46 98 77 86 175
10 48913919 0 1 0 1 31 33 76 74 64 150
10 48914136 0 1 0 1 13 22 49 73 35 122
10 49019825 0 1 0 1 3 10 34 20 13 54
10 49107848 0 1 0 1 51 38 82 92 89 174
10 49133963 0 1 0 1 22 18 39 63 40 102
10 49166774 0 1 0 1 27 23 62 80 50 142
10 49168061 0 1 0 1 13 16 52 54 29 106
10 49325341 0 1 0 1 40 46 77 105 86 182
10 49325731 0 1 0 1 18 22 71 66 40 137
10 49325832 0 1 0 0 2 29 0 130 31 130
10 49326554 0 1 0 1 19 16 69 66 35 135
10 49326817 0 1 0 1 20 18 50 76 38 126
10 49386490 0 1 0 0 2 11 0 51 13 51
10 49472987 0 1 0 1 32 30 77 76 62 153
10 49476182 0 1 0 1 38 52 91 77 90 168
10 49524234 0 1 0 1 28 31 61 100 59 161
10 49528282 0 1 0 1 9 14 24 28 23 52
10 49532554 0 1 0 1 28 22 55 57 50 112
10 49532830 0 1 0 1 44 40 71 112 84 183
10 49612378 0 1 0 1 18 30 55 58 48 113
10 49615992 0 1 0 1 10 8 22 24 18 46
10 49616071 0 1 0 1 27 25 54 79 52 133
10 49616198 0 1 0 1 22 12 50 39 34 89
10 49616573 0 1 0 1 31 39 68 85 70 153
10 49619983 0 1 0 0 2 25 0 95 27 95
10 49620018 0 1 0 1 8 9 21 41 17 62
10 49649789 0 1 0 1 11 14 24 32 25 56
10 49649803 0 1 0 1 8 10 21 25 18 46
10 49655037 0 1 0 1 26 25 64 66 51 130
10 49655142 0 1 0 1 47 55 88 103 102 191
10 49740941 0 1 0 1 5 11 13 28 16 41
10 49742930 0 1 0 1 21 30 67 49 51 116
10 49745784 0 1 0 1 13 9 42 42 22 84
10 49752120 0 1 0 1 27 34 85 89 61 174
10 49752535 0 1 0 1 9 16 31 40 25 71
10 49756715 0 1 0 1 9 8 27 32 17 59
10 49916107 0 1 0 1 11 28 19 62 39 81
10 49952090 0 1 0 1 17 8 32 31 25 63
10 50025482 0 1 0 1 5 5 19 33 10 52
10 50025525 0 1 0 1 3 14 12 59 17 71
10 50025838 0 1 0 1 8 4 22 14 12 36
10 50025915 0 1 0 1 8 28 20 78 36 98
10 50026017 0 1 0 1 32 31 38 104 63 142
10 50026703 0 1 0 1 15 13 41 38 28 79
10 50029819 0 1 0 1 3 8 2 41 11 43
10 50029871 0 1 0 1 8 4 23 18 12 41
10 50068079 0 1 0 1 5 6 7 38 11 45
10 50069760 0 1 0 1 14 8 33 30 22 63
10 50099998 0 1 1 1 11 4 45 14 15 59
10 50118121 0 1 0 1 15 25 23 48 40 71
10 50151765 0 1 0 1 6 6 20 24 12 44
10 50199020 0 1 0 1 21 15 36 78 36 114
10 50199172 0 1 0 1 11 5 25 20 16 45
10 50205908 0 1 0 1 8 9 24 16 17 40
10 50210866 0 1 0 1 38 22 77 75 60 152
10 50211182 0 1 0 1 12 16 43 34 28 77
10 50211183 0 1 0 1 12 15 43 34 27 77
10 50213116 0 1 0 1 10 8 29 27 18 56
10 50214729 0 1 0 1 38 38 87 68 76 155
10 50218644 0 1 0 1 36 44 80 64 80 144
10 50218670 0 1 0 1 20 31 60 49 51 109
10 50218730 0 1 0 1 7 6 15 24 13 39
10 50240473 0 1 0 1 38 49 67 86 87 153
10 50243092 0 1 0 1 11 12 22 33 23 55
10 50243220 0 1 0 1 43 64 81 95 107 176
10 50245117 0 1 0 1 6 5 14 22 11 36
10 50245393 0 1 0 1 11 8 55 34 19 89
10 50265722 0 1 0 1 4 10 23 33 14 56
10 50308156 0 1 0 1 13 26 53 39 39 92
10 50328244 0 1 0 1 15 14 34 44 29 78
10 50727393 0 1 0 0 2 12 0 70 14 70
10 52054469 0 1 0 1 28 20 50 63 48 113
10 52054623 0 1 0 1 33 21 61 76 54 137
10 52081577 0 1 0 1 19 23 48 62 42 110
10 52290319 0 1 0 1 4 12 31 39 16 70
10 52314997 0 1 0 1 35 35 75 75 70 150
10 52316511 0 1 0 1 51 48 88 92 99 180
10 52771701 0 1 0 1 8 10 34 27 18 61
10 53806646 0 1 0 1 41 32 84 74 73 158
10 54090151 0 1 0 0 2 15 0 74 17 74
10 54195725 0 1 0 1 52 52 79 91 104 170
10 54195850 0 1 0 1 31 35 63 63 66 126
10 54317449 0 1 0 1 25 41 57 89 66 146
10 54369306 0 1 0 1 10 16 43 47 26 90
10 54527809 0 1 0 1 9 16 50 63 25 113
10 54527916 0 1 0 0 2 25 0 99 27 99
10 54527929 0 1 0 1 10 12 34 49 22 83
10 56358869 0 1 0 1 68 44 85 103 112 188
10 58196350 0 1 0 0 3 64 0 167 67 167
10 58367972 0 1 0 1 29 23 59 77 52 136
10 58388299 0 1 0 0 2 32 0 132 34 132
10 59137640 0 1 0 0 2 22 0 106 24 106
10 59238697 0 1 0 0 2 12 0 66 14 66
10 59360924 0 1 0 1 20 18 29 38 38 67
10 59551535 0 1 0 1 15 23 56 57 38 113
10 59653595 0 1 0 1 6 12 17 21 18 38
10 59654253 0 1 0 1 50 61 80 117 111 197
10 59684050 0 1 0 1 22 30 77 54 52 131
10 59792934 0 1 0 1 24 31 82 64 55 146
10 59793016 0 1 0 1 14 18 63 59 32 122
10 60042584 0 1 0 1 26 12 49 40 38 89
10 60042595 0 1 0 1 29 20 55 43 49 98
10 60042616 0 1 0 1 32 37 66 56 69 122
10 60042617 0 1 0 1 32 38 67 55 70 122
10 60042803 0 1 0 1 27 37 61 51 64 112
10 60059291 0 1 0 1 34 23 62 52 57 114
10 60063351 0 1 0 1 7 8 34 31 15 65
10 60071513 0 1 0 1 42 58 105 83 100 188
10 60071986 0 1 0 1 63 53 85 94 116 179
10 60080702 0 1 0 1 6 6 17 22 12 39
10 60108958 0 1 0 1 38 34 62 87 72 149
10 60111672 0 1 0 1 3 7 24 27 10 51
10 60139013 0 1 0 1 36 45 78 99 81 177
10 60279896 0 1 0 1 11 10 26 30 21 56
10 60780030 0 1 0 1 13 8 31 23 21 54
10 60788340 0 1 0 1 7 9 30 26 16 56
10 60792131 0 1 0 1 17 20 51 58 37 109
10 60792132 0 1 0 1 17 20 51 58 37 109
10 60794005 0 1 0 1 7 5 35 22 12 57
10 60872404 0 1 0 1 13 8 39 30 21 69
10 60874863 0 1 0 1 19 24 52 44 43 96
10 60910749 0 1 0 1 4 7 4 34 11 38
10 61759916 0 1 0 1 17 20 32 40 37 72
10 61940136 0 1 0 1 35 30 64 72 65 136
10 61940469 0 1 0 1 7 10 18 22 17 40
10 62057337 0 1 0 1 3 15 43 18 18 61
10 62479950 0 1 0 1 23 21 52 46 44 98
10 62655271 0 1 0 1 9 10 26 30 19 56
10 62655653 0 1 0 1 8 11 25 22 19 47
10 62666296 0 1 0 1 24 19 57 60 43 117
10 63133673 0 1 0 1 2 11 18 31 13 49
10 63183482 0 1 0 0 3 42 0 131 45 131
10 63194199 0 1 0 1 8 5 14 26 13 40
10 63214620 0 1 0 1 22 13 56 44 35 100
10 63214777 0 1 0 1 31 38 79 71 69 150
10 63465690 0 1 0 1 49 48 85 96 97 181
10 63619544 0 1 0 1 21 18 36 40 39 76
10 64169784 0 1 0 1 14 20 37 36 34 73
10 66280567 0 1 0 1 21 18 50 61 39 111
10 67521737 0 1 0 1 6 7 29 21 13 50
10 67521827 0 1 0 1 29 30 82 63 59 145
10 67606844 0 1 0 1 39 48 75 85 87 160
10 67888811 0 1 0 1 6 5 29 30 11 59
10 67891367 0 1 0 1 27 27 63 49 54 112
10 67906772 0 1 0 0 2 14 0 65 16 65
10 68014084 0 1 0 1 33 40 81 87 73 168
10 68032964 0 1 0 1 6 14 38 29 20 67
10 68106900 0 1 0 1 26 29 52 75 55 127
10 68414950 0 1 0 1 10 13 38 49 23 87
10 68471939 0 1 0 1 34 48 87 96 82 183
10 68572823 0 1 0 1 55 59 97 90 114 187
10 68632618 0 1 0 1 9 20 19 42 29 61
10 68686364 0 1 0 0 2 16 0 69 18 69
10 68742531 0 1 0 1 41 38 71 89 79 160
10 68765834 0 1 0 1 11 13 25 30 24 55
10 68771207 0 1 0 0 2 26 0 112 28 112
10 68771237 0 1 0 0 2 25 0 117 27 117
10 68771460 0 1 0 1 16 17 49 56 33 105
10 68882104 0 1 0 1 28 37 61 84 65 145
10 68885620 0 1 0 1 57 57 80 114 114 194
10 68886637 0 1 0 1 25 19 46 55 44 101
10 68941188 0 1 0 1 19 26 52 64 45 116
10 68959945 0 1 0 0 2 14 0 72 16 72
10 68963183 0 1 0 1 5 10 20 25 15 45
10 68989028 0 1 0 1 38 26 77 79 64 156
10 69023568 0 1 0 1 8 11 54 27 19 81
10 69097096 0 1 0 1 30 19 58 57 49 115
10 69124257 0 1 0 1 21 22 51 66 43 117
10 69133035 0 1 0 1 14 11 46 50 25 96
10 69162403 0 1 0 1 2 10 22 46 12 68
10 69186084 0 1 0 1 18 29 77 73 47 150
10 69191590 0 1 0 1 5 10 29 25 15 54
10 69195300 0 1 0 1 42 53 83 99 95 182
10 69198571 0 1 0 1 18 30 38 46 48 84
10 69239153 0 1 0 1 15 11 36 40 26 76
10 69257191 0 1 0 1 15 40 78 52 55 130
10 69266754 0 1 0 1 20 35 85 78 55 163
10 69267475 0 1 0 1 6 11 27 31 17 58
10 69292327 0 1 0 1 16 13 33 31 29 64
10 69382427 0 1 0 1 18 15 51 41 33 92
10 69382664 0 1 0 1 18 26 77 75 44 152
10 69384568 0 1 0 1 13 11 36 29 24 65
10 69404899 0 1 0 1 42 50 85 86 92 171
10 69504569 0 1 0 1 16 19 48 43 35 91
10 69630637 0 1 0 1 25 33 56 80 58 136
10 69631782 0 1 0 1 31 32 74 85 63 159
10 69631951 0 1 0 1 9 11 32 27 20 59
10 69632739 0 1 0 1 16 17 44 49 33 93
10 69632745 0 1 0 1 14 17 48 51 31 99
10 69632801 0 1 0 1 23 28 70 72 51 142
10 69632936 0 1 0 1 27 33 67 90 60 157
10 69824001 0 1 0 1 34 32 57 67 66 124
10 69878076 0 1 0 1 20 21 55 48 41 103
10 69887453 0 1 0 0 2 10 0 44 12 44
10 69889553 0 1 0 1 15 18 57 52 33 109
10 69904832 0 1 0 0 2 24 0 104 26 104
10 69905920 0 1 0 1 4 11 22 15 15 37
10 69956917 0 1 0 1 30 23 54 63 53 117
10 70090180 0 1 0 1 26 28 63 69 54 132
10 70095549 0 1 0 1 5 9 18 26 14 44
10 70095841 0 1 0 1 14 16 51 41 30 92
10 70100110 0 1 0 1 28 23 68 50 51 118
10 70114927 0 1 0 1 32 35 72 80 67 152
10 70114978 0 1 0 1 44 51 96 85 95 181
10 70115028 0 1 0 1 52 49 113 82 101 195
10 70116626 0 1 0 1 7 12 33 26 19 59
10 70116838 0 1 0 1 13 13 37 37 26 74
10 70116856 0 1 0 1 11 6 29 24 17 53
10 70121035 0 1 0 1 17 32 60 56 49 116
10 70124080 0 1 0 1 20 14 51 41 34 92
10 70206215 0 1 0 0 2 17 0 68 19 68
10 70210266 0 1 0 1 7 7 24 29 14 53
10 70214712 0 1 0 1 15 20 30 32 35 62
10 70230381 0 1 0 1 5 5 24 24 10 48
10 70233338 0 1 0 1 16 22 68 66 38 134
10 70255653 0 1 0 1 39 39 67 95 78 162
10 70419990 0 1 0 1 48 22 94 70 70 164
10 70435683 0 1 0 1 35 33 88 76 68 164
10 70486000 0 1 0 0 2 8 0 42 10 42
10 70534344 0 1 0 1 5 8 30 26 13 56
10 70537655 0 1 0 1 8 12 25 38 20 63
10 70538548 0 1 0 1 10 6 27 31 16 58
10 70541455 0 1 0 0 2 12 0 47 14 47
10 70566562 0 1 0 1 16 21 71 64 37 135
10 70566644 0 1 0 1 22 15 48 69 37 117
10 70758224 0 1 0 0 2 33 0 134 35 134
10 70854767 0 1 0 1 62 53 99 88 115 187
10 70859276 0 1 0 1 11 6 25 25 17 50
10 70860390 0 1 0 0 2 14 0 63 16 63
10 70868297 0 1 0 1 21 18 38 44 39 82
10 70872063 0 1 0 1 6 4 25 18 10 43
10 70876693 0 1 0 1 37 42 92 85 79 177
10 70883914 0 1 0 1 14 7 38 27 21 65
10 71284656 0 1 0 1 5 14 20 31 19 51
10 71284823 0 1 0 1 25 18 81 68 43 149
10 71284917 0 1 0 1 16 24 54 60 40 114
10 71286860 0 1 0 1 19 16 41 51 35 92
10 71286868 0 1 0 1 15 14 39 43 29 82
10 71287798 0 1 0 1 18 27 64 75 45 139
10 71291226 0 1 0 1 5 9 28 23 14 51
10 71291631 0 1 0 1 35 21 90 81 56 171
10 71319105 0 1 0 1 12 15 45 32 27 77
10 71319247 0 1 0 1 9 4 28 32 13 60
10 71322806 0 1 0 1 26 20 68 74 46 142
10 71567000 0 1 0 1 9 6 21 19 15 40
10 71617557 0 1 0 1 4 10 20 16 14 36
10 71617573 0 1 0 1 8 4 13 15 12 28
10 71645725 0 1 0 1 10 18 72 62 28 134
10 71646747 0 1 0 1 14 21 42 55 35 97
10 71675131 0 1 0 1 19 17 53 75 36 128
10 71687524 0 1 0 1 17 16 32 47 33 79
10 71687798 0 1 0 1 8 7 33 28 15 61
10 71695444 0 1 0 1 65 71 85 114 136 199
10 71695516 0 1 0 1 45 43 63 98 88 161
10 71695551 0 1 0 1 31 31 50 71 62 121
10 71713111 0 1 0 1 36 46 79 95 82 174
10 71713125 0 1 0 1 37 50 80 100 87 180
10 71724016 0 1 0 1 35 38 72 88 73 160
10 71732322 0 1 0 1 59 55 82 109 114 191
10 71734402 0 1 0 1 17 18 39 31 35 70
10 71734472 0 1 0 1 11 8 27 41 19 68
10 71734531 0 1 0 1 18 13 45 61 31 106
10 71739804 0 1 0 1 25 30 55 89 55 144
10 71741799 0 1 0 1 63 59 92 97 122 189
10 71755346 0 1 0 1 9 10 43 58 19 101
10 71822540 0 1 0 1 43 34 78 66 77 144
10 71825769 0 1 0 1 21 23 61 69 44 130
10 71851351 0 1 0 1 13 17 57 50 30 107
10 72062749 0 1 0 1 5 8 18 23 13 41
10 72063199 0 1 0 1 12 12 49 49 24 98
10 72133185 0 1 0 1 16 19 51 46 35 97
10 72335957 0 1 0 1 36 33 66 84 69 150
10 72340884 0 1 0 1 17 14 57 53 31 110
10 72344856 0 1 0 1 8 13 34 38 21 72
10 72344915 0 1 0 1 25 28 59 70 53 129
10 72355020 0 1 0 1 21 24 64 71 45 135
10 72379442 0 1 0 1 21 22 48 46 43 94
10 72423159 0 1 0 1 27 26 56 50 53 106
10 72476013 0 1 0 1 6 6 24 19 12 43
10 72508273 0 1 0 1 12 8 28 39 20 67
10 72533826 0 1 0 1 9 13 34 44 22 78
10 72533843 0 1 0 1 9 12 31 43 21 74
10 72884508 0 1 0 1 6 10 19 22 16 41
10 72924167 0 1 0 1 17 8 34 38 25 72
10 72924659 0 1 0 1 22 21 54 35 43 89
10 72954419 0 1 0 1 26 16 41 54 42 95
10 73120117 0 1 0 1 24 26 64 67 50 131
10 73156590 0 1 0 0 2 26 0 104 28 104
10 73323194 0 1 0 1 35 12 56 55 47 111
10 73397242 0 1 0 0 2 30 0 118 32 118
10 73478568 0 1 0 0 3 56 0 159 59 159
10 73647154 0 1 0 1 28 26 67 75 54 142
10 73647532 0 1 0 1 33 27 78 76 60 154
10 73647891 0 1 0 1 14 33 60 78 47 138
10 73655919 0 1 0 1 16 19 54 57 35 111
10 73759564 0 1 0 1 38 44 73 82 82 155
10 73766241 0 1 0 1 32 22 67 68 54 135
10 73799109 0 1 0 1 32 29 85 78 61 163
10 73806035 0 1 0 0 2 28 0 106 30 106
10 73806036 0 1 0 0 2 28 0 108 30 108
10 73806041 0 1 0 0 2 28 0 106 30 106
10 73819480 0 1 0 0 2 12 0 78 14 78
10 73847410 0 1 0 1 23 20 61 51 43 112
10 73853123 0 1 0 1 18 19 47 39 37 86
10 73860999 0 1 0 1 14 16 27 39 30 66
10 73873002 0 1 0 1 16 24 74 74 40 148
10 73912956 0 1 0 0 3 86 0 165 89 165
10 73913973 0 1 0 1 32 40 82 67 72 149
10 73914982 0 1 0 1 29 22 44 79 51 123
10 73915191 0 1 0 0 3 48 0 130 51 130
10 74090163 0 1 0 1 13 19 45 50 32 95
10 74105307 0 1 0 1 5 11 31 27 16 58
10 74107171 0 1 0 1 5 11 24 29 16 53
10 74111977 0 1 0 1 48 51 88 77 99 165
10 74114434 0 1 0 1 8 7 32 21 15 53
10 74136843 0 1 0 1 13 8 30 26 21 56
10 74176853 0 1 0 1 34 54 81 93 88 174
10 74398419 0 1 0 1 4 6 18 22 10 40
10 74670112 0 1 0 1 52 56 80 79 108 159
10 77108442 0 1 0 0 3 35 0 119 38 119
10 77781211 0 1 0 1 8 14 31 41 22 72
10 77793930 0 1 0 1 25 20 74 44 45 118
10 77805897 0 1 0 1 16 12 26 42 28 68
10 77806874 0 1 0 1 49 60 84 97 109 181
10 77811350 0 1 0 1 4 7 12 17 11 29
10 77812135 0 1 0 1 25 19 62 52 44 114
10 77817979 0 1 0 0 2 13 0 59 15 59
10 77819464 0 1 0 1 12 17 50 47 29 97
10 77821575 0 1 0 0 2 45 0 172 47 172
10 77828776 0 1 0 1 9 14 44 45 23 89
10 77830927 0 1 0 1 9 7 23 28 16 51
10 77835715 0 1 0 1 7 3 27 23 10 50
10 77846683 0 1 0 1 13 16 39 37 29 76
10 77869327 0 1 0 1 10 13 36 40 23 76
10 77869369 0 1 0 1 5 6 18 22 11 40
10 78019392 0 1 0 1 6 5 16 22 11 38
10 78022289 0 1 0 1 23 46 102 75 69 177
10 78022518 0 1 0 1 5 6 17 13 11 30
10 78033930 0 1 0 1 75 52 81 111 127 192
10 79003625 0 1 0 1 27 45 71 76 72 147
10 79243696 0 1 0 0 2 22 0 99 24 99
10 79277472 0 1 0 1 6 7 29 28 13 57
10 79285450 0 1 0 1 10 16 24 30 26 54
10 79285523 0 1 0 1 37 41 62 82 78 144
10 79293718 0 1 0 1 12 22 41 61 34 102
10 79298270 0 1 0 1 24 18 47 41 42 88
10 79300717 0 1 0 1 10 15 50 41 25 91
10 79305444 0 1 0 1 10 19 44 54 29 98
10 79307283 0 1 0 1 8 7 21 23 15 44
10 79506307 0 1 0 1 15 15 56 55 30 111
10 79510497 0 1 0 1 15 36 21 80 51 101
10 79510563 0 1 0 1 18 48 36 104 66 140
10 79559428 0 1 0 1 2 26 4 57 28 61
10 79595556 0 1 0 0 2 25 0 115 27 115
10 79611798 0 1 0 1 11 36 12 76 47 88
10 79685364 0 1 0 1 2 34 4 65 36 69
10 80086306 0 1 0 1 26 35 68 61 61 129
10 80159099 0 1 0 0 2 15 0 63 17 63
10 80233733 0 1 0 1 21 19 59 71 40 130
10 80235302 0 1 0 1 17 21 53 94 38 147
10 80235303 0 1 0 1 21 16 93 54 37 147
10 80235306 0 1 0 1 21 17 89 53 38 142
10 80252554 0 1 0 1 13 17 46 44 30 90
10 80252843 0 1 0 1 29 36 73 87 65 160
10 80252992 0 1 0 1 53 46 84 87 99 171
10 80253211 0 1 0 1 43 25 86 82 68 168
10 80253291 0 1 0 1 20 31 81 83 51 164
10 80253363 0 1 0 1 30 26 71 86 56 157
10 80253378 0 1 0 1 33 28 84 71 61 155
10 80253390 0 1 0 1 30 28 84 71 58 155
10 80274406 0 1 0 1 19 14 34 42 33 76
10 80275086 0 1 0 1 9 15 35 35 24 70
10 80275098 0 1 0 1 10 16 38 40 26 78
10 80280069 0 1 0 1 7 8 25 13 15 38
10 80336048 0 1 0 1 10 4 27 29 14 56
10 80489352 0 1 0 1 17 14 32 43 31 75
10 80504667 0 1 0 1 19 15 44 53 34 97
10 80509482 0 1 0 1 12 10 28 30 22 58
10 80516129 0 1 0 1 11 13 39 29 24 68
10 82865351 0 1 0 1 41 73 70 107 114 177
10 84499832 0 1 0 0 2 22 0 96 24 96
10 84499833 0 1 0 0 2 23 0 95 25 95
10 84499834 0 1 0 0 2 23 0 98 25 98
10 85602822 0 1 0 1 5 5 17 17 10 34
10 85856275 0 1 0 0 3 26 0 88 29 88
10 86138972 0 1 0 1 32 24 72 60 56 132
10 86264796 0 1 0 1 36 35 81 75 71 156
10 86453847 0 1 0 1 7 6 33 28 13 61
10 86474070 0 1 0 1 9 6 23 18 15 41
10 86517700 0 1 0 1 67 48 79 116 115 195
10 86521587 0 1 0 1 11 12 54 23 23 77
10 86654813 0 1 0 1 9 16 38 41 25 79
10 86658198 0 1 0 0 2 20 0 79 22 79
10 86662359 0 1 0 1 14 6 57 43 20 100
10 86662394 0 1 0 1 12 8 57 47 20 104
10 86666593 0 1 0 1 9 4 17 21 13 38
10 86668578 0 1 0 1 28 22 48 66 50 114
10 86679248 0 1 0 1 4 7 20 25 11 45
10 86685628 0 1 0 1 30 25 62 76 55 138
10 86706708 0 1 0 1 6 8 28 31 14 59
10 86732541 0 1 0 0 2 12 0 59 14 59
10 86936718 0 1 0 0 2 10 0 49 12 49
10 86942633 0 1 0 1 15 23 52 59 38 111
10 86945549 0 1 0 1 43 62 82 93 105 175
10 86959812 0 1 0 1 3 7 15 16 10 31
10 86960032 0 1 0 1 23 33 71 88 56 159
10 86962641 0 1 0 1 42 33 81 86 75 167
10 87009210 0 1 0 1 3 9 13 24 12 37
10 87009546 0 1 0 1 6 8 36 23 14 59
10 87060835 0 1 0 1 10 20 75 47 30 122
10 87170492 0 1 0 1 38 33 73 82 71 155
10 87180205 0 1 0 1 7 24 27 63 31 90
10 87961150 0 1 0 1 3 10 13 32 13 45
10 88362755 0 1 0 1 9 8 17 37 17 54
10 88545420 0 1 0 1 15 14 43 46 29 89
10 88583080 0 1 0 1 52 54 85 107 106 192
10 88593945 0 1 0 0 2 10 0 60 12 60
10 88594832 0 1 0 1 18 11 29 42 29 71
10 88605533 0 1 0 1 27 22 56 61 49 117
10 88616705 0 1 0 1 14 10 42 23 24 65
10 88768742 0 1 0 1 30 43 78 91 73 169
10 88770903 0 1 0 1 9 13 44 34 22 78
10 88775030 0 1 0 1 10 8 28 22 18 50
10 88777975 0 1 0 1 37 20 74 69 57 143
10 88778263 0 1 0 1 11 15 41 37 26 78
10 88786298 0 1 0 1 10 18 49 79 28 128
10 88805914 0 1 0 1 9 29 48 41 38 89
10 88806107 0 1 0 1 16 12 40 34 28 74
10 88808425 0 1 0 1 20 26 42 61 46 103
10 88820387 0 1 0 1 31 27 58 85 58 143
10 88826062 0 1 0 1 25 28 67 68 53 135
10 88828404 0 1 0 1 5 5 17 15 10 32
10 88913267 0 1 0 1 48 43 78 95 91 173
10 88948701 0 1 0 0 2 12 0 55 14 55
10 89007638 0 1 0 1 7 4 18 17 11 35
10 89010535 0 1 0 0 3 38 0 113 41 113
10 89010682 0 1 0 1 33 28 91 69 61 160
10 89012072 0 1 0 1 11 19 57 57 30 114
10 89247582 0 1 0 1 35 59 61 113 94 174
10 89247713 0 1 0 1 10 7 19 28 17 47
10 89306192 0 1 0 1 42 40 91 92 82 183
10 89306318 0 1 0 1 46 42 84 97 88 181
10 89332432 0 1 0 1 10 19 40 41 29 81
10 89339873 0 1 0 1 52 66 83 108 118 191
10 89402920 0 1 0 1 18 16 60 60 34 120
10 89414917 0 1 0 1 4 10 25 35 14 60
10 89593209 0 1 0 1 19 25 65 78 44 143
10 89599603 0 1 0 0 2 17 0 78 19 78
10 89611688 0 1 0 1 15 25 59 63 40 122
10 89612087 0 1 0 1 9 8 22 21 17 43
10 89613867 0 1 0 1 23 9 47 40 32 87
10 89614090 0 1 0 1 7 4 32 21 11 53
10 89643707 0 1 0 0 3 63 0 140 66 140
10 89711077 0 1 0 1 20 16 54 55 36 109
10 89714130 0 1 0 1 3 11 17 27 14 44
10 89725023 0 1 0 1 24 40 63 74 64 137
10 89737874 0 1 0 1 26 29 70 55 55 125
10 89738370 0 1 0 1 25 20 70 58 45 128
10 89738497 0 1 0 1 10 17 41 49 27 90
10 89738561 0 1 0 1 6 13 34 34 19 68
10 89743903 0 1 0 1 21 27 31 64 48 95
10 89743993 0 1 0 1 10 6 11 20 16 31
10 89762848 0 1 0 1 17 38 53 66 55 119
10 89978799 0 1 0 1 30 21 47 72 51 119
10 89979068 0 1 0 1 16 22 47 62 38 109
10 90872018 0 1 0 1 70 52 106 91 122 197
10 90874895 0 1 0 0 2 10 0 52 12 52
10 90876011 0 1 0 0 2 25 0 98 27 98
10 90903351 0 1 0 1 13 18 45 47 31 92
10 90912807 0 1 0 1 19 18 47 38 37 85
10 90915565 0 1 0 1 42 29 92 82 71 174
10 90916370 0 1 0 1 10 16 37 45 26 82
10 91908353 0 1 0 1 24 25 78 76 49 154
10 91908651 0 1 0 1 8 11 44 39 19 83
10 91957432 0 1 0 1 13 31 46 59 44 105
10 92026800 0 1 0 1 38 25 81 71 63 152
10 92110942 0 1 0 1 11 10 29 48 21 77
10 92470155 0 1 0 1 17 23 47 47 40 94
10 92534534 0 1 0 1 5 11 28 25 16 53
10 92650043 0 1 0 1 4 6 23 24 10 47
10 92834808 0 1 0 1 46 43 79 78 89 157
10 92935798 0 1 0 1 22 17 78 57 39 135
10 93061103 0 1 0 1 31 24 60 91 55 151
10 93062929 0 1 0 1 23 38 85 68 61 153
10 93310319 0 1 0 1 10 9 22 19 19 41
10 93313289 0 1 0 1 20 11 37 37 31 74
10 93330005 0 1 0 1 5 6 21 22 11 43
10 93333721 0 1 0 1 26 27 57 64 53 121
10 93335910 0 1 0 1 60 67 96 96 127 192
10 93338387 0 1 0 1 19 28 64 50 47 114
10 93349980 0 1 0 1 13 16 37 39 29 76
10 93363861 0 1 0 1 7 6 18 18 13 36
10 93377193 0 1 0 1 7 5 11 25 12 36
10 93392867 0 1 0 1 10 4 32 29 14 61
10 93456833 0 1 0 1 8 22 39 57 30 96
10 93456866 0 1 0 1 19 8 46 49 27 95
10 93478206 0 1 0 1 20 11 28 44 31 72
10 93478293 0 1 0 1 19 15 51 48 34 99
10 93482229 0 1 0 1 18 17 47 53 35 100
10 93500222 0 1 0 1 45 63 80 105 108 185
10 93516916 0 1 0 1 4 8 30 22 12 52
10 93519072 0 1 0 1 7 4 22 17 11 39
10 93519749 0 1 0 1 23 33 70 74 56 144
10 93621033 0 1 0 1 11 5 33 27 16 60
10 93622016 0 1 0 1 57 54 88 98 111 186
10 93626917 0 1 0 0 2 14 0 76 16 76
10 93629157 0 1 0 1 19 26 45 53 45 98
10 93629284 0 1 0 1 30 23 70 71 53 141
10 93629326 0 1 0 1 19 8 45 64 27 109
10 93635490 0 1 0 1 7 10 38 29 17 67
10 93635607 0 1 0 1 43 55 78 101 98 179
10 93646057 0 1 0 1 32 55 79 104 87 183
10 93661926 0 1 0 1 6 7 21 21 13 42
10 93681515 0 1 0 1 16 14 40 43 30 83
10 93683887 0 1 0 1 11 13 39 23 24 62
10 93683931 0 1 0 1 18 19 45 55 37 100
10 93694924 0 1 0 1 19 18 46 46 37 92
10 93698235 0 1 0 1 16 24 59 48 40 107
10 93698384 0 1 0 1 41 23 56 73 64 129
10 93700039 0 1 0 0 3 34 0 94 37 94
10 93700044 0 1 0 0 3 37 0 100 40 100
10 93700045 0 1 0 0 3 33 0 100 36 100
10 93881636 0 1 0 1 8 10 34 20 18 54
10 93881728 0 1 0 1 22 9 49 53 31 102
10 93898501 0 1 0 1 29 11 47 54 40 101
10 93958843 0 1 0 1 19 33 32 94 52 126
10 93960733 0 1 0 1 32 48 76 96 80 172
10 93960744 0 1 0 1 34 51 75 97 85 172
10 94132372 0 1 0 1 40 41 83 93 81 176
10 94171330 0 1 0 1 31 35 73 85 66 158
10 94254865 0 1 0 1 21 15 50 45 36 95
10 94258753 0 1 0 1 13 24 32 41 37 73
10 94270701 0 1 0 1 6 5 19 20 11 39
10 94279840 0 1 0 1 29 34 65 82 63 147
10 94279951 0 1 0 1 6 6 17 18 12 35
10 94283975 0 1 0 1 31 35 83 66 66 149
10 94298541 0 1 0 1 49 38 111 79 87 190
10 94298676 0 1 0 1 13 16 39 27 29 66
10 94304411 0 1 0 1 5 6 17 18 11 35
10 94306584 0 1 0 1 44 54 91 82 98 173
10 94308723 0 1 0 1 17 17 50 54 34 104
10 94327971 0 1 0 1 22 14 66 50 36 116
10 94338616 0 1 0 1 24 35 70 87 59 157
10 94340337 0 1 0 1 14 13 35 54 27 89
10 94344329 0 1 0 1 7 8 18 14 15 32
10 94344908 0 1 0 1 37 56 90 67 93 157
10 94354883 0 1 0 1 2 10 10 21 12 31
10 94355078 0 1 0 1 7 8 27 46 15 73
10 94356662 0 1 0 1 7 8 42 31 15 73
10 94356663 0 1 0 1 7 8 42 30 15 72
10 94362786 0 1 0 1 20 23 65 42 43 107
10 94403282 0 1 0 1 15 7 26 33 22 59
10 94442063 0 1 0 1 10 13 24 30 23 54
10 94545972 0 1 0 1 17 24 58 50 41 108
10 94554203 0 1 0 1 18 19 50 46 37 96
10 94562647 0 1 0 1 3 7 24 24 10 48
10 94581579 0 1 0 1 6 9 21 17 15 38
10 94593444 0 1 0 1 17 20 36 45 37 81
10 94593491 0 1 0 0 3 69 0 145 72 145
10 94733301 0 1 0 1 53 76 93 99 129 192
10 94735527 0 1 0 1 6 6 24 27 12 51
10 94781859 0 1 0 1 14 17 52 65 31 117
10 94820445 0 1 0 1 30 31 57 61 61 118
10 94842865 0 1 0 1 52 66 94 90 118 184
10 94972340 0 1 0 1 3 7 19 11 10 30
10 95037104 0 1 0 1 19 10 50 50 29 100
10 95068566 0 1 0 1 11 15 53 45 26 98
10 95207204 0 1 0 0 3 58 0 150 61 150
10 95211881 0 1 0 1 17 29 56 66 46 122
10 95290798 0 1 0 1 19 19 56 54 38 110
10 95356462 0 1 0 1 51 32 94 90 83 184
10 95384069 0 1 0 1 34 37 71 84 71 155
10 95437564 0 1 0 0 2 25 0 105 27 105
10 95595157 0 1 0 1 3 11 20 26 14 46
10 95611389 0 1 0 1 20 33 75 64 53 139
10 95625485 0 1 0 1 19 21 42 51 40 93
10 95626748 0 1 0 0 2 22 0 113 24 113
10 95633212 0 1 0 1 12 13 28 38 25 66
10 95633236 0 1 0 1 3 11 24 26 14 50
10 95637470 0 1 0 1 21 13 51 48 34 99
10 95637524 0 1 0 0 2 11 0 54 13 54
10 95686449 0 1 0 1 19 38 67 73 57 140
10 95687616 0 1 0 1 17 22 69 76 39 145
10 95839673 0 1 0 0 3 38 0 107 41 107
10 95839674 0 1 0 0 3 37 0 109 40 109
10 95842334 0 1 0 1 13 11 35 30 24 65
10 95845300 0 1 0 1 12 15 25 34 27 59
10 95988283 0 1 0 1 24 23 52 74 47 126
10 96010099 0 1 0 1 5 6 32 24 11 56
10 96012496 0 1 0 1 8 8 21 26 16 47
10 96012739 0 1 0 1 7 9 21 24 16 45
10 96159254 0 1 0 1 20 27 58 81 47 139
10 96227388 0 1 0 1 5 7 25 32 12 57
10 96227622 0 1 0 1 32 32 59 81 64 140
10 96230827 0 1 0 1 26 17 76 66 43 142
10 96368052 0 1 0 1 17 23 53 48 40 101
10 96385974 0 1 0 0 2 14 0 60 16 60
10 96480278 0 1 0 1 7 4 16 21 11 37
10 96527359 0 1 0 0 2 21 0 85 23 85
10 96527504 0 1 0 1 23 29 83 54 52 137
10 96551433 0 1 0 1 9 10 29 43 19 72
10 96553134 0 1 0 1 9 14 23 33 23 56
10 96559610 0 1 0 1 15 16 43 51 31 94
10 96559746 0 1 0 1 9 4 16 26 13 42
10 96576584 0 1 0 1 8 7 23 16 15 39
10 96609779 0 1 0 1 20 27 64 76 47 140
10 96620380 0 1 0 1 26 16 60 58 42 118
10 96620520 0 1 0 1 5 13 30 16 18 46
10 96651144 0 1 0 1 9 6 23 33 15 56
10 96750512 0 1 0 0 2 19 0 75 21 75
10 97057029 0 1 0 1 5 5 20 12 10 32
10 97057930 0 1 0 1 24 27 65 66 51 131
10 97059560 0 1 0 1 26 35 62 86 61 148
10 97060118 0 1 0 0 2 31 0 123 33 123
10 97060771 0 1 0 1 20 33 75 74 53 149
10 97229002 0 1 0 1 7 7 32 22 14 54
10 97229697 0 1 0 1 19 21 49 42 40 91
10 97235319 0 1 0 1 23 25 57 56 48 113
10 97246326 0 1 0 1 21 34 52 80 55 132
10 97259387 0 1 0 1 50 54 76 92 104 168
10 97264815 0 1 0 1 21 17 57 43 38 100
10 97265854 0 1 0 1 5 5 22 21 10 43
10 97270797 0 1 0 1 8 7 36 25 15 61
10 97357146 0 1 0 1 18 48 88 84 66 172
10 97358625 0 1 0 1 27 26 58 99 53 157
10 97359172 0 1 0 1 11 10 22 32 21 54
10 97363700 0 1 0 1 18 8 38 30 26 68
10 97365965 0 1 0 1 7 5 13 18 12 31
10 97366012 0 1 0 1 20 16 35 34 36 69
10 97366031 0 1 0 1 26 24 44 48 50 92
10 97366192 0 1 0 1 23 25 74 67 48 141
10 97366492 0 1 0 1 38 32 94 75 70 169
10 97370370 0 1 0 1 11 17 40 54 28 94
10 97380754 0 1 0 1 18 14 62 61 32 123
10 97381212 0 1 0 1 9 8 25 19 17 44
10 97381448 0 1 0 1 49 50 74 91 99 165
10 97381727 0 1 0 1 36 37 89 81 73 170
10 97388394 0 1 0 1 19 36 69 78 55 147
10 97393783 0 1 0 1 4 8 25 26 12 51
10 97396227 0 1 0 1 14 22 45 52 36 97
10 97400289 0 1 0 1 25 15 50 55 40 105
10 97400395 0 1 0 1 48 72 86 110 120 196
10 97577815 0 1 0 1 15 19 39 38 34 77
10 97582806 0 1 0 1 7 11 27 39 18 66
10 97590260 0 1 0 1 38 44 86 85 82 171
10 97590371 0 1 0 1 17 29 65 81 46 146
10 97598754 0 1 0 1 49 44 82 101 93 183
10 97599655 0 1 0 1 9 15 36 43 24 79
10 97611390 0 1 0 1 14 6 30 39 20 69
10 97611587 0 1 0 1 53 56 91 88 109 179
10 97633477 0 1 0 1 21 18 65 70 39 135
10 97662891 0 1 0 1 50 61 114 82 111 196
10 97673540 0 1 0 1 22 25 61 57 47 118
10 97678065 0 1 0 1 11 15 34 57 26 91
10 97679784 0 1 0 1 36 46 76 100 82 176
10 97679840 0 1 0 0 2 41 0 150 43 150
10 97679916 0 1 0 1 10 13 54 56 23 110
10 97679939 0 1 0 1 10 9 47 47 19 94
10 97679946 0 1 0 1 9 7 42 45 16 87
10 97679967 0 1 0 1 6 6 38 31 12 69
10 97744838 0 1 0 1 15 16 51 73 31 124
10 97744873 0 1 0 1 21 17 71 45 38 116
10 97748049 0 1 0 1 4 5 25 10 9 35
10 97748112 0 1 0 1 14 21 60 36 35 96
10 97750212 0 1 0 1 9 8 23 22 17 45
10 97750311 0 1 0 1 34 33 70 79 67 149
10 97750527 0 1 0 1 5 7 16 21 12 37
10 97754888 0 1 0 1 5 9 22 24 14 46
10 97757598 0 1 0 1 24 24 76 74 48 150
10 97759053 0 1 0 1 4 11 15 22 15 37
10 97759117 0 1 0 1 14 19 36 40 33 76
10 97759144 0 1 0 1 24 23 52 51 47 103
10 97759340 0 1 0 1 9 10 42 36 19 78
10 97880498 0 1 0 1 21 22 45 42 43 87
10 97882974 0 1 0 1 4 7 25 25 11 50
10 97936246 0 1 0 1 26 35 91 69 61 160
10 98244028 0 1 0 1 18 20 48 53 38 101
10 98251357 0 1 0 1 7 7 15 14 14 29
10 98252213 0 1 0 1 10 8 21 23 18 44
10 98261123 0 1 0 1 13 12 57 50 25 107
10 98262226 0 1 0 1 19 30 56 60 49 116
10 98383671 0 1 0 0 2 20 0 85 22 85
10 98459557 0 1 0 1 26 14 42 43 40 85
10 98459617 0 1 0 1 35 24 63 72 59 135
10 98459762 0 1 0 1 31 26 56 52 57 108
10 99329490 0 1 0 0 2 10 0 70 12 70
10 99361030 0 1 0 1 13 18 36 37 31 73
10 99377278 0 1 0 1 8 11 52 34 19 86
10 99535094 0 1 0 1 24 29 71 69 53 140
10 99610909 0 1 0 0 2 30 0 110 32 110
10 99691437 0 1 0 1 14 20 50 56 34 106
10 99739926 0 1 0 1 7 7 21 20 14 41
10 99804001 0 1 0 0 2 28 0 106 30 106
10 99807457 0 1 0 0 2 40 0 147 42 147
10 99831980 0 1 0 1 53 56 94 90 109 184
10 99879891 0 1 0 1 31 39 98 65 70 163
10 99908922 0 1 0 0 2 18 0 76 20 76
10 100057069 0 1 0 0 2 37 0 150 39 150
10 100152307 0 1 0 1 26 31 56 88 57 144
10 100152437 0 1 0 1 8 4 15 21 12 36
10 100202083 0 1 0 0 2 20 0 83 22 83
10 100204555 0 1 0 1 49 31 73 92 80 165
10 100218126 0 1 0 1 27 32 68 58 59 126
10 100235660 0 1 0 0 2 33 0 122 35 122
10 100246672 0 1 0 1 6 5 13 16 11 29
10 100256511 0 1 0 1 18 16 55 57 34 112
10 100260986 0 1 0 0 2 19 0 77 21 77
10 100267650 0 1 0 1 26 20 57 78 46 135
10 100288344 0 1 0 0 2 19 0 73 21 73
10 100297213 0 1 0 1 16 14 39 33 30 72
10 100297215 0 1 0 1 15 14 38 31 29 69
10 100297248 0 1 0 1 9 10 26 26 19 52
10 100297321 0 1 0 0 2 13 0 65 15 65
10 100344764 0 1 0 1 27 18 52 63 45 115
10 100347494 0 1 0 1 28 28 73 65 56 138
10 100356554 0 1 0 1 28 35 90 83 63 173
10 100482675 0 1 0 0 2 31 0 124 33 124
10 100490080 0 1 0 0 2 35 0 130 37 130
10 100509440 0 1 0 0 2 28 0 134 30 134
10 100526899 0 1 0 1 4 9 6 39 13 45
10 100536079 0 1 0 1 28 20 76 77 48 153
10 100746101 0 1 0 1 5 4 30 13 9 43
10 100746346 0 1 0 1 33 19 53 66 52 119
10 100809226 0 1 0 1 35 51 81 89 86 170
10 100824840 0 1 0 1 37 57 106 78 94 184
10 100912961 0 1 0 1 34 27 81 91 61 172
10 100916045 0 1 0 0 2 17 0 69 19 69
10 100918326 0 1 0 0 2 25 0 110 27 110
10 100924623 0 1 0 1 46 44 86 96 90 182
10 100929460 0 1 0 1 35 26 49 59 61 108
10 100961860 0 1 0 0 2 23 0 87 25 87
10 100961863 0 1 0 0 2 22 0 89 24 89
10 100961866 0 1 0 0 2 24 0 94 26 94
10 100961868 0 1 0 0 2 26 0 97 28 97
10 100973056 0 1 0 1 45 44 103 82 89 185
10 100973650 0 1 0 1 5 21 40 59 26 99
10 100975021 0 1 0 1 2 10 27 35 12 62
10 100978794 0 1 0 1 7 14 31 30 21 61
10 100980514 0 1 0 1 9 9 34 31 18 65
10 100984574 0 1 0 1 9 30 51 60 39 111
10 100986746 0 1 0 1 39 48 92 90 87 182
10 100990864 0 1 0 1 40 49 74 103 89 177
10 100990866 0 1 0 1 40 50 74 105 90 179
10 100991026 0 1 0 1 14 15 42 46 29 88
10 101006554 0 1 0 0 2 8 0 57 10 57
10 101006817 0 1 0 1 5 20 14 89 25 103
10 101007398 0 1 0 1 8 3 13 17 11 30
10 101011816 0 1 0 1 12 13 36 39 25 75
10 101022131 0 1 0 0 2 18 0 77 20 77
10 101032538 0 1 0 1 14 23 54 54 37 108
10 101037502 0 1 0 1 6 4 22 21 10 43
10 101064592 0 1 0 1 10 5 31 31 15 62
10 101089666 0 1 0 0 2 40 0 150 42 150
10 101134083 0 1 0 1 29 16 49 45 45 94
10 101461979 0 1 0 0 2 13 0 62 15 62
10 101531492 0 1 0 1 14 11 31 38 25 69
10 101532283 0 1 0 0 2 22 0 85 24 85
10 101534878 0 1 0 1 30 34 69 80 64 149
10 101538284 0 1 0 0 3 51 0 132 54 132
10 101580299 0 1 0 1 38 38 80 79 76 159
10 101580387 0 1 0 1 33 50 72 94 83 166
10 101580422 0 1 0 1 27 37 55 69 64 124
10 101580478 0 1 0 1 8 13 32 36 21 68
10 101583776 0 1 0 1 2 7 20 21 9 41
10 101585904 0 1 0 0 2 18 0 100 20 100
10 101594797 0 1 0 1 29 27 43 50 56 93
10 101601331 0 1 0 1 24 34 54 85 58 139
10 101608897 0 1 0 1 44 42 85 89 86 174
10 101694645 0 1 0 1 6 16 25 30 22 55
10 101770681 0 1 0 1 22 24 52 55 46 107
10 101783202 0 1 0 1 20 22 39 62 42 101
10 101783203 0 1 0 1 19 22 38 63 41 101
10 101799488 0 1 0 1 10 9 31 36 19 67
10 101806203 0 1 0 1 14 13 33 25 27 58
10 101813465 0 1 0 1 16 7 28 43 23 71
10 101828977 0 1 0 1 16 20 49 61 36 110
10 101843405 0 1 0 1 11 16 36 31 27 67
10 102133016 0 1 0 0 2 24 0 89 26 89
10 102141858 0 1 0 0 2 34 0 125 36 125
10 102231624 0 1 0 1 18 27 56 48 45 104
10 102351179 0 1 0 1 15 8 35 30 23 65
10 102367414 0 1 0 1 28 30 68 73 58 141
10 102380593 0 1 0 1 64 47 86 108 111 194
10 102402210 0 1 0 1 41 51 79 104 92 183
10 102403812 0 1 0 1 25 44 85 68 69 153
10 102405158 0 1 0 1 29 28 75 68 57 143
10 102424456 0 1 0 1 42 48 92 93 90 185
10 102425196 0 1 0 1 25 20 52 70 45 122
10 102425224 0 1 0 1 20 17 39 56 37 95
10 102451195 0 1 0 0 2 15 0 68 17 68
10 102470028 0 1 0 1 48 52 89 87 100 176
10 102471297 0 1 0 1 13 14 39 42 27 81
10 102472959 0 1 0 1 32 52 89 68 84 157
10 102473052 0 1 0 1 8 12 26 36 20 62
10 102481217 0 1 0 1 13 10 29 34 23 63
10 102481926 0 1 0 1 4 8 28 18 12 46
10 102483129 0 1 0 1 16 33 72 81 49 153
10 102484126 0 1 0 1 23 16 43 40 39 83
10 102484382 0 1 0 1 43 45 67 91 88 158
10 102485792 0 1 0 1 8 8 18 17 16 35
10 102488330 0 1 0 1 35 35 69 89 70 158
10 102488349 0 1 0 1 28 33 55 84 61 139
10 102490521 0 1 0 1 11 21 41 64 32 105
10 102504350 0 1 0 1 25 21 65 74 46 139
10 102618993 0 1 0 1 9 7 42 39 16 81
10 102627262 0 1 0 1 41 28 85 70 69 155
10 102644887 0 1 0 1 66 46 96 77 112 173
10 102654952 0 1 0 1 7 8 30 28 15 58
10 102876898 0 1 0 1 25 28 51 55 53 106
10 102890494 0 1 0 1 4 9 28 25 13 53
10 102918593 0 1 0 1 21 10 53 55 31 108
10 103054405 0 1 0 1 28 36 62 74 64 136
10 103076077 0 1 0 0 3 84 0 175 87 175
10 103076290 0 1 0 1 5 10 22 20 15 42
10 103089711 0 1 0 1 12 13 34 39 25 73
10 103090863 0 1 0 1 32 24 69 78 56 147
10 103090875 0 1 0 1 36 25 77 74 61 151
10 103091528 0 1 0 1 8 4 24 23 12 47
10 103091639 0 1 0 1 12 13 48 50 25 98
10 103095899 0 1 0 1 26 41 71 81 67 152
10 103095913 0 1 0 1 26 38 73 83 64 156
10 103097405 0 1 0 0 2 37 0 137 39 137
10 103097461 0 1 0 1 5 12 41 43 17 84
10 103097477 0 1 0 1 2 10 32 35 12 67
10 103174952 0 1 0 1 31 41 65 82 72 147
10 103368377 0 1 0 1 14 17 60 66 31 126
10 103416422 0 1 0 1 15 15 39 52 30 91
10 103419457 0 1 0 1 10 5 26 31 15 57
10 103434329 0 1 0 1 33 25 60 61 58 121
10 103441808 0 1 0 1 11 8 26 26 19 52
10 103441820 0 1 0 1 16 11 31 27 27 58
10 103444696 0 1 0 1 8 6 19 23 14 42
10 103444697 0 1 0 1 7 7 19 21 14 40
10 103445545 0 1 0 1 7 14 35 25 21 60
10 103447117 0 1 0 1 16 22 61 45 38 106
10 103455175 0 1 0 1 9 24 40 53 33 93
10 103458497 0 1 0 1 59 60 106 82 119 188
10 103724206 0 1 0 1 8 10 25 28 18 53
10 103735854 0 1 0 1 12 19 56 48 31 104
10 103855316 0 1 0 1 39 25 70 66 64 136
10 103998912 0 1 0 1 32 13 67 60 45 127
10 104003151 0 1 0 1 40 39 79 91 79 170
10 104003268 0 1 0 1 13 20 63 62 33 125
10 104021774 0 1 0 1 26 22 64 70 48 134
10 104032447 0 1 0 1 20 18 39 44 38 83
10 104033992 0 1 0 1 20 27 50 84 47 134
10 104045739 0 1 0 1 9 25 59 59 34 118
10 104051460 0 1 0 1 40 35 74 91 75 165
10 104055068 0 1 0 1 35 34 83 81 69 164
10 104055179 0 1 0 1 18 15 43 52 33 95
10 104060198 0 1 0 1 29 31 69 75 60 144
10 104064575 0 1 0 1 28 22 66 67 50 133
10 104123637 0 1 0 1 15 11 36 31 26 67
10 104123666 0 1 0 1 16 20 37 47 36 84
10 104142178 0 1 0 1 12 8 25 34 20 59
10 104161193 0 1 0 0 3 60 0 150 63 150
10 104182546 0 1 0 1 11 13 26 20 24 46
10 104197855 0 1 0 1 7 12 34 35 19 69
10 104207655 0 1 0 1 8 12 39 30 20 69
10 104267301 0 1 0 1 21 24 58 69 45 127
10 104268399 0 1 0 1 54 65 80 111 119 191
10 104279332 0 1 0 1 21 23 55 52 44 107
10 104279427 0 1 0 1 23 23 54 64 46 118
10 104315902 0 1 0 0 2 32 0 121 34 121
10 104399547 0 1 0 1 10 6 30 32 16 62
10 104403995 0 1 0 1 7 5 20 18 12 38
10 104915827 0 1 0 1 43 39 79 96 82 175
10 105139351 0 1 0 1 76 43 87 93 119 180
10 105147682 0 1 0 1 24 20 60 54 44 114
10 105147828 0 1 0 1 15 14 43 53 29 96
10 105223104 0 1 0 0 4 54 0 128 58 128
10 106597402 0 1 0 0 2 39 0 147 41 147
10 106620455 0 1 0 1 61 71 95 105 132 200
10 109680847 0 1 0 1 31 21 75 62 52 137
10 109680961 0 1 0 1 41 28 80 90 69 170
10 109888046 0 1 0 0 2 17 0 97 19 97
10 110116249 0 1 0 0 3 69 0 150 72 150
10 110116252 0 1 0 0 3 68 0 151 71 151
10 110228202 0 1 0 1 62 41 93 87 103 180
10 110228421 0 1 0 1 7 4 16 16 11 32
10 110279090 0 1 0 1 11 14 39 27 25 66
10 110298668 0 1 0 1 17 20 59 59 37 118
10 110303458 0 1 0 1 5 6 26 34 11 60
10 110507013 0 1 0 1 40 37 77 91 77 168
10 110577935 0 1 0 1 8 14 33 58 22 91
10 110577944 0 1 0 1 11 5 45 34 16 79
10 110578619 0 1 0 1 13 17 54 45 30 99
10 110581113 0 1 0 1 9 11 17 33 20 50
10 110583833 0 1 0 1 7 8 22 30 15 52
10 110584165 0 1 0 1 25 20 70 63 45 133
10 110589664 0 1 0 1 8 5 14 29 13 43
10 110601178 0 1 0 1 8 6 22 14 14 36
10 110603341 0 1 0 1 3 9 12 20 12 32
10 110644544 0 1 0 1 6 7 29 29 13 58
10 110781918 0 1 0 1 14 16 58 55 30 113
10 110781920 0 1 0 1 14 15 57 55 29 112
10 110784305 0 1 0 1 3 7 30 32 10 62
10 110784897 0 1 0 1 43 34 52 74 77 126
10 110835961 0 1 0 1 8 20 38 46 28 84
10 112153435 0 1 0 1 12 5 35 35 17 70
10 112153464 0 1 0 1 16 11 45 52 27 97
10 112157327 0 1 0 1 40 54 71 100 94 171
10 112161596 0 1 0 1 10 13 39 37 23 76
10 112163681 0 1 0 1 21 20 47 48 41 95
10 112172941 0 1 0 1 34 35 77 81 69 158
10 112180571 0 1 0 1 33 20 62 65 53 127
10 112299545 0 1 0 1 44 45 84 93 89 177
10 112409794 0 1 0 1 9 5 19 22 14 41
10 112432527 0 1 0 1 20 24 43 52 44 95
10 112440597 0 1 0 1 30 49 79 97 79 176
10 112736851 0 1 0 1 27 29 58 94 56 152
10 112736928 0 1 0 1 11 8 36 30 19 66
10 112964742 0 1 0 1 11 7 20 23 18 43
10 113089594 0 1 0 1 8 10 30 26 18 56
10 113553052 0 1 0 1 18 14 38 50 32 88
10 113567434 0 1 0 1 20 33 54 65 53 119
10 113574365 0 1 0 1 28 28 70 82 56 152
10 113581994 0 1 0 1 47 38 90 77 85 167
10 113582087 0 1 0 1 13 15 55 48 28 103
10 113590838 0 1 0 1 51 76 99 92 127 191
10 113591041 0 1 0 1 4 8 18 15 12 33
10 113592246 0 1 0 1 15 12 39 40 27 79
10 113592408 0 1 0 1 12 13 37 44 25 81
10 113626329 0 1 0 1 11 10 27 27 21 54
10 113629185 0 1 0 1 4 17 30 29 21 59
10 113629597 0 1 0 1 15 13 36 44 28 80
10 113629607 0 1 0 1 15 14 41 50 29 91
10 113634170 0 1 0 1 30 39 69 89 69 158
10 113654241 0 1 0 1 9 9 23 31 18 54
10 113663227 0 1 0 1 20 15 43 34 35 77
10 113663335 0 1 0 1 50 70 90 102 120 192
10 113663988 0 1 0 1 17 19 44 58 36 102
10 113721259 0 1 0 1 9 12 41 29 21 70
10 113726186 0 1 0 0 2 14 0 76 16 76
10 113729393 0 1 0 1 35 45 69 104 80 173
10 113729408 0 1 0 1 38 49 71 109 87 180
10 113755361 0 1 0 1 7 14 45 46 21 91
10 113765416 0 1 0 1 32 41 83 96 73 179
10 113769817 0 1 0 1 8 11 37 56 19 93
10 113774216 0 1 0 1 22 24 47 52 46 99
10 113775840 0 1 0 1 51 42 98 89 93 187
10 113778201 0 1 0 1 26 36 59 61 62 120
10 113780652 0 1 0 1 44 44 92 89 88 181
10 113850156 0 1 0 1 53 51 91 104 104 195
10 113901917 0 1 0 0 3 80 0 155 83 155
10 113915266 0 1 0 1 34 36 59 87 70 146
10 114125185 0 1 0 0 2 22 0 88 24 88
10 114130113 0 1 0 1 11 5 17 15 16 32
10 114188040 0 1 0 0 3 72 0 169 75 169
10 114203194 0 1 0 1 6 4 35 20 10 55
10 114227299 0 1 0 0 17 61 0 139 78 139
10 114301547 0 1 0 1 27 26 62 74 53 136
10 114444147 0 1 0 1 4 17 21 31 21 52
10 114462990 0 1 0 1 8 10 39 57 18 96
10 114474065 0 1 0 1 7 3 27 30 10 57
10 114485288 0 1 0 1 21 28 51 66 49 117
10 114491927 0 1 0 1 25 25 50 68 50 118
10 114491994 0 1 0 1 9 14 15 29 23 44
10 114547745 0 1 0 1 19 29 58 82 48 140
10 114768118 0 1 0 1 11 5 15 14 16 29
10 114833416 0 1 0 1 25 46 78 67 71 145
10 114836312 0 1 0 1 11 15 27 26 26 53
10 114845344 0 1 0 1 24 32 66 63 56 129
10 114848602 0 1 0 0 2 18 0 83 20 83
10 114848603 0 1 0 0 2 22 0 85 24 85
10 114855286 0 1 0 1 28 48 81 84 76 165
10 114861395 0 1 0 1 16 15 53 61 31 114
10 114862580 0 1 0 1 9 9 24 14 18 38
10 114970578 0 1 0 1 6 6 21 27 12 48
10 115266847 0 1 0 0 2 11 0 86 13 86
10 115286305 0 1 0 0 17 23 0 113 40 113
10 115461935 0 1 0 0 3 49 0 128 52 128
10 115469284 0 1 0 1 11 18 37 59 29 96
10 116089770 0 1 0 0 2 18 0 78 20 78
10 116096634 0 1 0 1 5 6 15 18 11 33
10 116096881 0 1 0 1 8 8 26 19 16 45
10 116596183 0 1 0 1 59 46 90 88 105 178
10 116600036 0 1 0 1 24 22 57 49 46 106
10 116604130 0 1 0 1 17 28 67 61 45 128
10 116605330 0 1 0 1 7 9 18 24 16 42
10 116635040 0 1 0 1 11 9 39 51 20 90
10 116638373 0 1 0 1 21 18 44 72 39 116
10 116638383 0 1 0 1 21 19 44 77 40 121
10 116638535 0 1 0 1 6 13 21 47 19 68
10 116642054 0 1 0 1 13 12 29 33 25 62
10 116645109 0 1 0 1 50 39 83 98 89 181
10 116645189 0 1 0 1 35 33 63 87 68 150
10 116692299 0 1 0 1 27 29 67 82 56 149
10 116692533 0 1 0 1 19 15 42 44 34 86
10 116860948 0 1 0 1 48 53 91 92 101 183
10 116868636 0 1 0 1 22 34 70 74 56 144
10 116886323 0 1 0 1 24 9 34 41 33 75
10 117254512 0 1 0 1 12 5 31 31 17 62
10 117255420 0 1 0 1 30 40 70 72 70 142
10 117255437 0 1 0 1 27 31 68 59 58 127
10 117267055 0 1 0 1 24 22 78 73 46 151
10 117267612 0 1 0 1 6 7 14 13 13 27
10 117270233 0 1 0 1 41 55 84 89 96 173
10 117284043 0 1 0 1 66 52 97 93 118 190
10 117374457 0 1 0 1 32 64 90 90 96 180
10 117374547 0 1 0 1 41 60 91 97 101 188
10 117548013 0 1 0 1 9 4 10 25 13 35
10 118033931 0 1 0 1 5 7 39 20 12 59
10 118045813 0 1 0 1 14 13 44 35 27 79
10 118933259 0 1 0 1 18 24 54 59 42 113
10 118933323 0 1 0 1 7 10 22 29 17 51
10 119051111 0 1 0 1 19 32 52 61 51 113
10 119141240 0 1 0 1 32 37 77 90 69 167
10 119146460 0 1 0 1 7 3 29 9 10 38
10 119146463 0 1 0 1 7 8 19 28 15 47
10 119155180 0 1 0 1 38 44 83 97 82 180
10 119157933 0 1 0 1 53 60 111 79 113 190
10 119158104 0 1 0 1 28 39 68 69 67 137
10 119159639 0 1 0 1 24 18 46 61 42 107
10 119159667 0 1 0 1 25 36 73 62 61 135
10 119161076 0 1 0 1 19 20 44 47 39 91
10 119162505 0 1 0 1 28 39 80 92 67 172
10 119162563 0 1 0 1 21 18 52 47 39 99
10 119439798 0 1 0 1 29 47 65 99 76 164
10 119439853 0 1 0 1 20 24 37 58 44 95
10 119582712 0 1 0 1 12 9 40 36 21 76
10 119657739 0 1 0 0 2 11 0 49 13 49
10 119792069 0 1 0 1 47 74 94 94 121 188
10 119811995 0 1 0 1 10 12 20 30 22 50
10 119823044 0 1 0 1 35 25 64 63 60 127
10 119827370 0 1 0 1 62 59 94 101 121 195
10 119919384 0 1 0 1 8 5 13 15 13 28
10 119919501 0 1 0 1 44 29 73 72 73 145
10 119930370 0 1 0 0 2 12 0 62 14 62
10 119958420 0 1 0 1 13 5 26 17 18 43
10 119958600 0 1 0 1 6 15 47 52 21 99
10 119997170 0 1 0 1 4 18 21 58 22 79
10 120457278 0 1 0 1 32 15 57 43 47 100
10 120457350 0 1 0 1 27 64 77 104 91 181
10 120513775 0 1 0 1 6 10 5 22 16 27
10 120513779 0 1 0 1 7 11 6 26 18 32
10 120575049 0 1 0 1 16 17 47 36 33 83
10 120589457 0 1 0 1 9 6 46 44 15 90
10 120880868 0 1 0 0 2 22 0 88 24 88
10 120889970 0 1 0 1 30 32 71 72 62 143
10 120905455 0 1 0 1 26 19 57 52 45 109
10 121482280 0 1 0 1 9 13 28 31 22 59
10 121538644 0 1 0 1 41 24 77 78 65 155
10 121913687 0 1 0 1 14 29 48 57 43 105
10 122164144 0 1 0 1 11 8 23 28 19 51
10 122237461 0 1 0 1 24 19 73 55 43 128
10 122249746 0 1 0 1 7 4 17 18 11 35
10 122276711 0 1 0 1 24 21 46 72 45 118
10 122276979 0 1 0 1 3 9 26 12 12 38
10 122284114 0 1 0 1 10 7 28 15 17 43
10 122400319 0 1 0 1 19 38 46 94 57 140
10 122514155 0 1 0 1 11 4 18 40 15 58
10 122560678 0 1 0 1 10 16 48 43 26 91
10 122565884 0 1 0 1 38 41 62 100 79 162
10 122565893 0 1 0 1 40 39 102 70 79 172
10 122566053 0 1 0 1 10 20 51 38 30 89
10 122570064 0 1 0 1 10 8 27 29 18 56
10 122570067 0 1 0 1 10 7 28 30 17 58
10 122570156 0 1 0 1 15 20 47 69 35 116
10 122570157 0 1 0 1 16 22 46 70 38 116
10 122570194 0 1 0 1 19 31 49 75 50 124
10 122570230 0 1 0 1 16 25 39 72 41 111
10 122570285 0 1 0 1 8 10 28 40 18 68
10 122570724 0 1 0 1 11 8 34 23 19 57
10 122570736 0 1 0 1 15 8 40 30 23 70
10 122570911 0 1 0 1 23 17 85 66 40 151
10 122572206 0 1 0 1 5 11 35 28 16 63
10 122572428 0 1 0 1 26 26 67 64 52 131
10 122572441 0 1 0 1 25 20 59 58 45 117
10 122572447 0 1 0 1 22 20 57 55 42 112
10 122572519 0 1 0 1 12 8 22 27 20 49
10 122573792 0 1 0 1 17 30 59 83 47 142
10 122576350 0 1 0 1 19 17 43 59 36 102
10 122586487 0 1 0 1 5 7 16 19 12 35
10 122598982 0 1 0 1 18 15 52 43 33 95
10 122629780 0 1 0 1 9 9 31 26 18 57
10 122639951 0 1 0 1 7 3 18 14 10 32
10 122640469 0 1 0 1 19 34 64 70 53 134
10 122643161 0 1 0 1 49 60 83 110 109 193
10 122643428 0 1 0 1 7 5 23 21 12 44
10 122677014 0 1 0 1 7 14 28 33 21 61
10 122698390 0 1 0 1 47 41 76 93 88 169
10 122699364 0 1 0 0 2 27 0 107 29 107
10 122699623 0 1 0 1 12 7 37 41 19 78
10 122798924 0 1 0 1 6 5 24 9 11 33
10 122798926 0 1 0 1 5 6 9 25 11 34
10 122832349 0 1 0 1 2 121 2 191 123 193
10 122980426 0 1 0 1 16 8 45 47 24 92
10 122980430 0 1 0 0 2 24 0 95 26 95
10 122983337 0 1 0 0 2 32 0 119 34 119
10 122990224 0 1 0 1 9 18 62 59 27 121
10 123009067 0 1 0 1 25 12 47 57 37 104
10 123027536 0 1 0 1 15 6 30 17 21 47
10 123053611 0 1 0 1 30 18 56 44 48 100
10 123136129 0 1 0 0 2 8 0 37 10 37
10 123162216 0 1 0 0 3 43 0 127 46 127
10 123162221 0 1 0 0 3 47 0 134 50 134
10 123768491 0 1 0 1 10 10 32 42 20 74
10 123768532 0 1 0 1 16 13 57 67 29 124
10 123768781 0 1 0 1 12 16 23 52 28 75
10 123913976 0 1 0 1 40 31 76 87 71 163
10 123914031 0 1 0 1 30 36 83 71 66 154
10 123991973 0 1 0 1 4 6 15 17 10 32
10 124021242 0 1 0 1 3 32 6 110 35 116
10 124021243 0 1 0 1 11 20 39 55 31 94
10 124021442 0 1 0 1 48 42 79 103 90 182
10 124398161 0 1 0 1 6 8 27 28 14 55
10 124403245 0 1 0 1 4 10 19 27 14 46
10 124405422 0 1 0 1 11 11 38 51 22 89
10 124411954 0 1 0 1 30 13 46 43 43 89
10 124791698 0 1 0 0 2 18 0 82 20 82
10 124791812 0 1 0 1 14 6 48 45 20 93
10 124834879 0 1 0 0 2 26 0 115 28 115
10 124998193 0 1 0 1 27 37 84 64 64 148
10 124998258 0 1 0 1 12 11 38 37 23 75
10 125003497 0 1 0 1 16 19 62 56 35 118
10 125576805 0 1 0 1 16 24 41 57 40 98
10 125682788 0 1 0 1 22 12 29 39 34 68
10 125737861 0 1 0 1 22 13 52 47 35 99
10 125738019 0 1 0 1 27 33 66 58 60 124
10 125743296 0 1 0 1 11 7 30 32 18 62
10 125747842 0 1 0 1 36 36 78 73 72 151
10 125753004 0 1 0 1 15 26 46 40 41 86
10 125772383 0 1 0 1 10 14 32 39 24 71
10 125773956 0 1 0 1 25 42 72 86 67 158
10 125774264 0 1 0 1 10 7 32 30 17 62
10 125774365 0 1 0 1 14 12 40 33 26 73
10 125789339 0 1 0 0 2 23 0 104 25 104
10 125795004 0 1 0 1 23 27 50 56 50 106
10 125796084 0 1 0 1 8 7 20 26 15 46
10 125833811 0 1 0 0 2 33 0 127 35 127
10 125836043 0 1 0 1 13 17 38 41 30 79
10 125841756 0 1 0 1 40 39 81 80 79 161
10 125896446 0 1 0 1 3 17 14 52 20 66
10 125896466 0 1 0 1 3 29 14 79 32 93
10 125896471 0 1 0 1 6 29 20 79 35 99
10 125896521 0 1 0 1 3 50 10 118 53 128
10 125896610 0 1 0 1 5 37 31 82 42 113
10 125896639 0 1 0 1 11 36 14 88 47 102
10 125896668 0 1 0 1 15 26 23 83 41 106
10 125896691 0 1 0 1 15 22 31 73 37 104
10 125896719 0 1 0 1 15 17 31 48 32 79
10 125896738 0 1 0 1 5 15 19 41 20 60
10 125996522 0 1 0 1 53 37 91 92 90 183
10 126008596 0 1 0 1 8 4 28 21 12 49
10 126019859 0 1 0 1 13 9 31 24 22 55
10 126036209 0 1 0 1 7 6 26 37 13 63
10 126039199 0 1 0 1 5 6 18 25 11 43
10 126039239 0 1 0 1 15 12 44 50 27 94
10 126043242 0 1 0 1 7 11 35 32 18 67
10 126045944 0 1 0 1 11 5 30 29 16 59
10 126046147 0 1 0 1 21 37 60 70 58 130
10 126049361 0 1 0 1 38 47 83 91 85 174
10 126064909 0 1 0 1 25 19 77 71 44 148
10 126066953 0 1 0 1 15 16 43 42 31 85
10 126066955 0 1 0 1 14 15 41 42 29 83
10 126071374 0 1 0 1 14 7 21 26 21 47
10 126073943 0 1 0 1 8 7 26 24 15 50
10 126098573 0 1 0 1 6 4 15 16 10 31
10 126155072 0 1 0 1 8 9 25 25 17 50
10 126155171 0 1 0 1 27 43 69 82 70 151
10 126155187 0 1 0 1 33 46 74 94 79 168
10 126155352 0 1 0 1 23 23 35 50 46 85
10 126330456 0 1 0 1 26 20 60 67 46 127
10 126465054 0 1 0 1 6 5 23 17 11 40
10 126982147 0 1 0 1 19 13 29 33 32 62
10 126999453 0 1 0 1 47 66 79 108 113 187
10 126999545 0 1 0 1 22 36 48 50 58 98
10 127008832 0 1 0 1 13 6 35 31 19 66
10 127032072 0 1 0 1 10 16 23 38 26 61
10 127032145 0 1 0 1 23 34 63 77 57 140
10 127037570 0 1 0 1 6 5 23 13 11 36
10 127052577 0 1 0 1 6 7 23 28 13 51
10 127125690 0 1 0 1 18 18 59 41 36 100
10 127127749 0 1 0 1 29 53 80 73 82 153
10 127146078 0 1 0 0 2 31 0 133 33 133
10 127338852 0 1 0 1 25 24 38 51 49 89
10 127354657 0 1 0 1 2 116 2 188 118 190
10 127362049 0 1 0 1 24 19 48 45 43 93
10 127362194 0 1 0 1 29 27 75 72 56 147
10 127402700 0 1 0 1 45 34 90 91 79 181
10 127404465 0 1 0 1 16 18 43 43 34 86
10 127410678 0 1 0 0 2 20 0 75 22 75
10 127444251 0 1 0 1 44 39 69 96 83 165
10 127444384 0 1 0 1 6 4 11 22 10 33
10 127444385 0 1 0 1 6 4 12 21 10 33
10 127447420 0 1 0 1 54 36 89 89 90 178
10 127451408 0 1 0 0 2 24 0 107 26 107
10 127451412 0 1 0 1 13 15 57 50 28 107
10 127451429 0 1 0 1 14 18 62 59 32 121
10 127883985 0 1 0 1 12 13 36 31 25 67
10 128048589 0 1 0 1 59 42 82 82 101 164
10 128077579 0 1 0 1 8 7 31 26 15 57
10 128085106 0 1 0 1 46 59 89 86 105 175
10 128085237 0 1 0 1 14 8 20 26 22 46
10 128101314 0 1 0 1 16 13 51 40 29 91
10 128101514 0 1 0 1 31 44 90 74 75 164
10 128102802 0 1 0 1 39 42 95 84 81 179
10 128103129 0 1 0 1 17 27 53 74 44 127
10 128103458 0 1 0 1 28 23 77 65 51 142
10 128103462 0 1 0 1 28 27 73 71 55 144
10 128103561 0 1 0 1 44 55 78 104 99 182
10 128103682 0 1 0 1 32 48 78 108 80 186
10 128103894 0 1 0 1 43 54 88 100 97 188
10 128104017 0 1 0 1 35 46 78 88 81 166
10 128104104 0 1 0 1 32 21 65 87 53 152
10 128104752 0 1 0 1 61 50 97 97 111 194
10 128105538 0 1 0 1 28 32 64 82 60 146
10 128106213 0 1 0 1 31 46 80 91 77 171
10 128106296 0 1 0 1 35 20 75 79 55 154
10 128107165 0 1 0 1 41 37 86 94 78 180
10 128108204 0 1 0 1 31 23 63 70 54 133
10 128109280 0 1 0 1 56 52 92 101 108 193
10 128113592 0 1 0 1 20 25 57 63 45 120
10 128115696 0 1 0 1 36 42 76 77 78 153
10 128119296 0 1 0 1 23 22 59 54 45 113
10 128464488 0 1 0 1 3 18 4 44 21 48
10 128464522 0 1 0 1 6 43 6 98 49 104
10 128464556 0 1 0 1 3 57 10 126 60 136
10 128464589 0 1 0 1 2 39 3 98 41 101
10 129707928 0 1 0 1 12 15 44 54 27 98
10 129708019 0 1 0 1 23 29 77 72 52 149
10 129867621 0 1 0 1 4 7 14 18 11 32
10 129962088 0 1 0 1 10 10 30 42 20 72
10 129963429 0 1 0 1 24 21 64 64 45 128
10 130106022 0 1 0 1 8 10 26 40 18 66
10 130106792 0 1 0 1 15 20 53 50 35 103
10 130107832 0 1 0 1 33 30 86 77 63 163
10 130169244 0 1 0 1 8 10 29 25 18 54
10 132104868 0 1 0 1 12 11 62 45 23 107
10 132104916 0 1 0 1 21 23 56 73 44 129
10 132135130 0 1 0 1 4 11 30 30 15 60
10 132147990 0 1 0 1 26 27 51 68 53 119
10 132148060 0 1 0 1 6 10 32 43 16 75
10 132149962 0 1 0 1 14 11 28 44 25 72
10 132154089 0 1 0 1 9 7 17 21 16 38
10 132163202 0 1 0 1 4 14 36 33 18 69
10 132168178 0 1 0 1 29 34 76 75 63 151
10 132200352 0 1 0 1 30 34 57 73 64 130
10 132200486 0 1 0 1 37 58 80 80 95 160
10 132202611 0 1 0 1 7 7 18 15 14 33
10 132202892 0 1 0 1 14 8 48 46 22 94
10 132203791 0 1 0 1 21 28 52 38 49 90
10 132222549 0 1 0 1 3 6 14 24 9 38
10 132222553 0 1 0 1 3 7 17 26 10 43
10 132222569 0 1 0 1 4 11 23 27 15 50
10 132222689 0 1 0 1 17 37 67 89 54 156
10 132224527 0 1 0 1 36 18 73 75 54 148
10 132225211 0 1 0 1 18 13 40 37 31 77
10 132880922 0 1 0 1 17 21 53 44 38 97
10 132927501 0 1 0 1 22 27 59 66 49 125
10 132941560 0 1 0 0 2 34 0 141 36 141
10 133071258 0 1 0 1 8 7 24 18 15 42
10 133128653 0 1 0 1 27 21 66 88 48 154
10 133128662 0 1 0 1 30 24 88 70 54 158
10 133160491 0 1 0 1 21 15 57 58 36 115
10 133168438 0 1 0 1 10 11 42 29 21 71
10 133186098 0 1 0 1 6 16 30 46 22 76
10 133197158 0 1 0 1 16 12 40 37 28 77
10 133206811 0 1 0 1 26 17 64 75 43 139
10 133224584 0 1 0 1 11 9 34 34 20 68
10 133238058 0 1 0 1 6 9 28 23 15 51
10 133289794 0 1 0 1 4 14 4 26 18 30
10 133289797 0 1 0 1 6 14 8 26 20 34
10 133289807 0 1 0 1 34 13 56 21 47 77
10 133291783 0 1 0 1 4 8 12 28 12 40
10 133291798 0 1 0 1 2 11 7 35 13 42
10 133291803 0 1 0 1 2 10 6 35 12 41
10 133292479 0 1 0 1 13 15 30 42 28 72
10 133292487 0 1 0 1 16 17 47 36 33 83
10 133391295 0 1 0 1 52 47 103 85 99 188
10 133391446 0 1 0 1 38 26 90 64 64 154
10 133391505 0 1 0 1 34 22 84 62 56 146
10 133464689 0 1 0 1 28 21 75 58 49 133
10 133465779 0 1 0 1 25 29 60 67 54 127
10 133466306 0 1 0 1 24 30 63 77 54 140
10 133467261 0 1 0 1 13 22 75 71 35 146
10 133468133 0 1 0 1 6 5 20 20 11 40
10 133625384 0 1 0 1 18 83 26 119 101 145
10 133625425 0 1 0 1 49 100 65 123 149 188
10 133625447 0 1 0 1 62 89 84 107 151 191
10 133625451 0 1 0 1 61 87 81 107 148 188
10 133625463 0 1 0 1 60 80 75 98 140 173
10 133625473 0 1 0 1 54 80 70 92 134 162
10 133625511 0 1 0 1 22 100 29 130 122 159
10 133625545 0 1 0 1 2 99 3 145 101 148
10 133659474 0 1 0 1 4 21 7 33 25 40
10 133659481 0 1 0 1 5 21 7 43 26 50
10 133687826 0 1 0 1 3 7 3 38 10 41
10 133687829 0 1 0 1 3 7 8 32 10 40
10 133689372 0 1 0 1 3 28 2 55 31 57
10 133689388 0 1 0 1 25 22 52 26 47 78
10 133689391 0 1 0 1 26 23 53 32 49 85
10 133689399 0 1 0 1 24 25 52 38 49 90
10 133689410 0 1 0 1 2 47 3 89 49 92
10 133689414 0 1 0 1 7 43 12 79 50 91
10 133689417 0 1 0 1 3 48 3 88 51 91
10 133689420 0 1 0 1 31 19 69 24 50 93
10 133689423 0 1 0 1 2 49 2 91 51 93
10 133689424 0 1 0 1 2 48 3 89 50 92
10 133689426 0 1 0 1 3 46 4 88 49 92
10 133689435 0 1 0 1 2 48 5 89 50 94
10 133689474 0 1 0 1 2 17 3 31 19 34
