chr pos bloodGT1 bloodGT2 tumorGT1 tumorGT2 AN BN AT BT sN sT
13 18177691 0 1 0 1 11 14 17 45 25 62
13 18212014 0 1 0 1 8 55 4 65 63 69
13 18212082 0 1 0 1 3 95 2 130 98 132
13 18212092 0 1 0 1 8 88 17 116 96 133
13 18212100 0 1 0 1 3 91 7 122 94 129
13 18212123 0 1 0 1 6 89 4 128 95 132
13 18212134 0 1 0 1 6 81 4 118 87 122
13 18212141 0 1 0 1 2 74 4 104 76 108
13 18212148 0 1 0 1 2 59 4 87 61 91
13 18212476 0 1 0 1 3 27 9 43 30 52
13 18212492 0 1 0 1 13 0 36 0 13 36
13 18213072 0 1 0 1 3 54 2 70 57 72
13 18213102 0 1 0 1 3 38 4 48 41 52
13 18213117 0 1 0 1 2 15 3 29 17 32
13 18724858 0 1 0 1 11 12 28 25 23 53
13 18727384 0 1 0 1 7 5 18 14 12 32
13 19026335 0 1 0 1 3 21 20 59 24 79
13 19026389 0 1 0 1 27 16 59 49 43 108
13 19051230 0 1 0 1 15 21 35 40 36 75
13 19115259 0 1 0 0 2 13 0 52 15 52
13 19126838 0 1 0 1 7 5 37 16 12 53
13 19126885 0 1 0 1 14 7 51 27 21 78
13 19127878 0 1 0 1 17 15 59 57 32 116
13 19139494 0 1 0 1 22 20 48 58 42 106
13 19139574 0 1 0 1 22 17 43 60 39 103
13 19227280 0 1 0 1 19 21 50 47 40 97
13 19304819 0 1 0 1 14 8 26 39 22 65
13 19305597 0 1 0 1 11 5 37 28 16 65
13 19305627 0 1 0 1 10 5 38 27 15 65
13 19359232 0 1 0 1 18 13 62 37 31 99
13 19366596 0 1 0 1 2 15 7 56 17 63
13 19366598 0 1 0 1 5 14 7 55 19 62
13 19366648 0 1 0 1 11 11 41 65 22 106
13 19369630 0 1 0 1 23 22 48 58 45 106
13 19375015 0 1 0 1 4 10 11 52 14 63
13 19375078 0 1 0 1 4 12 13 50 16 63
13 19375087 0 1 0 1 3 11 13 47 14 60
13 19376218 0 1 0 1 4 8 16 26 12 42
13 19376255 0 1 0 1 4 14 20 46 18 66
13 19376259 0 1 0 1 4 12 20 46 16 66
13 19376309 0 1 0 1 8 14 27 39 22 66
13 19376325 0 1 0 1 12 10 31 36 22 67
13 19376328 0 1 0 1 12 10 31 37 22 68
13 19378740 0 1 0 1 6 9 23 21 15 44
13 19378778 0 1 0 1 7 9 30 41 16 71
13 19378819 0 1 0 1 8 4 44 25 12 69
13 19381260 0 1 0 1 13 18 18 62 31 80
13 19382513 0 1 0 1 24 17 49 53 41 102
13 19382653 0 1 0 1 52 40 107 62 92 169
13 19382831 0 1 0 1 14 10 40 43 24 83
13 19382860 0 1 0 1 9 6 33 33 15 66
13 19385894 0 1 0 1 9 10 34 20 19 54
13 19387905 0 1 0 1 18 11 37 37 29 74
13 19387915 0 1 0 1 9 15 34 29 24 63
13 19426473 0 1 0 1 7 95 8 148 102 156
13 19426474 0 1 0 1 6 95 7 148 101 155
13 19426481 0 1 0 1 4 93 4 151 97 155
13 19430622 0 1 0 1 21 12 41 36 33 77
13 19451266 0 1 0 1 18 17 46 42 35 88
13 19464444 0 1 0 1 41 41 79 89 82 168
13 19492854 0 1 0 1 3 35 5 111 38 116
13 19492871 0 1 0 1 7 36 18 113 43 131
13 19492941 0 1 0 1 14 16 28 49 30 77
13 19503208 0 1 0 1 4 113 2 190 117 192
13 19503212 0 1 0 1 7 109 5 187 116 192
13 19503316 0 1 0 1 9 34 18 61 43 79
13 19503337 0 1 0 1 4 19 9 49 23 58
13 19560330 0 1 0 1 8 8 28 33 16 61
13 19560333 0 1 0 1 9 8 29 33 17 62
13 19563650 0 1 0 1 7 15 21 40 22 61
13 19563921 0 1 0 1 23 13 56 50 36 106
13 19564790 0 1 0 1 26 18 65 54 44 119
13 19568631 0 1 0 1 17 17 52 37 34 89
13 19570275 0 1 0 1 7 8 21 25 15 46
13 19703273 0 1 0 1 38 56 73 91 94 164
13 20188817 0 1 0 1 16 24 52 40 40 92
13 20404080 0 1 0 1 12 5 14 36 17 50
13 20439531 0 1 0 1 2 11 6 23 13 29
13 20512460 0 1 0 1 8 9 39 38 17 77
13 20525689 0 1 0 1 6 17 27 42 23 69
13 20855735 0 1 0 1 20 17 54 66 37 120
13 20981405 0 1 0 1 5 13 20 20 18 40
13 20981406 0 1 0 1 6 13 20 20 19 40
13 20981415 0 1 0 1 10 14 23 22 24 45
13 21045946 0 1 0 1 53 51 96 91 104 187
13 21140781 0 1 0 1 41 30 78 83 71 161
13 21146817 0 1 0 1 7 7 20 8 14 28
13 21260526 0 1 0 1 6 12 26 23 18 49
13 21293588 0 1 0 1 14 19 62 63 33 125
13 21375128 0 1 0 1 11 7 23 23 18 46
13 21382981 0 1 0 1 4 11 45 40 15 85
13 21458983 0 1 0 1 15 5 27 27 20 54
13 22705115 0 1 0 1 34 30 68 93 64 161
13 22705140 0 1 0 1 35 30 68 91 65 159
13 23135147 0 1 0 1 16 12 39 20 28 59
13 23135284 0 1 0 1 7 8 26 18 15 44
13 23250679 0 1 0 1 45 44 89 79 89 168
13 23324370 0 1 0 1 27 21 74 57 48 131
13 23324554 0 1 0 1 5 9 23 22 14 45
13 23330908 0 1 0 1 2 75 3 180 77 183
13 23331572 0 1 0 1 35 22 67 78 57 145
13 23333213 0 1 0 0 2 31 0 129 33 129
13 23333770 0 1 0 1 37 34 74 75 71 149
13 23335023 0 1 0 1 35 28 72 88 63 160
13 23337681 0 1 0 1 15 24 50 46 39 96
13 23355703 0 1 0 1 28 39 89 74 67 163
13 23411252 0 1 0 1 40 36 78 78 76 156
13 23593341 0 1 0 1 16 28 58 47 44 105
13 23593366 0 1 0 1 33 31 61 78 64 139
13 23660378 0 1 0 1 36 47 84 96 83 180
13 23668662 0 1 0 1 12 21 45 39 33 84
13 23669061 0 1 0 1 11 19 43 54 30 97
13 23760076 0 1 0 1 38 37 77 83 75 160
13 23809990 0 1 0 1 5 5 22 15 10 37
13 23862336 0 1 0 1 5 9 32 35 14 67
13 23894565 0 1 0 1 22 42 69 74 64 143
13 23896774 0 1 0 1 13 13 24 36 26 60
13 23897093 0 1 0 1 6 7 26 27 13 53
13 24122229 0 1 0 1 27 20 60 76 47 136
13 24122369 0 1 0 1 27 41 75 83 68 158
13 24122526 0 1 0 1 23 32 52 90 55 142
13 24122545 0 1 0 1 21 25 53 89 46 142
13 24223648 0 1 0 1 64 62 87 110 126 197
13 24251913 0 1 0 1 16 27 58 66 43 124
13 24290919 0 1 0 1 17 17 66 47 34 113
13 24302680 0 1 0 1 16 19 52 64 35 116
13 24321493 0 1 0 1 31 71 31 98 102 129
13 24321607 0 1 0 1 33 86 41 148 119 189
13 24442732 0 1 0 1 3 27 14 60 30 74
13 24447125 0 1 0 1 5 45 14 99 50 113
13 24447185 0 1 0 1 5 24 13 56 29 69
13 24478183 0 1 0 1 3 53 2 132 56 134
13 24478255 0 1 0 1 8 36 15 95 44 110
13 24478285 0 1 0 1 5 31 11 66 36 77
13 24501726 0 1 0 1 24 38 78 88 62 166
13 24594363 0 1 0 1 2 72 3 139 74 142
13 24594417 0 1 0 1 9 38 15 63 47 78
13 24594420 0 1 0 1 9 38 15 58 47 73
13 24680916 0 1 0 1 6 8 31 26 14 57
13 24692950 0 1 0 1 38 25 66 73 63 139
13 24709519 0 1 0 1 10 4 27 29 14 56
13 24709606 0 1 0 1 17 10 47 28 27 75
13 24781915 0 1 0 1 17 16 47 43 33 90
13 24793163 0 1 0 1 32 59 79 106 91 185
13 24799377 0 1 0 1 4 9 22 16 13 38
13 24804338 0 1 0 1 14 19 51 46 33 97
13 24844858 0 1 0 1 36 25 65 68 61 133
13 24858998 0 1 0 1 2 17 3 48 19 51
13 24866180 0 1 0 1 8 16 50 47 24 97
13 24868783 0 1 0 1 10 14 39 28 24 67
13 24874095 0 1 0 0 2 18 0 95 20 95
13 24874096 0 1 0 0 2 19 0 95 21 95
13 24876959 0 1 0 1 18 26 56 53 44 109
13 24892817 0 1 0 1 34 34 61 64 68 125
13 24912671 0 1 0 1 2 81 2 173 83 175
13 24951350 0 1 0 1 33 48 78 75 81 153
13 24953226 0 1 0 1 6 10 33 16 16 49
13 24954789 0 1 0 1 28 28 55 75 56 130
13 24954846 0 1 0 1 18 21 39 66 39 105
13 24965473 0 1 0 1 10 17 29 41 27 70
13 24967329 0 1 0 1 5 7 23 36 12 59
13 25096659 0 1 0 1 5 39 6 92 44 98
13 25096665 0 1 0 1 5 39 7 93 44 100
13 25096675 0 1 0 1 9 43 17 95 52 112
13 25096713 0 1 0 1 15 56 25 119 71 144
13 25096730 0 1 0 1 15 61 25 129 76 154
13 25096735 0 1 0 1 14 61 25 129 75 154
13 25096739 0 1 0 1 13 64 23 130 77 153
13 25096769 0 1 0 1 7 68 16 138 75 154
13 25096781 0 1 0 1 7 64 12 141 71 153
13 25096815 0 1 0 1 8 66 16 134 74 150
13 25096817 0 1 0 1 8 64 16 133 72 149
13 25096840 0 1 0 1 8 60 20 139 68 159
13 25096843 0 1 0 1 8 60 20 142 68 162
13 25096846 0 1 0 1 8 61 21 141 69 162
13 25096850 0 1 0 1 9 60 20 142 69 162
13 25096870 0 1 0 1 14 57 26 138 71 164
13 25096877 0 1 0 1 12 60 24 141 72 165
13 25096889 0 1 0 1 9 66 23 146 75 169
13 25096924 0 1 0 1 8 78 22 155 86 177
13 25096942 0 1 0 1 8 83 22 157 91 179
13 25096951 0 1 0 1 7 85 21 159 92 180
13 25096984 0 1 0 1 4 102 10 178 106 188
13 25097005 0 1 0 1 5 105 6 185 110 191
13 25097025 0 1 0 1 4 113 4 184 117 188
13 25097030 0 1 0 1 4 116 5 184 120 189
13 25097034 0 1 0 1 4 120 5 185 124 190
13 25097057 0 1 0 1 10 124 13 183 134 196
13 25097062 0 1 0 1 10 122 13 181 132 194
13 25097068 0 1 0 1 10 119 13 180 129 193
13 25097072 0 1 0 1 10 116 13 180 126 193
13 25097076 0 1 0 1 10 116 13 180 126 193
13 25097133 0 1 0 1 6 97 16 159 103 175
13 25097136 0 1 0 1 7 96 16 159 103 175
13 25097154 0 1 0 1 13 88 33 150 101 183
13 25097182 0 1 0 1 13 86 34 145 99 179
13 25097231 0 1 0 1 7 43 19 83 50 102
13 25097448 0 1 0 1 2 64 9 144 66 153
13 25097469 0 1 0 1 6 57 19 130 63 149
13 25097470 0 1 0 1 6 58 19 132 64 151
13 25097529 0 1 0 1 6 78 22 130 84 152
13 25097534 0 1 0 1 5 81 17 137 86 154
13 25097541 0 1 0 1 4 84 15 143 88 158
13 25097550 0 1 0 1 3 89 13 145 92 158
13 25097604 0 1 0 1 10 117 8 182 127 190
13 25097617 0 1 0 1 10 120 8 188 130 196
13 25097621 0 1 0 1 10 120 8 187 130 195
13 25097648 0 1 0 1 10 121 8 184 131 192
13 25097657 0 1 0 1 10 117 8 183 127 191
13 25097671 0 1 0 1 7 113 4 180 120 184
13 25097988 0 1 0 1 3 41 4 105 44 109
13 25097997 0 1 0 1 3 44 4 106 47 110
13 25098001 0 1 0 1 3 45 4 108 48 112
13 25098020 0 1 0 1 4 51 11 107 55 118
13 25098030 0 1 0 1 5 54 10 113 59 123
13 25098034 0 1 0 1 5 56 10 117 61 127
13 25098039 0 1 0 1 4 60 10 124 64 134
13 25098050 0 1 0 1 4 59 10 132 63 142
13 25098070 0 1 0 1 3 60 10 133 63 143
13 25098073 0 1 0 1 3 60 9 134 63 143
13 25098076 0 1 0 1 2 59 9 135 61 144
13 25141436 0 1 0 1 10 7 29 21 17 50
13 25254387 0 1 0 0 2 17 0 76 19 76
13 25313600 0 1 0 1 13 18 38 50 31 88
13 25313673 0 1 0 1 25 28 67 76 53 143
13 25469044 0 1 0 1 63 62 94 93 125 187
13 25530409 0 1 0 1 3 7 17 17 10 34
13 25533457 0 1 0 1 17 18 63 42 35 105
13 25533458 0 1 0 1 16 18 62 42 34 104
13 25533468 0 1 0 1 15 14 58 35 29 93
13 25534419 0 1 0 1 6 9 18 21 15 39
13 25551593 0 1 0 1 9 6 33 19 15 52
13 25553683 0 1 0 1 6 9 27 18 15 45
13 25553958 0 1 0 1 35 34 63 65 69 128
13 25553990 0 1 0 1 18 20 43 47 38 90
13 25553991 0 1 0 1 18 22 43 46 40 89
13 25570617 0 1 0 1 7 9 32 29 16 61
13 25574828 0 1 0 1 13 22 40 51 35 91
13 25581815 0 1 0 1 25 30 61 73 55 134
13 25608635 0 1 0 1 20 30 62 65 50 127
13 25608756 0 1 0 1 16 13 33 57 29 90
13 25860144 0 1 0 1 44 49 80 92 93 172
13 25862287 0 1 0 1 9 12 32 29 21 61
13 25862503 0 1 0 1 11 17 51 26 28 77
13 26219473 0 1 0 0 2 29 0 111 31 111
13 26665024 0 1 0 1 23 30 83 61 53 144
13 26676686 0 1 0 1 20 19 74 61 39 135
13 26682591 0 1 0 1 16 35 64 66 51 130
13 27423621 0 1 0 1 13 12 46 37 25 83
13 27423862 0 1 0 1 21 19 55 47 40 102
13 27427077 0 1 0 0 3 87 0 175 90 175
13 27427084 0 1 0 0 5 89 0 178 94 178
13 27427085 0 1 0 0 4 86 0 178 90 178
13 27429860 0 1 0 1 4 12 27 25 16 52
13 27435714 0 1 0 1 30 21 57 72 51 129
13 27437021 0 1 0 1 8 10 22 22 18 44
13 27550544 0 1 0 1 8 7 21 24 15 45
13 27569092 0 1 0 1 26 28 65 73 54 138
13 27621896 0 1 0 1 27 27 66 70 54 136
13 27623299 0 1 0 1 7 4 24 24 11 48
13 27665803 0 1 0 1 31 41 86 79 72 165
13 27665833 0 1 0 1 44 40 81 94 84 175
13 27665884 0 1 0 1 36 49 98 79 85 177
13 27793138 0 1 0 1 8 20 43 52 28 95
13 27945173 0 1 0 1 6 8 29 25 14 54
13 27965049 0 1 0 1 21 20 43 58 41 101
13 27978288 0 1 0 1 25 57 71 82 82 153
13 27978477 0 1 0 1 11 12 31 25 23 56
13 28015130 0 1 0 1 9 7 22 14 16 36
13 28312251 0 1 0 1 4 6 34 17 10 51
13 28321642 0 1 0 1 24 41 65 79 65 144
13 28396887 0 1 0 1 40 41 53 94 81 147
13 28429927 0 1 0 1 5 4 20 21 9 41
13 28700992 0 1 0 1 13 12 29 37 25 66
13 29100703 0 1 0 1 12 9 34 28 21 62
13 29100718 0 1 0 1 15 10 41 37 25 78
13 29281685 0 1 0 1 24 9 54 40 33 94
13 29281686 0 1 0 1 9 24 40 55 33 95
13 29497173 0 1 0 1 6 9 23 16 15 39
13 29514470 0 1 0 1 27 22 65 56 49 121
13 29950566 0 1 0 1 5 10 28 24 15 52
13 30553757 0 1 0 1 6 10 19 35 16 54
13 30657376 0 1 0 1 19 25 48 48 44 96
13 30657669 0 1 0 1 44 51 87 96 95 183
13 30657735 0 1 0 1 51 74 102 93 125 195
13 30658926 0 1 0 1 45 64 97 98 109 195
13 30735693 0 1 0 1 16 16 45 64 32 109
13 30743883 0 1 0 1 12 8 26 28 20 54
13 30743931 0 1 0 1 18 22 39 48 40 87
13 30744171 0 1 0 1 17 17 41 45 34 86
13 30764017 0 1 0 1 67 61 85 114 128 199
13 30921042 0 1 0 1 56 64 95 100 120 195
13 30921596 0 1 0 1 13 17 42 32 30 74
13 30924266 0 1 0 1 3 20 2 43 23 45
13 30939794 0 1 0 1 37 34 68 75 71 143
13 30956872 0 1 0 1 23 24 63 55 47 118
13 31778501 0 1 0 0 2 18 0 75 20 75
13 32101977 0 1 0 1 19 49 63 76 68 139
13 32134856 0 1 0 1 27 29 45 67 56 112
13 32184697 0 1 0 1 18 23 51 70 41 121
13 32224250 0 1 0 0 2 23 0 128 25 128
13 32332592 0 1 0 1 57 51 94 93 108 187
13 32337751 0 1 0 1 42 39 80 92 81 172
13 32355095 0 1 0 1 44 39 77 75 83 152
13 32363384 0 1 0 1 58 48 92 97 106 189
13 32385099 0 1 0 1 9 11 22 33 20 55
13 32385103 0 1 0 1 9 12 21 33 21 54
13 32443343 0 1 0 1 35 51 75 103 86 178
13 32521483 0 1 0 1 9 5 27 20 14 47
13 32527594 0 1 0 1 3 10 19 14 13 33
13 33349177 0 1 0 1 31 25 64 66 56 130
13 33830112 0 1 0 1 6 5 14 17 11 31
13 33831106 0 1 0 1 13 9 35 29 22 64
13 33835466 0 1 0 1 24 18 73 68 42 141
13 35805590 0 1 0 1 13 15 30 42 28 72
13 35828289 0 1 0 1 19 15 48 41 34 89
13 35828338 0 1 0 1 9 9 17 24 18 41
13 35854458 0 1 0 1 15 12 38 26 27 64
13 36112001 0 1 0 1 25 24 74 86 49 160
13 36170663 0 1 0 1 43 52 77 91 95 168
13 36214392 0 1 0 1 13 11 40 36 24 76
13 36227119 0 1 0 1 6 5 18 15 11 33
13 36227278 0 1 0 1 26 35 72 68 61 140
13 36240545 0 1 0 1 49 53 72 101 102 173
13 36243900 0 1 0 1 26 32 63 91 58 154
13 36243943 0 1 0 1 28 32 72 90 60 162
13 36248574 0 1 0 1 13 27 53 61 40 114
13 36248712 0 1 0 1 12 14 37 41 26 78
13 36253759 0 1 0 1 12 12 33 46 24 79
13 36254100 0 1 0 1 12 11 19 31 23 50
13 36255072 0 1 0 1 16 28 59 49 44 108
13 36255121 0 1 0 1 33 34 90 66 67 156
13 36255164 0 1 0 1 38 33 92 74 71 166
13 36297593 0 1 0 1 11 13 34 26 24 60
13 36297771 0 1 0 1 30 31 63 85 61 148
13 36742096 0 1 0 1 13 22 31 39 35 70
13 36865827 0 1 0 1 19 10 30 39 29 69
13 37230216 0 1 0 1 27 25 52 50 52 102
13 37564593 0 1 0 1 20 13 46 58 33 104
13 37578993 0 1 0 1 21 21 50 64 42 114
13 37579214 0 1 0 1 24 22 71 67 46 138
13 37580052 0 1 0 1 20 18 45 39 38 84
13 37580822 0 1 0 1 4 9 20 22 13 42
13 38349946 0 1 0 1 46 42 85 85 88 170
13 38349980 0 1 0 1 47 50 96 88 97 184
13 38350126 0 1 0 1 67 30 102 81 97 183
13 38356756 0 1 0 1 3 10 33 21 13 54
13 38357007 0 1 0 1 6 8 18 19 14 37
13 38688886 0 1 0 1 36 32 82 72 68 154
13 38690553 0 1 0 1 56 60 70 114 116 184
13 38769685 0 1 0 1 32 38 72 93 70 165
13 38859469 0 1 0 1 23 40 77 77 63 154
13 38864246 0 1 0 1 17 15 34 38 32 72
13 38878797 0 1 0 1 34 33 64 75 67 139
13 38968394 0 1 0 1 19 16 59 59 35 118
13 39024479 0 1 0 1 35 40 80 76 75 156
13 39047938 0 1 0 1 6 14 27 37 20 64
13 39659267 0 1 0 1 8 3 16 14 11 30
13 39664025 0 1 0 1 13 8 26 40 21 66
13 39664250 0 1 0 1 5 7 19 23 12 42
13 39682115 0 1 0 1 4 7 15 22 11 37
13 39689842 0 1 0 1 3 7 25 17 10 42
13 39694793 0 1 0 1 11 7 25 48 18 73
13 39727626 0 1 0 1 6 6 18 15 12 33
13 40560752 0 1 0 1 47 41 91 93 88 184
13 40611172 0 1 0 1 19 14 46 39 33 85
13 40808575 0 1 0 1 24 17 64 64 41 128
13 40949740 0 1 0 1 41 38 76 66 79 142
13 41065074 0 1 0 0 2 32 0 125 34 125
13 41217304 0 1 0 1 6 4 22 25 10 47
13 41233814 0 1 0 1 15 10 39 31 25 70
13 41260608 0 1 0 1 55 50 95 91 105 186
13 41318969 0 1 0 1 4 10 37 24 14 61
13 41450132 0 1 0 1 21 25 56 45 46 101
13 41458436 0 1 0 1 27 22 71 70 49 141
13 41692789 0 1 0 1 30 33 57 81 63 138
13 41701336 0 1 0 1 5 9 24 20 14 44
13 41777926 0 1 0 0 2 15 0 64 17 64
13 41886760 0 1 0 0 3 34 0 108 37 108
13 42229082 0 1 0 0 2 15 0 69 17 69
13 42301122 0 1 0 1 44 41 91 93 85 184
13 42301547 0 1 0 1 38 55 94 86 93 180
13 42574429 0 1 0 1 10 9 34 39 19 73
13 42917642 0 1 0 1 1 6 17 34 7 51
13 42934892 0 1 0 1 6 4 18 15 10 33
13 42963151 0 1 0 1 5 7 21 13 12 34
13 43023729 0 1 0 1 37 33 95 64 70 159
13 43023796 0 1 0 1 34 38 75 71 72 146
13 43023841 0 1 0 1 19 28 60 60 47 120
13 43023844 0 1 0 1 18 28 55 60 46 115
13 43023859 0 1 0 1 11 24 51 55 35 106
13 43213895 0 1 0 1 13 5 27 35 18 62
13 43213900 0 1 0 1 7 14 37 28 21 65
13 43223941 0 1 0 1 15 16 48 34 31 82
13 43356201 0 1 0 1 13 20 63 57 33 120
13 43837285 0 1 0 1 47 37 76 93 84 169
13 43883789 0 1 0 1 26 37 64 76 63 140
13 43968742 0 1 0 1 15 16 44 35 31 79
13 43968877 0 1 0 1 20 22 53 63 42 116
13 43968888 0 1 0 1 22 20 58 71 42 129
13 43968970 0 1 0 1 33 38 65 98 71 163
13 43970046 0 1 0 1 9 32 45 67 41 112
13 43970265 0 1 0 1 6 9 13 44 15 57
13 43970375 0 1 0 1 23 15 47 42 38 89
13 43970451 0 1 0 1 11 9 47 37 20 84
13 43970529 0 1 0 1 13 6 34 23 19 57
13 43970998 0 1 0 1 13 20 43 33 33 76
13 43971090 0 1 0 1 18 9 46 36 27 82
13 43971098 0 1 0 1 12 8 41 35 20 76
13 44160560 0 1 0 1 26 17 47 65 43 112
13 44395706 0 1 0 1 23 20 45 50 43 95
13 44397252 0 1 0 1 23 27 67 54 50 121
13 44436480 0 1 0 1 13 12 40 35 25 75
13 44436731 0 1 0 1 15 17 32 40 32 72
13 44516178 0 1 0 1 15 6 22 35 21 57
13 44573060 0 1 0 1 8 6 17 24 14 41
13 44574121 0 1 0 1 50 48 86 105 98 191
13 44575526 0 1 0 1 12 13 41 45 25 86
13 45136613 0 1 0 1 6 4 16 18 10 34
13 45149887 0 1 0 0 2 10 0 55 12 55
13 45149918 0 1 0 1 2 10 34 21 12 55
13 45194624 0 1 0 1 7 5 17 20 12 37
13 45267367 0 1 0 1 14 32 67 61 46 128
13 45338499 0 1 0 1 10 4 34 35 14 69
13 45340822 0 1 0 1 20 20 67 66 40 133
13 45436334 0 1 0 1 7 8 16 10 15 26
13 45436541 0 1 0 1 4 15 34 36 19 70
13 45465272 0 1 0 1 6 9 32 24 15 56
13 45492028 0 1 0 1 17 14 25 39 31 64
13 45503246 0 1 0 1 5 18 26 58 23 84
13 45511564 0 1 0 1 7 3 14 20 10 34
13 45511729 0 1 0 1 26 36 67 78 62 145
13 45519149 0 1 0 1 16 9 49 43 25 92
13 45524859 0 1 0 1 3 7 21 16 10 37
13 45524956 0 1 0 0 3 68 0 128 71 128
13 45524964 0 1 0 0 4 72 0 137 76 137
13 45525108 0 1 0 1 27 23 47 51 50 98
13 45529800 0 1 0 1 29 30 54 68 59 122
13 45534719 0 1 0 1 27 25 72 64 52 136
13 45579951 0 1 0 0 3 64 0 145 67 145
13 46010558 0 1 0 1 6 8 27 32 14 59
13 46044891 0 1 0 1 9 17 32 47 26 79
13 46044936 0 1 0 1 30 32 71 64 62 135
13 46067346 0 1 0 1 41 52 82 101 93 183
13 46082534 0 1 0 1 21 22 57 60 43 117
13 46142912 0 1 0 1 30 30 48 70 60 118
13 46143111 0 1 0 1 4 6 14 18 10 32
13 46144368 0 1 0 1 18 23 47 34 41 81
13 46154789 0 1 0 1 51 54 67 98 105 165
13 46377943 0 1 0 1 18 14 37 67 32 104
13 46553179 0 1 0 1 2 8 15 29 10 44
13 46650379 0 1 0 1 17 16 41 36 33 77
13 46669222 0 1 0 1 6 7 21 24 13 45
13 46711622 0 1 0 1 11 11 28 23 22 51
13 46715823 0 1 0 1 5 7 19 12 12 31
13 46784405 0 1 0 1 17 22 45 66 39 111
13 46834899 0 1 0 1 44 63 96 91 107 187
13 47973332 0 1 0 1 12 9 34 28 21 62
13 48001156 0 1 0 1 46 27 83 67 73 150
13 48081760 0 1 0 0 2 27 0 102 29 102
13 48096945 0 1 0 1 59 56 103 90 115 193
13 48317700 0 1 0 1 6 4 23 26 10 49
13 49265843 0 1 0 1 17 19 53 48 36 101
13 49278241 0 1 0 1 11 6 29 20 17 49
13 49278294 0 1 0 1 30 28 61 50 58 111
13 49344039 0 1 0 1 11 6 24 33 17 57
13 49377006 0 1 0 1 41 23 82 90 64 172
13 49377057 0 1 0 1 28 28 68 87 56 155
13 49377174 0 1 0 1 5 7 15 23 12 38
13 49513006 0 1 0 1 8 7 18 27 15 45
13 49669905 0 1 0 1 32 23 67 55 55 122
13 49701379 0 1 0 1 34 37 68 59 71 127
13 49702543 0 1 0 1 14 16 40 60 30 100
13 49721890 0 1 0 1 24 17 56 44 41 100
13 49721979 0 1 0 1 42 36 89 78 78 167
13 49890877 0 1 0 0 2 17 0 70 19 70
13 49892679 0 1 0 1 14 6 39 16 20 55
13 49892775 0 1 0 1 7 7 17 23 14 40
13 50823304 0 1 0 1 31 35 67 63 66 130
13 50943339 0 1 0 1 5 9 34 25 14 59
13 51020605 0 1 0 1 29 32 71 94 61 165
13 51029632 0 1 0 1 21 49 74 78 70 152
13 51251908 0 1 0 1 26 30 68 81 56 149
13 51368877 0 1 0 1 3 12 4 36 15 40
13 51368884 0 1 0 1 2 13 5 35 15 40
13 51395560 0 1 0 1 11 16 34 46 27 80
13 51430201 0 1 0 1 8 12 37 42 20 79
13 51460694 0 1 0 1 4 8 13 24 12 37
13 51799678 0 1 0 1 16 15 50 31 31 81
13 51817205 0 1 0 1 23 24 70 82 47 152
13 51865994 0 1 0 1 43 48 90 96 91 186
13 51866151 0 1 0 1 5 5 25 21 10 46
13 51937226 0 1 0 1 16 17 48 53 33 101
13 51937470 0 1 0 1 31 33 65 79 64 144
13 51941218 0 1 0 1 11 37 58 78 48 136
13 51946568 0 1 0 1 9 13 24 17 22 41
13 51946583 0 1 0 1 6 8 14 15 14 29
13 51949672 0 1 0 1 16 20 43 72 36 115
13 51950352 0 1 0 1 15 19 35 36 34 71
13 51970669 0 1 0 1 41 46 101 87 87 188
13 51974004 0 1 0 1 28 39 86 75 67 161
13 52024999 0 1 0 1 11 13 36 47 24 83
13 52028783 0 1 0 1 11 17 44 48 28 92
13 52029105 0 1 0 1 38 24 55 92 62 147
13 52083151 0 1 0 1 8 9 26 10 17 36
13 52086170 0 1 0 1 5 6 11 20 11 31
13 52086171 0 1 0 1 5 6 10 21 11 31
13 52099898 0 1 0 0 2 16 0 67 18 67
13 52102139 0 1 0 1 44 39 88 88 83 176
13 52127501 0 1 0 1 51 46 83 81 97 164
13 52133104 0 1 0 1 35 53 81 98 88 179
13 52135908 0 1 0 1 14 14 38 31 28 69
13 52135922 0 1 0 1 11 12 33 25 23 58
13 52143926 0 1 0 0 5 23 0 65 28 65
13 52397758 0 1 0 1 35 35 92 85 70 177
13 52433833 0 1 0 1 10 9 29 21 19 50
13 52434913 0 1 0 1 7 9 36 33 16 69
13 52461356 0 1 0 0 2 35 0 142 37 142
13 52462293 0 1 0 0 2 9 0 45 11 45
13 52462298 0 1 0 0 2 13 0 51 15 51
13 53043174 0 1 0 1 24 18 66 76 42 142
13 53408998 0 1 0 1 8 10 16 27 18 43
13 53409016 0 1 0 1 8 12 18 34 20 52
13 53409021 0 1 0 1 6 10 18 37 16 55
13 53409132 0 1 0 1 16 8 33 33 24 66
13 53409720 0 1 0 1 13 25 38 63 38 101
13 55999396 0 1 0 1 24 22 59 64 46 123
13 55999506 0 1 0 1 8 6 33 27 14 60
13 55999509 0 1 0 1 9 6 33 26 15 59
13 56000229 0 1 0 1 8 3 31 26 11 57
13 56000392 0 1 0 1 3 7 32 24 10 56
13 57666454 0 1 0 0 3 58 0 139 61 139
13 58529367 0 1 0 1 22 16 48 79 38 127
13 58529950 0 1 0 1 7 4 35 45 11 80
13 58530642 0 1 0 1 9 16 16 61 25 77
13 58530722 0 1 0 1 6 15 9 72 21 81
13 59983844 0 1 0 0 2 30 0 126 32 126
13 60015941 0 1 0 0 2 16 0 76 18 76
13 60016173 0 1 0 1 14 19 30 88 33 118
13 60439756 0 1 0 0 2 14 0 84 16 84
13 60510586 0 1 0 0 2 8 0 57 10 57
13 60510592 0 1 0 0 3 8 0 65 11 65
13 60535014 0 1 0 1 12 17 52 35 29 87
13 61412785 0 1 0 1 57 70 62 136 127 198
13 63171699 0 1 0 1 12 14 93 43 26 136
13 63811292 0 1 0 0 2 17 0 94 19 94
13 63832869 0 1 0 1 4 11 16 60 15 76
13 64959185 0 1 0 1 8 8 24 52 16 76
13 65310059 0 1 0 1 17 8 73 42 25 115
13 65441810 0 1 0 1 20 17 52 82 37 134
13 67226803 0 1 0 1 52 57 83 113 109 196
13 67228207 0 1 0 1 36 33 74 106 69 180
13 67902532 0 1 0 1 9 6 22 72 15 94
13 67902675 0 1 0 1 5 13 28 52 18 80
13 67911937 0 1 0 1 5 9 24 9 14 33
13 68984979 0 1 0 1 5 8 22 22 13 44
13 68985111 0 1 0 1 32 47 85 78 79 163
13 68985116 0 1 0 1 32 46 87 78 78 165
13 68985238 0 1 0 1 10 7 37 39 17 76
13 69894892 0 1 0 0 2 9 0 46 11 46
13 69975774 0 1 0 1 16 17 79 29 33 108
13 70107173 0 1 0 1 25 34 41 117 59 158
13 70107741 0 1 0 1 9 7 55 27 16 82
13 70924120 0 1 0 1 21 15 32 88 36 120
13 70924211 0 1 0 1 20 15 45 108 35 153
13 70924519 0 1 0 1 12 17 46 64 29 110
13 71027376 0 1 0 0 2 17 0 65 19 65
13 71464727 0 1 0 0 2 15 0 90 17 90
13 71572921 0 1 0 0 2 47 0 170 49 170
13 72710314 0 1 0 0 2 28 0 107 30 107
13 72783492 0 1 0 0 2 26 0 110 28 110
13 72798113 0 1 0 0 2 34 0 131 36 131
13 73715662 0 1 0 1 7 10 29 47 17 76
13 73764967 0 1 0 1 33 32 114 71 65 185
13 73994869 0 1 0 1 11 16 28 48 27 76
13 74414577 0 1 0 1 8 7 40 32 15 72
13 74414670 0 1 0 0 2 33 0 131 35 131
13 75238036 0 1 0 1 9 10 42 89 19 131
13 75238271 0 1 0 1 12 17 28 83 29 111
13 75239418 0 1 0 1 4 7 17 32 11 49
13 75239739 0 1 0 1 7 7 18 37 14 55
13 75240208 0 1 0 1 10 8 54 22 18 76
13 75240248 0 1 0 1 4 10 20 43 14 63
13 75299651 0 1 0 1 21 18 83 40 39 123
13 75302253 0 1 0 1 25 23 72 41 48 113
13 75306531 0 1 0 1 9 17 19 63 26 82
13 75319879 0 1 0 1 6 8 32 52 14 84
13 75327700 0 1 0 1 31 27 75 42 58 117
13 75341079 0 1 0 1 30 16 40 94 46 134
13 75341080 0 1 0 1 29 17 40 96 46 136
13 75341081 0 1 0 1 30 17 40 98 47 138
13 75341141 0 1 0 1 34 39 127 56 73 183
13 75481684 0 1 0 1 26 24 96 67 50 163
13 75550015 0 1 0 1 57 48 75 112 105 187
13 75636754 0 1 0 1 22 26 107 59 48 166
13 75713163 0 1 0 0 2 30 0 124 32 124
13 75760682 0 1 0 1 22 9 87 36 31 123
13 75835300 0 1 0 1 19 12 27 65 31 92
13 75842965 0 1 0 1 8 13 35 80 21 115
13 75849112 0 1 0 1 14 12 17 74 26 91
13 75871019 0 1 0 1 10 30 31 120 40 151
13 75871053 0 1 0 1 12 24 32 123 36 155
13 75871180 0 1 0 1 15 24 38 89 39 127
13 75883012 0 1 0 1 4 9 20 62 13 82
13 75883047 0 1 0 1 10 14 35 85 24 120
13 76988337 0 1 0 0 2 34 0 147 36 147
13 77007451 0 1 0 0 3 93 0 191 96 191
13 77058335 0 1 0 1 27 32 116 51 59 167
13 77211236 0 1 0 0 2 37 0 135 39 135
13 77599829 0 1 0 0 2 30 0 126 32 126
13 77602642 0 1 0 0 2 38 0 138 40 138
13 77640581 0 1 0 0 2 12 0 57 14 57
13 77642738 0 1 0 1 19 9 82 45 28 127
13 77662181 0 1 0 1 4 7 15 15 11 30
13 77744254 0 1 0 1 19 28 97 57 47 154
13 77744370 0 1 0 0 2 46 0 170 48 170
13 77918721 0 1 0 1 6 5 42 25 11 67
13 78603156 0 1 0 1 7 7 17 15 14 32
13 78850218 0 1 1 1 12 11 66 17 23 83
13 79320601 0 1 0 1 13 15 80 49 28 129
13 79334397 0 1 0 0 2 17 0 69 19 69
13 79344355 0 1 0 0 2 18 0 114 20 114
13 79355191 0 1 0 1 32 52 104 71 84 175
13 79366676 0 1 0 1 20 17 90 41 37 131
13 79371113 0 1 0 0 2 28 0 118 30 118
13 79378985 0 1 0 0 2 16 0 69 18 69
13 79481559 0 1 0 0 2 25 0 94 27 94
13 80991703 0 1 0 1 6 15 24 48 21 72
13 82823953 0 1 0 1 8 27 42 92 35 134
13 85796182 0 1 0 1 31 45 115 68 76 183
13 85796287 0 1 0 1 72 66 136 65 138 201
13 85796436 0 1 0 1 45 52 131 67 97 198
13 87618605 0 1 0 1 19 21 64 37 40 101
13 87673468 0 1 0 1 10 14 34 56 24 90
13 87677855 0 1 0 0 2 30 0 135 32 135
13 87890927 0 1 0 0 2 30 0 113 32 113
13 87894490 0 1 0 0 2 31 0 138 33 138
13 89362989 0 1 0 1 19 21 41 75 40 116
13 89992074 0 1 0 1 21 20 73 57 41 130
13 91693133 0 1 0 1 10 15 31 51 25 82
13 91693325 0 1 0 1 46 36 70 126 82 196
13 91756251 0 1 0 1 6 5 18 33 11 51
13 91884728 0 1 0 1 16 17 33 68 33 101
13 94305998 0 1 0 0 2 30 0 134 32 134
13 94382495 0 1 0 1 27 26 110 46 53 156
13 94591016 0 1 0 1 38 37 52 117 75 169
13 94602128 0 1 0 1 8 9 67 29 17 96
13 94611670 0 1 0 1 3 8 25 33 11 58
13 94612350 0 1 0 1 21 36 87 46 57 133
13 94621193 0 1 0 1 41 26 53 127 67 180
13 94623322 0 1 0 1 35 31 96 39 66 135
13 94627251 0 1 0 1 10 10 57 29 20 86
13 94711792 0 1 0 1 47 34 89 64 81 153
13 94712083 0 1 0 1 26 12 80 55 38 135
13 95021537 0 1 0 1 35 55 50 135 90 185
13 95043583 0 1 0 1 13 13 30 59 26 89
13 95044216 0 1 0 1 18 15 78 30 33 108
13 95053199 0 1 0 1 72 43 59 125 115 184
13 95062688 0 1 0 1 9 7 45 28 16 73
13 95062722 0 1 0 1 13 22 42 75 35 117
13 95062898 0 1 0 0 2 16 0 81 18 81
13 95073291 0 1 0 0 2 41 0 159 43 159
13 95073292 0 1 0 0 2 42 0 156 44 156
13 95163780 0 1 0 0 2 19 0 94 21 94
13 95207931 0 1 0 0 2 45 0 164 47 164
13 95577285 0 1 0 0 2 35 0 153 37 153
13 95606096 0 1 0 1 28 40 115 66 68 181
13 95900780 0 1 0 0 2 50 0 179 52 179
13 95947066 0 1 0 0 2 20 0 107 22 107
13 95970049 0 1 0 0 2 16 0 110 18 110
13 96885610 0 1 0 0 2 29 0 140 31 140
13 96947986 0 1 0 0 2 23 0 118 25 118
13 97334194 0 1 0 1 7 8 24 40 15 64
13 97364957 0 1 0 1 8 14 17 40 22 57
13 97977077 0 1 0 0 2 9 0 55 11 55
13 97993326 0 1 0 1 6 4 10 35 10 45
13 98012224 0 1 0 0 2 38 0 140 40 140
13 98018387 0 1 0 1 3 8 13 47 11 60
13 98365448 0 1 0 1 28 38 119 57 66 176
13 98368105 0 1 0 0 3 47 0 134 50 134
13 98368109 0 1 0 1 25 30 99 41 55 140
13 98368111 0 1 0 0 4 52 0 144 56 144
13 98368272 0 1 0 1 15 18 58 34 33 92
13 98389904 0 1 0 1 37 35 56 120 72 176
13 98409312 0 1 0 0 3 24 0 116 27 116
13 98410859 0 1 0 1 24 22 62 42 46 104
13 98411990 0 1 0 1 54 40 54 121 94 175
13 98437786 0 1 0 1 12 7 39 71 19 110
13 98437914 0 1 0 1 8 10 15 45 18 60
13 98448220 0 1 0 1 15 17 46 70 32 116
13 98448293 0 1 0 1 42 22 111 62 64 173
13 98453141 0 1 0 1 8 8 21 38 16 59
13 98474998 0 1 0 1 23 29 54 109 52 163
13 98475242 0 1 0 1 26 24 46 106 50 152
13 98706147 0 1 0 1 6 7 20 56 13 76
13 98709705 0 1 0 1 33 43 118 66 76 184
13 98711728 0 1 0 0 2 11 0 86 13 86
13 98721969 0 1 0 1 12 11 31 64 23 95
13 98723927 0 1 0 1 13 27 34 71 40 105
13 98796187 0 1 0 1 19 18 67 45 37 112
13 98796354 0 1 0 1 22 29 76 51 51 127
13 98796369 0 1 0 1 20 24 61 45 44 106
13 98805298 0 1 0 1 13 9 49 23 22 72
13 98807637 0 1 0 1 24 14 62 26 38 88
13 98810339 0 1 0 1 7 7 45 25 14 70
13 98829776 0 1 0 1 22 14 86 53 36 139
13 98831602 0 1 0 1 32 47 130 52 79 182
13 98853378 0 1 0 1 21 28 34 77 49 111
13 98880368 0 1 0 1 5 8 17 23 13 40
13 98883777 0 1 0 1 27 21 39 97 48 136
13 98884948 0 1 0 1 14 19 40 73 33 113
13 98884963 0 1 0 1 14 21 41 86 35 127
13 98884981 0 1 0 0 2 37 0 137 39 137
13 98885177 0 1 0 1 12 12 36 21 24 57
13 98886681 0 1 0 1 17 19 33 86 36 119
13 98888246 0 1 0 1 30 13 49 86 43 135
13 98898348 0 1 0 1 10 8 70 28 18 98
13 98914181 0 1 0 1 8 4 14 22 12 36
13 98922270 0 1 0 1 9 10 24 44 19 68
13 98950248 0 1 0 1 10 6 58 30 16 88
13 98955455 0 1 0 0 2 38 0 140 40 140
13 98955544 0 1 0 1 44 38 116 62 82 178
13 98955657 0 1 0 1 12 7 36 28 19 64
13 99015707 0 1 0 1 8 14 51 34 22 85
13 99086300 0 1 0 1 11 7 33 56 18 89
13 99200971 0 1 0 1 16 22 92 53 38 145
13 99295007 0 1 0 1 11 11 26 56 22 82
13 99314037 0 1 0 1 20 17 19 65 37 84
13 99351854 0 1 0 1 29 25 64 117 54 181
13 99356059 0 1 0 1 30 15 80 40 45 120
13 99367958 0 1 0 1 16 16 31 69 32 100
13 99529497 0 1 0 0 2 28 0 118 30 118
13 99546970 0 1 0 1 29 24 53 118 53 171
13 99606632 0 1 0 1 2 13 10 40 15 50
13 99982271 0 1 0 0 2 32 0 117 34 117
13 99984848 0 1 0 1 6 7 15 22 13 37
13 99985939 0 1 0 1 16 14 37 60 30 97
13 99985997 0 1 0 1 41 46 49 123 87 172
13 100157391 0 1 0 1 5 12 28 66 17 94
13 100235868 0 1 0 1 40 49 61 130 89 191
13 100235980 0 1 0 1 12 13 23 63 25 86
13 100301582 0 1 0 0 2 29 0 131 31 131
13 100368441 0 1 0 1 9 4 29 30 13 59
13 100491777 0 1 0 1 9 4 62 31 13 93
13 100634720 0 1 0 1 9 8 45 17 17 62
13 100635086 0 1 0 1 34 27 41 101 61 142
13 100636738 0 1 0 1 23 34 47 97 57 144
13 100637744 0 1 0 1 27 25 51 92 52 143
13 100664124 0 1 0 1 9 6 38 64 15 102
13 100668813 0 1 0 1 9 17 24 79 26 103
13 100670368 0 1 0 1 25 15 48 81 40 129
13 100757058 0 1 0 1 5 7 9 28 12 37
13 101055469 0 1 0 0 2 20 0 109 22 109
13 101068677 0 1 0 1 7 14 48 28 21 76
13 101095541 0 1 0 1 3 8 40 18 11 58
13 101095633 0 1 0 1 15 11 34 87 26 121
13 101104660 0 1 0 1 41 40 104 56 81 160
13 101111296 0 1 0 1 5 11 19 74 16 93
13 101181099 0 1 0 1 20 14 97 47 34 144
13 101373053 0 1 0 0 2 19 0 90 21 90
13 101567842 0 1 0 1 19 19 77 41 38 118
13 101714392 0 1 1 1 22 13 62 20 35 82
13 102017942 0 1 0 0 2 10 0 74 12 74
13 102614095 0 1 0 0 3 47 0 151 50 151
13 102614097 0 1 0 0 5 41 0 150 46 150
13 102614100 0 1 0 0 4 44 0 150 48 150
13 102623145 0 1 0 1 8 6 42 16 14 58
13 102643371 0 1 0 1 23 30 39 91 53 130
13 102668413 0 1 0 1 8 6 17 34 14 51
13 102669892 0 1 0 1 4 18 13 61 22 74
13 102669893 0 1 0 1 4 18 13 64 22 77
13 102669899 0 1 0 1 5 17 15 63 22 78
13 102669902 0 1 0 1 6 18 18 64 24 82
13 102669936 0 1 0 1 9 20 27 83 29 110
13 102669959 0 1 0 1 8 19 52 51 27 103
13 102669973 0 1 0 1 9 15 27 66 24 93
13 102669982 0 1 0 1 4 13 11 59 17 70
13 102669990 0 1 0 1 3 13 10 58 16 68
13 102669999 0 1 0 1 2 14 7 57 16 64
13 102694456 0 1 0 1 16 12 37 73 28 110
13 102736945 0 1 0 0 3 107 0 200 110 200
13 102739284 0 1 0 1 24 40 50 124 64 174
13 102741653 0 1 0 1 51 38 58 136 89 194
13 102742263 0 1 0 1 42 31 72 110 73 182
13 102742366 0 1 0 1 43 31 59 126 74 185
13 102743512 0 1 0 0 2 37 0 138 39 138
13 102743785 0 1 0 1 19 24 40 112 43 152
13 102744366 0 1 0 1 22 33 60 97 55 157
13 102745233 0 1 0 1 43 57 37 161 100 198
13 102745587 0 1 0 1 56 58 136 64 114 200
13 102747733 0 1 0 1 79 63 66 136 142 202
13 102748379 0 1 0 1 49 36 57 131 85 188
13 102750172 0 1 0 1 50 58 66 126 108 192
13 102766378 0 1 0 1 13 8 48 21 21 69
13 102768330 0 1 0 1 9 4 38 34 13 72
13 102796852 0 1 0 1 10 15 76 38 25 114
13 102831757 0 1 0 1 6 7 17 27 13 44
13 102852167 0 1 0 1 45 53 62 132 98 194
13 102858951 0 1 0 1 34 23 55 127 57 182
13 102859078 0 1 0 1 13 10 67 39 23 106
13 102865775 0 1 0 0 2 24 0 120 26 120
13 102872412 0 1 0 1 18 16 33 84 34 117
13 102875652 0 1 0 1 34 43 124 64 77 188
13 103046280 0 1 0 1 18 20 54 41 38 95
13 103052694 0 1 0 1 40 61 105 86 101 191
13 103052700 0 1 0 1 40 61 104 87 101 191
13 106864222 0 1 0 1 8 7 42 29 15 71
13 108209565 0 1 0 1 45 53 139 62 98 201
13 108303445 0 1 0 0 3 55 0 171 58 171
13 108629724 0 1 0 1 21 14 65 39 35 104
13 108629954 0 1 0 1 14 8 25 50 22 75
13 108659317 0 1 0 1 2 8 8 25 10 33
13 108659427 0 1 0 1 42 46 51 134 88 185
13 108665864 0 1 0 1 14 19 43 71 33 114
13 108806672 0 1 0 1 18 31 41 104 49 145
13 108844580 0 1 0 1 10 12 49 19 22 68
13 108855429 0 1 0 1 19 20 92 45 39 137
13 108898213 0 1 0 1 16 29 83 32 45 115
13 109009011 0 1 0 1 36 43 107 59 79 166
13 109127558 0 1 0 1 18 21 39 69 39 108
13 109141076 0 1 0 1 12 13 56 30 25 86
13 109781963 0 1 0 1 5 8 20 46 13 66
13 109782955 0 1 0 1 9 8 14 42 17 56
13 109783567 0 1 0 1 21 27 98 61 48 159
13 109783606 0 1 0 1 28 23 73 109 51 182
13 109783885 0 1 0 1 31 24 48 87 55 135
13 110152568 0 1 0 0 2 11 0 44 13 44
13 110155127 0 1 0 1 18 19 68 38 37 106
13 110155149 0 1 0 1 21 25 84 45 46 129
13 110161362 0 1 0 1 36 30 120 64 66 184
13 110164824 0 1 0 1 4 10 15 51 14 66
13 110175227 0 1 0 1 16 20 36 73 36 109
13 110175233 0 1 0 1 19 23 38 80 42 118
13 110176544 0 1 0 1 42 44 54 130 86 184
13 110176575 0 1 0 1 38 48 48 141 86 189
13 110179104 0 1 0 1 4 12 16 27 16 43
13 110181217 0 1 0 1 8 10 27 55 18 82
13 110181355 0 1 0 1 18 14 27 72 32 99
13 110187081 0 1 0 1 24 18 39 80 42 119
13 110192374 0 1 0 1 9 10 63 40 19 103
13 110198502 0 1 0 0 2 17 0 105 19 105
13 110198667 0 1 0 1 37 27 110 62 64 172
13 110209438 0 1 0 1 7 23 89 64 30 153
13 110211878 0 1 0 1 15 14 96 37 29 133
13 110212049 0 1 1 1 8 14 67 22 22 89
13 110242745 0 1 0 1 32 31 64 110 63 174
13 110242803 0 1 0 1 20 28 45 113 48 158
13 110437988 0 1 0 0 2 26 0 106 28 106
13 110462320 0 1 0 0 2 39 0 147 41 147
13 110462983 0 1 0 0 4 67 0 174 71 174
13 110462985 0 1 0 0 3 70 0 175 73 175
13 110462986 0 1 0 0 3 72 0 175 75 175
13 110480473 0 1 0 1 9 10 26 53 19 79
13 110484893 0 1 0 1 16 18 50 97 34 147
13 110485559 0 1 0 1 6 5 22 10 11 32
13 110491408 0 1 0 1 12 11 77 33 23 110
13 110493109 0 1 0 1 2 23 4 93 25 97
13 110493329 0 1 0 1 15 17 92 39 32 131
13 110501812 0 1 0 1 17 14 43 83 31 126
13 110501813 0 1 0 1 13 17 81 43 30 124
13 110503364 0 1 0 1 54 40 112 68 94 180
13 110503432 0 1 0 1 26 21 70 45 47 115
13 110503700 0 1 0 1 4 7 46 16 11 62
13 110503806 0 1 0 1 13 31 104 68 44 172
13 110504030 0 1 0 0 2 21 0 104 23 104
13 110524046 0 1 0 1 30 31 56 130 61 186
13 110662902 0 1 0 1 17 9 60 31 26 91
13 110662952 0 1 0 1 13 30 53 98 43 151
13 110667537 0 1 0 1 8 16 24 55 24 79
13 110687754 0 1 0 1 13 15 63 33 28 96
13 110706141 0 1 0 1 7 5 34 55 12 89
13 110712757 0 1 0 1 31 32 59 130 63 189
13 110715969 0 1 0 1 10 13 36 84 23 120
13 110914769 0 1 0 0 2 39 0 165 41 165
13 110938380 0 1 0 1 8 3 26 25 11 51
13 111153898 0 1 0 1 57 45 58 131 102 189
13 111241363 0 1 0 1 11 10 55 39 21 94
13 111283240 0 1 0 0 2 21 0 113 23 113
13 111288513 0 1 0 1 36 20 48 99 56 147
13 111316333 0 1 0 1 6 9 44 25 15 69
13 111645056 0 1 0 1 34 13 37 72 47 109
13 111645337 0 1 0 1 5 9 27 15 14 42
13 112378696 0 1 0 1 21 10 50 105 31 155
13 112393014 0 1 0 0 3 71 0 156 74 156
13 112679370 0 1 0 1 16 13 36 70 29 106
13 112785246 0 1 0 1 34 25 68 109 59 177
13 112810795 0 1 0 1 9 12 63 25 21 88
13 112824340 0 1 0 1 33 28 44 115 61 159
13 112825499 0 1 0 1 22 29 47 95 51 142
13 112842252 0 1 0 1 19 22 91 41 41 132
13 112880593 0 1 0 1 19 39 102 64 58 166
13 112880670 0 1 0 1 47 66 130 59 113 189
13 112881818 0 1 0 1 36 40 51 130 76 181
13 112909359 0 1 0 0 2 23 0 97 25 97
13 112979777 0 1 0 1 19 24 113 42 43 155
13 112985357 0 1 0 1 21 16 67 26 37 93
13 112985548 0 1 0 1 14 12 32 71 26 103
13 113026929 0 1 0 1 28 19 50 100 47 150
13 113027086 0 1 0 1 15 29 76 50 44 126
13 113060604 0 1 0 0 2 30 0 117 32 117
13 113063765 0 1 0 1 2 51 4 106 53 110
13 113074264 0 1 0 1 10 4 43 21 14 64
13 113075221 0 1 1 1 7 6 44 12 13 56
13 113075225 0 1 1 1 7 6 44 12 13 56
13 113076901 0 1 0 1 8 6 32 17 14 49
13 113081294 0 1 1 1 18 16 86 27 34 113
13 113082559 0 1 0 1 15 21 92 41 36 133
13 113084912 0 1 0 1 41 30 98 62 71 160
13 113085043 0 1 0 1 34 34 128 63 68 191
13 113087537 0 1 0 1 13 12 34 60 25 94
13 113089825 0 1 0 1 17 52 59 124 69 183
13 113090127 0 1 0 1 31 20 111 49 51 160
13 113091088 0 1 1 1 19 21 101 27 40 128
13 113095161 0 1 0 1 15 23 38 77 38 115
13 113115635 0 1 0 0 2 37 0 139 39 139
13 113147423 0 1 0 1 9 14 44 73 23 117
13 113149583 0 1 0 0 2 13 0 82 15 82
13 113160005 0 1 0 0 2 10 0 59 12 59
13 113160886 0 1 0 1 4 10 29 22 14 51
13 113164394 0 1 0 1 12 7 32 50 19 82
13 113165199 0 1 0 1 8 10 47 30 18 77
13 113178907 0 1 0 1 18 27 75 33 45 108
13 113185433 0 1 0 1 22 36 53 124 58 177
13 113200401 0 1 0 1 41 55 55 129 96 184
13 113235041 0 1 0 1 23 22 76 37 45 113
13 113235160 0 1 0 1 37 68 59 137 105 196
13 113235185 0 1 0 1 67 35 136 57 102 193
13 113236761 0 1 0 1 22 21 54 90 43 144
13 113239311 0 1 0 1 11 14 58 28 25 86
13 113239415 0 1 0 1 44 47 129 51 91 180
13 113243006 0 1 0 1 31 45 115 70 76 185
13 113244375 0 1 0 0 2 21 0 86 23 86
13 113253077 0 1 0 1 33 21 89 60 54 149
13 113255025 0 1 0 1 36 50 133 56 86 189
13 113363751 0 1 0 1 3 9 3 62 12 65
13 113457903 0 1 0 0 2 32 0 119 34 119
13 113495576 0 1 0 1 11 9 50 33 20 83
13 113496043 0 1 0 1 5 5 25 9 10 34
13 113498440 0 1 0 1 49 54 123 75 103 198
13 113498604 0 1 0 1 8 10 59 21 18 80
13 113498613 0 1 0 1 7 8 52 20 15 72
13 113499893 0 1 0 1 10 5 40 19 15 59
13 113500104 0 1 0 1 56 55 117 70 111 187
13 113501650 0 1 0 1 12 10 57 38 22 95
13 113501667 0 1 0 1 10 11 67 42 21 109
13 113501778 0 1 0 1 34 27 123 62 61 185
13 113503637 0 1 0 1 21 22 80 47 43 127
13 113510086 0 1 0 1 9 4 34 20 13 54
13 113510095 0 1 0 1 9 4 39 24 13 63
13 113510116 0 1 0 1 13 7 47 34 20 81
13 113510211 0 1 0 1 30 36 112 64 66 176
13 113520689 0 1 0 1 31 20 124 51 51 175
13 113520717 0 1 0 1 34 19 123 52 53 175
13 113533976 0 1 0 1 21 22 81 39 43 120
13 113539563 0 1 0 1 25 36 77 52 61 129
13 113547427 0 1 0 1 13 13 80 35 26 115
13 113548260 0 1 0 1 19 25 82 65 44 147
13 113548277 0 1 0 1 18 24 89 66 42 155
13 113640269 0 1 0 1 8 6 22 40 14 62
13 113649449 0 1 0 1 5 13 65 30 18 95
13 113653465 0 1 0 0 2 21 0 116 23 116
13 113658194 0 1 0 0 2 29 0 129 31 129
13 113658212 0 1 0 0 2 26 0 116 28 116
13 113668079 0 1 0 1 7 15 38 49 22 87
13 113768116 0 1 0 1 6 8 33 58 14 91
13 113823644 0 1 0 1 19 20 45 73 39 118
13 113828751 0 1 0 1 22 28 41 108 50 149
13 113846799 0 1 0 1 5 5 13 37 10 50
13 113847856 0 1 0 1 6 4 15 27 10 42
13 113920907 0 1 0 1 76 83 132 70 159 202
13 113981629 0 1 0 1 6 6 21 36 12 57
13 113992636 0 1 0 1 16 16 72 54 32 126
13 114007473 0 1 0 1 3 7 24 32 10 56
13 114007478 0 1 0 1 6 6 30 28 12 58
13 114007650 0 1 0 1 19 13 73 26 32 99
13 114009337 0 1 0 1 8 10 56 25 18 81
13 114011186 0 1 0 0 2 46 0 169 48 169
13 114013117 0 1 0 1 8 16 54 26 24 80
13 114015172 0 1 0 1 33 34 89 73 67 162
13 114015288 0 1 0 1 34 36 109 65 70 174
13 114021555 0 1 0 1 10 12 48 25 22 73
13 114027366 0 1 0 1 41 41 111 61 82 172
13 114259328 0 1 0 0 2 11 0 60 13 60
