chr pos bloodGT1 bloodGT2 tumorGT1 tumorGT2 AN BN AT BT sN sT
16 31779 0 1 0 1 16 39 38 93 55 131
16 35667 0 1 0 1 16 12 25 39 28 64
16 53416 0 1 0 1 12 17 43 42 29 85
16 55325 0 1 0 1 4 7 8 22 11 30
16 55444 0 1 0 1 16 15 66 71 31 137
16 57162 0 1 0 1 14 28 50 63 42 113
16 60927 0 1 0 1 7 7 41 31 14 72
16 63926 0 1 0 1 20 28 64 90 48 154
16 63972 0 1 0 1 26 18 70 72 44 142
16 64537 0 1 0 1 8 12 31 25 20 56
16 65043 0 1 0 1 37 51 73 101 88 174
16 65074 0 1 0 1 38 45 66 106 83 172
16 83424 0 1 0 0 2 10 0 62 12 62
16 86889 0 1 0 1 15 14 30 34 29 64
16 119102 0 1 0 0 2 9 0 59 11 59
16 138122 0 1 0 1 15 23 62 87 38 149
16 190281 0 1 0 1 5 4 22 26 9 48
16 199023 0 1 0 1 7 5 28 29 12 57
16 260406 0 1 0 0 2 17 0 86 19 86
16 261293 0 1 0 1 10 17 32 46 27 78
16 270993 0 1 0 1 24 28 62 62 52 124
16 274910 0 1 0 0 3 30 0 94 33 94
16 281968 0 1 0 0 2 19 0 80 21 80
16 284580 0 1 0 1 43 53 95 91 96 186
16 284732 0 1 0 1 48 41 78 95 89 173
16 284899 0 1 0 1 33 57 105 81 90 186
16 286660 0 1 0 1 48 63 93 106 111 199
16 286916 0 1 0 1 15 13 63 52 28 115
16 289672 0 1 0 1 21 19 56 43 40 99
16 291079 0 1 0 1 6 7 36 26 13 62
16 297063 0 1 0 1 62 63 82 87 125 169
16 304493 0 1 0 1 25 24 54 83 49 137
16 347044 0 1 0 1 36 20 66 62 56 128
16 367281 0 1 0 1 18 18 48 47 36 95
16 367289 0 1 0 1 20 18 53 52 38 105
16 368429 0 1 0 1 28 34 65 85 62 150
16 368462 0 1 0 1 31 38 68 82 69 150
16 369154 0 1 0 1 19 24 74 52 43 126
16 370140 0 1 0 1 16 21 41 60 37 101
16 370179 0 1 0 1 9 10 28 32 19 60
16 374403 0 1 0 1 6 6 11 20 12 31
16 375277 0 1 0 1 12 16 49 68 28 117
16 377385 0 1 0 0 2 8 0 34 10 34
16 399162 0 1 0 1 5 11 38 30 16 68
16 399178 0 1 0 1 5 11 38 32 16 70
16 399345 0 1 0 1 39 42 76 96 81 172
16 399554 0 1 0 1 38 36 82 84 74 166
16 399574 0 1 0 1 41 41 89 85 82 174
16 399659 0 1 0 1 55 28 96 77 83 173
16 399980 0 1 0 1 5 6 31 26 11 57
16 400165 0 1 0 1 33 58 79 90 91 169
16 400309 0 1 0 1 11 11 24 36 22 60
16 405497 0 1 0 1 11 15 38 48 26 86
16 406416 0 1 0 1 22 25 46 57 47 103
16 406429 0 1 0 1 26 21 55 42 47 97
16 410673 0 1 0 1 7 6 17 16 13 33
16 426796 0 1 0 1 6 9 29 34 15 63
16 482279 0 1 0 1 6 5 25 21 11 46
16 489093 0 1 0 1 8 7 33 29 15 62
16 497207 0 1 0 1 25 13 50 41 38 91
16 497458 0 1 0 1 9 11 23 25 20 48
16 502946 0 1 0 1 37 27 78 73 64 151
16 505505 0 1 0 1 27 38 97 80 65 177
16 520216 0 1 0 0 2 19 0 94 21 94
16 520454 0 1 0 1 13 9 41 39 22 80
16 520557 0 1 0 1 34 46 87 81 80 168
16 520623 0 1 0 1 39 55 93 97 94 190
16 543277 0 1 0 1 17 13 63 45 30 108
16 551191 0 1 0 1 7 6 20 13 13 33
16 552313 0 1 0 1 35 29 83 56 64 139
16 552595 0 1 0 1 12 28 59 56 40 115
16 554554 0 1 0 1 9 12 29 41 21 70
16 564763 0 1 0 1 4 7 16 37 11 53
16 564821 0 1 0 1 7 14 31 45 21 76
16 574424 0 1 0 1 28 32 64 85 60 149
16 580902 0 1 0 1 36 39 86 87 75 173
16 582283 0 1 0 1 22 28 86 57 50 143
16 583706 0 1 0 1 28 44 77 85 72 162
16 583764 0 1 0 1 26 18 57 76 44 133
16 596246 0 1 0 1 31 32 79 69 63 148
16 596421 0 1 0 1 9 11 46 24 20 70
16 625215 0 1 0 1 8 4 18 19 12 37
16 627629 0 1 0 1 21 30 58 56 51 114
16 629540 0 1 0 0 2 27 0 117 29 117
16 629953 0 1 0 1 19 11 60 44 30 104
16 631284 0 1 0 1 8 5 33 30 13 63
16 631367 0 1 0 0 2 35 0 136 37 136
16 632566 0 1 0 1 15 17 63 70 32 133
16 635076 0 1 0 0 2 16 0 67 18 67
16 635813 0 1 0 1 10 18 47 61 28 108
16 649456 0 1 0 1 13 5 21 21 18 42
16 649791 0 1 0 0 2 32 0 132 34 132
16 650970 0 1 0 1 23 28 74 72 51 146
16 651296 0 1 0 1 7 10 22 23 17 45
16 651303 0 1 0 1 5 9 19 21 14 40
16 651656 0 1 0 1 18 28 60 49 46 109
16 652677 0 1 0 1 17 7 39 31 24 70
16 653721 0 1 0 1 42 50 93 79 92 172
16 655360 0 1 0 1 32 32 80 85 64 165
16 655642 0 1 0 0 3 104 0 186 107 186
16 655844 0 1 0 1 21 19 67 71 40 138
16 655920 0 1 0 1 11 12 42 47 23 89
16 656534 0 1 0 1 21 13 53 56 34 109
16 656668 0 1 0 1 13 22 61 62 35 123
16 657034 0 1 0 1 15 13 32 57 28 89
16 657748 0 1 0 1 9 4 32 22 13 54
16 658071 0 1 0 1 13 8 25 29 21 54
16 658275 0 1 0 1 29 38 84 75 67 159
16 658419 0 1 0 1 20 17 51 47 37 98
16 659001 0 1 0 1 21 22 63 68 43 131
16 659157 0 1 0 1 25 35 90 72 60 162
16 660080 0 1 0 0 2 29 0 113 31 113
16 661326 0 1 0 1 2 9 27 23 11 50
16 661572 0 1 0 1 31 41 65 89 72 154
16 661582 0 1 0 1 32 39 69 86 71 155
16 661712 0 1 0 1 42 34 87 87 76 174
16 661905 0 1 0 1 35 44 76 93 79 169
16 662154 0 1 0 1 14 22 60 45 36 105
16 662867 0 1 0 1 31 20 72 67 51 139
16 665847 0 1 0 1 4 5 18 20 9 38
16 665990 0 1 0 1 8 23 47 35 31 82
16 666428 0 1 0 1 35 47 86 93 82 179
16 666512 0 1 0 1 49 47 96 94 96 190
16 666798 0 1 0 1 24 22 82 72 46 154
16 666943 0 1 0 0 3 55 0 161 58 161
16 667057 0 1 0 1 13 18 36 36 31 72
16 667085 0 1 0 1 8 11 22 23 19 45
16 667523 0 1 0 1 24 29 64 78 53 142
16 667828 0 1 0 1 20 17 37 52 37 89
16 668514 0 1 0 1 20 35 65 63 55 128
16 670839 0 1 0 1 36 27 74 90 63 164
16 670986 0 1 0 1 42 31 76 84 73 160
16 672331 0 1 0 1 32 28 71 81 60 152
16 672548 0 1 0 1 34 34 78 87 68 165
16 685794 0 1 0 1 39 49 89 96 88 185
16 685921 0 1 0 1 39 48 76 96 87 172
16 687793 0 1 0 1 45 40 84 85 85 169
16 690404 0 1 0 1 27 48 84 71 75 155
16 690466 0 1 0 1 30 42 81 88 72 169
16 696884 0 1 0 1 62 70 97 101 132 198
16 696914 0 1 0 1 62 60 96 104 122 200
16 697454 0 1 0 1 7 11 29 25 18 54
16 716078 0 1 0 1 11 14 30 44 25 74
16 716485 0 1 0 1 14 12 44 22 26 66
16 717430 0 1 0 1 6 6 24 28 12 52
16 721286 0 1 0 1 13 16 39 46 29 85
16 721750 0 1 0 1 14 25 72 49 39 121
16 722061 0 1 0 1 19 26 66 61 45 127
16 722141 0 1 0 1 25 35 79 73 60 152
16 722842 0 1 0 1 28 34 90 75 62 165
16 723292 0 1 0 1 2 29 3 94 31 97
16 723341 0 1 0 1 30 23 70 93 53 163
16 724520 0 1 0 1 10 11 50 50 21 100
16 724692 0 1 0 1 33 43 74 74 76 148
16 728024 0 1 0 1 12 14 40 45 26 85
16 728820 0 1 0 1 33 23 80 75 56 155
16 729504 0 1 0 0 2 32 0 122 34 122
16 730339 0 1 0 1 7 12 44 30 19 74
16 731633 0 1 0 1 33 49 67 90 82 157
16 734765 0 1 0 1 46 46 95 74 92 169
16 734920 0 1 0 1 9 13 36 39 22 75
16 739618 0 1 0 1 26 25 55 63 51 118
16 739761 0 1 0 1 16 20 52 58 36 110
16 763650 0 1 0 1 14 26 52 57 40 109
16 765370 0 1 0 1 16 11 41 38 27 79
16 765379 0 1 0 1 13 10 37 31 23 68
16 766294 0 1 0 1 38 41 87 93 79 180
16 767339 0 1 0 1 15 18 48 49 33 97
16 767481 0 1 0 1 32 13 43 67 45 110
16 768559 0 1 0 1 18 19 51 45 37 96
16 768802 0 1 0 1 49 46 109 80 95 189
16 770143 0 1 0 1 20 19 70 55 39 125
16 770328 0 1 0 1 8 8 34 34 16 68
16 770603 0 1 0 1 16 22 45 48 38 93
16 770622 0 1 0 1 14 10 38 38 24 76
16 770888 0 1 0 1 16 27 50 64 43 114
16 770944 0 1 0 1 12 27 36 76 39 112
16 774098 0 1 0 1 10 9 30 15 19 45
16 775124 0 1 0 1 7 7 24 36 14 60
16 780845 0 1 0 0 3 60 0 152 63 152
16 780953 0 1 0 1 24 32 74 80 56 154
16 783291 0 1 0 1 30 35 66 90 65 156
16 786992 0 1 0 1 40 20 93 75 60 168
16 789084 0 1 0 1 7 6 36 25 13 61
16 789838 0 1 0 1 5 9 22 24 14 46
16 789996 0 1 0 1 38 54 72 114 92 186
16 790014 0 1 0 1 43 54 74 117 97 191
16 790378 0 1 0 1 28 52 78 94 80 172
16 790409 0 1 0 1 34 61 88 96 95 184
16 791966 0 1 0 1 37 43 92 86 80 178
16 792450 0 1 0 1 26 35 71 92 61 163
16 792686 0 1 0 1 22 28 66 77 50 143
16 792706 0 1 0 1 18 25 62 77 43 139
16 792826 0 1 0 1 10 7 23 23 17 46
16 796652 0 1 0 1 15 8 29 22 23 51
16 797743 0 1 0 1 5 9 23 24 14 47
16 799166 0 1 0 1 7 5 22 27 12 49
16 805342 0 1 0 1 10 15 34 35 25 69
16 805717 0 1 0 1 36 24 83 79 60 162
16 807673 0 1 0 1 13 14 44 44 27 88
16 807697 0 1 0 1 14 9 34 41 23 75
16 813336 0 1 0 1 26 20 58 70 46 128
16 934444 0 1 0 1 5 14 28 25 19 53
16 947352 0 1 0 1 15 20 48 46 35 94
16 947473 0 1 0 1 26 35 88 85 61 173
16 947496 0 1 0 1 26 35 86 76 61 162
16 947520 0 1 0 1 18 37 74 78 55 152
16 954554 0 1 0 1 30 35 82 79 65 161
16 954694 0 1 0 1 10 25 54 57 35 111
16 954743 0 1 0 1 6 10 32 35 16 67
16 954757 0 1 0 1 3 8 23 28 11 51
16 964070 0 1 0 1 16 12 37 42 28 79
16 964119 0 1 0 1 13 11 27 34 24 61
16 970874 0 1 0 1 38 31 74 78 69 152
16 982301 0 1 0 0 2 23 0 99 25 99
16 984954 0 1 0 1 22 20 55 46 42 101
16 1065377 0 1 0 1 9 9 22 41 18 63
16 1065904 0 1 0 1 30 37 95 83 67 178
16 1066169 0 1 0 1 12 19 54 61 31 115
16 1194887 0 1 0 1 20 14 41 63 34 104
16 1200389 0 1 0 1 36 45 81 93 81 174
16 1200559 0 1 0 1 43 32 69 80 75 149
16 1201803 0 1 0 1 30 26 81 70 56 151
16 1202114 0 1 0 1 13 17 57 44 30 101
16 1202118 0 1 0 1 15 18 55 46 33 101
16 1202259 0 1 0 1 11 21 50 68 32 118
16 1202369 0 1 0 1 38 23 91 62 61 153
16 1205277 0 1 0 1 32 38 70 94 70 164
16 1206085 0 1 0 1 10 12 42 32 22 74
16 1215600 0 1 0 1 23 18 49 81 41 130
16 1222684 0 1 0 1 6 11 28 23 17 51
16 1223490 0 1 0 1 12 7 28 39 19 67
16 1225124 0 1 0 0 2 13 0 72 15 72
16 1229622 0 1 0 1 8 8 26 40 16 66
16 1229703 0 1 0 1 10 6 24 23 16 47
16 1229709 0 1 0 1 9 6 19 23 15 42
16 1229713 0 1 0 1 7 6 15 23 13 38
16 1229716 0 1 0 1 7 6 13 23 13 36
16 1241268 0 1 0 1 3 27 2 84 30 86
16 1241307 0 1 0 1 7 20 21 66 27 87
16 1241317 0 1 0 1 8 19 23 59 27 82
16 1241336 0 1 0 1 8 17 24 58 25 82
16 1241354 0 1 0 1 7 13 19 43 20 62
16 1242253 0 1 0 1 11 64 39 128 75 167
16 1242256 0 1 0 1 12 62 39 126 74 165
16 1256345 0 1 0 1 2 10 3 51 12 54
16 1256346 0 1 0 1 2 9 3 50 11 53
16 1256641 0 1 0 1 9 9 53 38 18 91
16 1256670 0 1 0 1 8 7 37 53 15 90
16 1256680 0 1 0 1 7 8 31 47 15 78
16 1256872 0 1 0 1 3 22 23 48 25 71
16 1256917 0 1 0 1 21 16 57 48 37 105
16 1256920 0 1 0 1 22 15 55 49 37 104
16 1256926 0 1 0 1 23 15 61 49 38 110
16 1256970 0 1 0 1 24 11 55 56 35 111
16 1256972 0 1 0 1 22 12 54 56 34 110
16 1256985 0 1 0 1 23 15 50 64 38 114
16 1257049 0 1 0 1 5 40 8 128 45 136
16 1261332 0 1 0 1 45 28 66 95 73 161
16 1262545 0 1 0 1 40 48 81 107 88 188
16 1262825 0 1 0 1 23 27 59 60 50 119
16 1262975 0 1 0 1 33 31 77 96 64 173
16 1273538 0 1 0 1 8 9 25 27 17 52
16 1273780 0 1 0 1 15 19 44 51 34 95
16 1276380 0 1 0 1 9 7 35 39 16 74
16 1308562 0 1 0 1 12 6 17 23 18 40
16 1314139 0 1 0 1 36 47 75 83 83 158
16 1314280 0 1 0 1 37 20 73 72 57 145
16 1314364 0 1 0 1 18 8 36 58 26 94
16 1320302 0 1 0 1 9 13 38 37 22 75
16 1320308 0 1 0 1 9 12 39 36 21 75
16 1320596 0 1 0 1 15 23 45 40 38 85
16 1320613 0 1 0 1 14 18 33 32 32 65
16 1320629 0 1 0 1 10 15 24 24 25 48
16 1324655 0 1 0 1 7 5 31 24 12 55
16 1338887 0 1 0 1 25 39 83 69 64 152
16 1339152 0 1 0 1 12 14 29 38 26 67
16 1343019 0 1 0 1 7 9 21 51 16 72
16 1344429 0 1 0 1 15 16 56 57 31 113
16 1347279 0 1 0 0 2 14 0 74 16 74
16 1347814 0 1 0 1 52 49 78 98 101 176
16 1348343 0 1 0 0 2 34 0 129 36 129
16 1348473 0 1 0 0 2 12 0 55 14 55
16 1350692 0 1 0 1 5 8 30 22 13 52
16 1367790 0 1 0 1 15 18 63 55 33 118
16 1414061 0 1 0 0 2 19 0 76 21 76
16 1429249 0 1 0 1 28 24 68 45 52 113
16 1436597 0 1 0 1 42 31 59 70 73 129
16 1454632 0 1 0 1 4 6 19 16 10 35
16 1457841 0 1 0 1 31 27 49 85 58 134
16 1457842 0 1 0 1 30 28 49 83 58 132
16 1460566 0 1 0 1 24 33 79 70 57 149
16 1474260 0 1 0 1 7 32 41 57 39 98
16 1474849 0 1 0 1 7 9 29 29 16 58
16 1486371 0 1 0 1 48 48 95 82 96 177
16 1486534 0 1 0 1 41 33 73 84 74 157
16 1486676 0 1 0 1 4 11 22 21 15 43
16 1487450 0 1 0 1 13 16 46 48 29 94
16 1487454 0 1 0 1 13 16 46 44 29 90
16 1487838 0 1 0 1 50 43 68 104 93 172
16 1488362 0 1 0 1 15 22 50 70 37 120
16 1488432 0 1 0 1 23 30 79 80 53 159
16 1488463 0 1 0 1 18 27 69 79 45 148
16 1488691 0 1 0 1 21 34 51 67 55 118
16 1494300 0 1 0 1 47 42 93 84 89 177
16 1494301 0 1 0 1 47 43 93 85 90 178
16 1495447 0 1 0 1 10 25 43 48 35 91
16 1497476 0 1 0 1 20 23 66 61 43 127
16 1502771 0 1 0 1 14 16 53 47 30 100
16 1502875 0 1 0 1 28 22 69 44 50 113
16 1505588 0 1 0 1 8 10 36 31 18 67
16 1507089 0 1 0 1 8 8 31 36 16 67
16 1507365 0 1 0 0 2 26 0 104 28 104
16 1509837 0 1 0 1 40 40 71 100 80 171
16 1509964 0 1 0 1 6 7 25 35 13 60
16 1518401 0 1 0 1 20 35 46 93 55 139
16 1520881 0 1 0 1 3 8 25 21 11 46
16 1523484 0 1 0 1 11 5 17 28 16 45
16 1523978 0 1 0 0 2 24 0 106 26 106
16 1524862 0 1 0 1 25 31 57 55 56 112
16 1528251 0 1 0 1 18 16 53 55 34 108
16 1614930 0 1 0 1 18 14 53 38 32 91
16 1632280 0 1 0 1 32 44 95 79 76 174
16 1641105 0 1 0 1 13 16 45 38 29 83
16 1645394 0 1 0 1 11 10 36 31 21 67
16 1662385 0 1 0 1 28 14 45 37 42 82
16 1670843 0 1 0 1 13 13 42 34 26 76
16 1760115 0 1 0 1 3 7 23 29 10 52
16 1762971 0 1 0 1 52 39 68 104 91 172
16 1765945 0 1 0 1 32 52 83 84 84 167
16 1767753 0 1 0 1 23 32 83 73 55 156
16 1767767 0 1 0 1 22 36 82 73 58 155
16 1767934 0 1 0 1 41 35 77 77 76 154
16 1768151 0 1 0 1 22 24 64 55 46 119
16 1768502 0 1 0 1 24 16 49 73 40 122
16 1768679 0 1 0 1 31 23 66 67 54 133
16 1770991 0 1 0 1 34 31 85 75 65 160
16 1771329 0 1 0 0 2 27 0 121 29 121
16 1772158 0 1 0 1 12 12 41 40 24 81
16 1773023 0 1 0 1 36 44 74 97 80 171
16 1773443 0 1 0 1 24 18 61 64 42 125
16 1775767 0 1 0 1 48 29 86 91 77 177
16 1775773 0 1 0 1 26 48 85 89 74 174
16 1776022 0 1 0 1 8 14 47 34 22 81
16 1776301 0 1 0 1 13 11 46 40 24 86
16 1786795 0 1 0 1 41 29 81 73 70 154
16 1788036 0 1 0 1 48 39 102 86 87 188
16 1793671 0 1 0 1 21 17 39 56 38 95
16 1794780 0 1 0 1 7 8 25 30 15 55
16 1822159 0 1 0 1 6 10 29 31 16 60
16 1823086 0 1 0 1 4 7 18 22 11 40
16 1826948 0 1 0 1 9 6 32 22 15 54
16 1827697 0 1 0 1 36 25 75 76 61 151
16 1827912 0 1 0 1 44 50 89 66 94 155
16 1844911 0 1 0 1 14 20 37 36 34 73
16 1854238 0 1 0 1 14 16 42 50 30 92
16 1862020 0 1 0 1 62 39 98 85 101 183
16 1862204 0 1 0 1 10 6 24 20 16 44
16 1868093 0 1 0 1 27 32 75 73 59 148
16 1912045 0 1 0 1 29 63 69 94 92 163
16 1912046 0 1 0 1 31 62 70 95 93 165
16 1912131 0 1 0 1 36 36 93 78 72 171
16 1939159 0 1 0 1 16 24 68 62 40 130
16 1940993 0 1 0 1 89 51 93 107 140 200
16 1944742 0 1 0 1 18 9 45 26 27 71
16 1944748 0 1 0 1 19 10 46 31 29 77
16 1946074 0 1 0 1 5 8 15 21 13 36
16 1954118 0 1 0 1 28 14 66 52 42 118
16 1959560 0 1 0 1 10 6 30 29 16 59
16 1964423 0 1 0 1 14 9 36 42 23 78
16 1965513 0 1 0 1 5 6 19 19 11 38
16 1968401 0 1 0 0 3 39 0 117 42 117
16 1968579 0 1 0 1 33 23 78 85 56 163
16 1974130 0 1 0 1 34 45 77 86 79 163
16 1978401 0 1 0 1 12 23 65 57 35 122
16 1979291 0 1 0 0 2 20 0 82 22 82
16 1984660 0 1 0 1 17 12 41 49 29 90
16 1985867 0 1 0 1 32 29 72 73 61 145
16 1998825 0 1 0 1 21 28 53 73 49 126
16 1999002 0 1 0 1 24 19 49 74 43 123
16 2000345 0 1 0 1 12 18 47 54 30 101
16 2020199 0 1 0 1 5 5 11 37 10 48
16 2020432 0 1 0 1 19 13 50 57 32 107
16 2020567 0 1 0 1 31 22 80 77 53 157
16 2037459 0 1 0 1 17 25 49 39 42 88
16 2037657 0 1 0 1 25 45 71 73 70 144
16 2037784 0 1 0 1 17 12 33 54 29 87
16 2038311 0 1 0 1 7 6 32 37 13 69
16 2055334 0 1 0 1 5 8 15 17 13 32
16 2055399 0 1 0 1 13 18 44 46 31 90
16 2056112 0 1 0 1 26 33 69 68 59 137
16 2057321 0 1 0 1 4 7 15 20 11 35
16 2062520 0 1 0 1 11 24 44 70 35 114
16 2065480 0 1 0 1 12 14 38 48 26 86
16 2065601 0 1 0 0 2 34 0 140 36 140
16 2075833 0 1 0 1 42 33 76 107 75 183
16 2075936 0 1 0 1 24 20 59 69 44 128
16 2083639 0 1 0 1 19 24 79 56 43 135
16 2088217 0 1 0 1 54 49 88 98 103 186
16 2088268 0 1 0 1 48 32 92 90 80 182
16 2088583 0 1 0 1 15 21 65 68 36 133
16 2090009 0 1 0 1 34 40 78 90 74 168
16 2090320 0 1 0 1 60 45 103 83 105 186
16 2090453 0 1 0 1 21 26 75 46 47 121
16 2090553 0 1 0 1 23 28 57 77 51 134
16 2090679 0 1 0 1 27 25 75 67 52 142
16 2094175 0 1 0 1 43 35 75 82 78 157
16 2094298 0 1 0 1 13 6 35 29 19 64
16 2181213 0 1 0 0 2 15 0 90 17 90
16 2317189 0 1 0 1 15 26 57 37 41 94
16 2317508 0 1 0 1 24 21 51 51 45 102
16 2323511 0 1 0 1 13 8 33 27 21 60
16 2425020 0 1 0 1 17 21 57 44 38 101
16 2435895 0 1 0 1 15 20 56 59 35 115
16 2436997 0 1 0 1 6 7 28 34 13 62
16 2438210 0 1 0 1 24 11 41 48 35 89
16 2439675 0 1 0 0 2 33 0 121 35 121
16 2448827 0 1 0 1 20 22 63 55 42 118
16 2448848 0 1 0 1 27 28 76 67 55 143
16 2449010 0 1 0 1 29 14 57 60 43 117
16 2460602 0 1 0 1 15 16 24 50 31 74
16 2461636 0 1 0 0 13 29 0 99 42 99
16 2462541 0 1 0 1 35 26 68 76 61 144
16 2592821 0 1 0 1 15 16 46 45 31 91
16 2697856 0 1 0 1 4 8 27 25 12 52
16 2697903 0 1 0 0 3 15 0 73 18 73
16 2699194 0 1 0 1 32 42 69 102 74 171
16 2762938 0 1 0 1 31 16 63 83 47 146
16 2841417 0 1 0 1 6 4 18 23 10 41
16 2841539 0 1 0 1 15 25 44 56 40 100
16 2842369 0 1 0 1 17 19 63 52 36 115
16 2853067 0 1 0 1 7 5 27 17 12 44
16 2853844 0 1 0 1 11 12 28 39 23 67
16 2853849 0 1 0 1 10 13 43 30 23 73
16 2856933 0 1 0 1 7 11 36 32 18 68
16 2896432 0 1 0 1 6 14 18 20 20 38
16 3013263 0 1 0 1 7 13 30 41 20 71
16 3015923 0 1 0 1 23 41 69 80 64 149
16 3021419 0 1 0 1 12 13 32 37 25 69
16 3025632 0 1 0 1 8 10 32 26 18 58
16 3025700 0 1 0 1 29 27 61 64 56 125
16 3025998 0 1 0 1 42 44 91 93 86 184
16 3026662 0 1 0 1 61 47 100 95 108 195
16 3029684 0 1 0 1 15 8 41 45 23 86
16 3035334 0 1 0 1 28 29 87 64 57 151
16 3035374 0 1 0 1 20 23 72 53 43 125
16 3036446 0 1 0 1 27 13 72 72 40 144
16 3036639 0 1 0 0 3 11 0 68 14 68
16 3047294 0 1 0 1 6 11 28 14 17 42
16 3047472 0 1 0 0 2 32 0 128 34 128
16 3050094 0 1 0 1 42 36 87 83 78 170
16 3058403 0 1 0 1 13 14 45 39 27 84
16 3058712 0 1 0 1 15 22 89 65 37 154
16 3059031 0 1 0 1 36 46 78 89 82 167
16 3090378 0 1 0 0 3 80 0 161 83 161
16 3115424 0 1 0 1 30 25 67 80 55 147
16 3116586 0 1 0 1 7 6 23 24 13 47
16 3118835 0 1 0 1 22 32 65 56 54 121
16 3120187 0 1 0 1 45 36 75 93 81 168
16 3141355 0 1 0 1 4 9 22 30 13 52
16 3149117 0 1 0 1 8 11 30 33 19 63
16 3149712 0 1 0 1 31 30 77 66 61 143
16 3224519 0 1 0 0 3 73 0 154 76 154
16 3254202 0 1 0 1 2 84 2 180 86 182
16 3448374 0 1 0 0 2 18 0 86 20 86
16 3562875 0 1 0 0 2 23 0 101 25 101
16 3655904 0 1 0 0 2 34 0 137 36 137
16 3674464 0 1 0 1 24 23 66 67 47 133
16 3728426 0 1 0 1 16 33 66 74 49 140
16 3729059 0 1 0 1 39 42 82 84 81 166
16 3739536 0 1 0 1 5 9 17 23 14 40
16 3745362 0 1 0 1 20 29 52 90 49 142
16 3761555 0 1 0 1 40 44 84 86 84 170
16 3778584 0 1 0 1 4 8 12 22 12 34
16 3781186 0 1 0 1 20 22 52 55 42 107
16 3781229 0 1 0 1 20 18 48 60 38 108
16 3782958 0 1 0 1 43 58 80 92 101 172
16 3810639 0 1 0 1 24 18 42 52 42 94
16 3983435 0 1 0 1 35 35 77 55 70 132
16 4007602 0 1 0 1 16 13 47 38 29 85
16 4204724 0 1 0 1 21 21 50 56 42 106
16 4204757 0 1 0 1 12 15 31 43 27 74
16 4206704 0 1 0 1 12 16 54 40 28 94
16 4207059 0 1 0 1 12 10 43 43 22 86
16 4207280 0 1 0 1 37 57 62 103 94 165
16 4207285 0 1 0 1 37 58 59 104 95 163
16 4208172 0 1 0 1 5 9 26 13 14 39
16 4340291 0 1 0 1 24 18 72 49 42 121
16 4381372 0 1 0 1 24 22 68 66 46 134
16 4462029 0 1 0 1 11 13 26 28 24 54
16 4575125 0 1 0 1 26 26 76 66 52 142
16 4575273 0 1 0 1 64 55 97 92 119 189
16 4575937 0 1 0 1 9 14 35 47 23 82
16 4610195 0 1 0 1 20 18 78 78 38 156
16 4610246 0 1 0 1 21 16 73 64 37 137
16 4624953 0 1 0 1 30 37 70 72 67 142
16 4625115 0 1 0 1 9 10 44 19 19 63
16 4657431 0 1 0 1 7 19 44 49 26 93
16 4697135 0 1 0 1 17 15 70 50 32 120
16 4698824 0 1 0 1 12 19 44 47 31 91
16 4701044 0 1 0 1 24 29 70 64 53 134
16 4702133 0 1 0 1 19 14 52 65 33 117
16 4714116 0 1 0 1 47 55 82 91 102 173
16 4737986 0 1 0 1 27 23 53 65 50 118
16 4740272 0 1 0 1 24 29 70 70 53 140
16 4744872 0 1 0 1 13 11 29 39 24 68
16 4746392 0 1 0 1 40 35 73 96 75 169
16 4746594 0 1 0 1 12 12 38 45 24 83
16 4747456 0 1 0 1 44 30 87 87 74 174
16 4751722 0 1 0 1 6 4 24 12 10 36
16 4752369 0 1 0 1 8 20 52 36 28 88
16 4752385 0 1 0 1 11 19 57 38 30 95
16 4762815 0 1 0 1 4 11 50 42 15 92
16 4765424 0 1 0 1 6 5 23 36 11 59
16 4765500 0 1 0 1 27 21 68 65 48 133
16 4765601 0 1 0 1 24 22 61 65 46 126
16 4779683 0 1 0 1 8 14 42 36 22 78
16 4785808 0 1 0 0 2 8 0 66 10 66
16 4787544 0 1 0 1 35 34 75 79 69 154
16 4823999 0 1 0 0 2 12 0 52 14 52
16 4885145 0 1 0 1 32 42 89 91 74 180
16 4888334 0 1 0 1 8 8 20 24 16 44
16 4899136 0 1 0 1 34 30 88 82 64 170
16 5000896 0 1 0 1 7 16 38 33 23 71
16 5014916 0 1 0 1 25 29 61 72 54 133
16 5047946 0 1 0 1 26 26 68 69 52 137
16 5056183 0 1 0 1 35 34 73 72 69 145
16 5073213 0 1 0 0 2 31 0 113 33 113
16 5073269 0 1 0 1 7 10 31 30 17 61
16 5089185 0 1 0 1 11 7 26 25 18 51
16 6721896 0 1 0 1 5 6 16 20 11 36
16 7518410 0 1 0 1 34 26 68 64 60 132
16 7595711 0 1 0 1 10 11 25 30 21 55
16 7607371 0 1 0 1 38 46 80 82 84 162
16 7607430 0 1 0 1 24 20 52 48 44 100
16 7708946 0 1 0 1 15 19 41 40 34 81
16 8508350 0 1 0 1 12 7 36 18 19 54
16 8569748 0 1 0 1 8 11 32 43 19 75
16 8570012 0 1 0 1 32 26 65 65 58 130
16 8625881 0 1 0 1 9 13 31 36 22 67
16 8641263 0 1 0 1 11 20 43 49 31 92
16 8641343 0 1 0 1 13 22 49 69 35 118
16 8644493 0 1 0 1 23 27 57 59 50 116
16 8646294 0 1 0 1 41 37 105 71 78 176
16 8646378 0 1 0 1 41 43 74 104 84 178
16 8735858 0 1 0 1 23 19 59 68 42 127
16 8772725 0 1 0 1 9 7 34 43 16 77
16 8779599 0 1 0 1 25 34 59 71 59 130
16 8779636 0 1 0 1 24 25 46 57 49 103
16 8796717 0 1 0 1 6 5 18 30 11 48
16 8802052 0 1 0 1 22 43 75 87 65 162
16 8802209 0 1 0 1 15 16 54 49 31 103
16 8802237 0 1 0 1 8 12 47 43 20 90
16 8811197 0 1 0 1 19 31 60 45 50 105
16 8859224 0 1 0 1 25 26 72 63 51 135
16 9764641 0 1 0 0 3 101 0 197 104 197
16 9849774 0 1 0 1 31 49 84 93 80 177
16 10676101 0 1 0 1 55 64 96 103 119 199
16 10676218 0 1 0 1 19 20 58 58 39 116
16 10676234 0 1 0 1 11 16 49 50 27 99
16 10681998 0 1 0 1 28 18 51 67 46 118
16 10694249 0 1 0 1 10 10 11 20 20 31
16 10694272 0 1 0 1 10 12 20 30 22 50
16 10694549 0 1 0 1 38 35 95 69 73 164
16 10746990 0 1 0 1 10 13 25 44 23 69
16 10761484 0 1 0 1 9 12 36 43 21 79
16 10761681 0 1 0 0 3 12 0 52 15 52
16 10761882 0 1 0 1 26 22 54 41 48 95
16 10768057 0 1 0 1 20 13 62 66 33 128
16 10769107 0 1 0 1 29 45 88 73 74 161
16 10909300 0 1 0 1 12 5 25 19 17 44
16 10910293 0 1 0 1 34 26 60 78 60 138
16 10918377 0 1 0 1 34 40 70 92 74 162
16 10922188 0 1 0 1 45 41 84 99 86 183
16 10922651 0 1 0 1 6 5 15 21 11 36
16 11020149 0 1 0 1 35 34 73 92 69 165
16 11027214 0 1 0 1 11 11 39 46 22 85
16 11060913 0 1 0 1 36 37 83 76 73 159
16 11268783 0 1 0 1 11 11 19 22 22 41
16 11273338 0 1 0 1 14 13 62 77 27 139
16 11276073 0 1 0 1 20 28 78 73 48 151
16 11345639 0 1 0 1 4 14 26 28 18 54
16 11345748 0 1 0 0 2 12 0 65 14 65
16 11350715 0 1 0 1 15 31 55 70 46 125
16 11457123 0 1 0 1 7 6 22 19 13 41
16 11459986 0 1 0 1 38 48 82 87 86 169
16 11460027 0 1 0 1 31 31 61 71 62 132
16 11460445 0 1 0 1 57 59 97 97 116 194
16 11461011 0 1 0 1 16 19 52 60 35 112
16 11462005 0 1 0 1 12 12 50 30 24 80
16 11553642 0 1 0 1 42 47 75 112 89 187
16 11742542 0 1 0 1 12 10 41 32 22 73
16 11742652 0 1 0 1 11 18 40 29 29 69
16 11752652 0 1 0 1 24 29 48 74 53 122
16 11763676 0 1 0 1 12 22 30 22 34 52
16 11846533 0 1 0 1 10 13 42 36 23 78
16 11851374 0 1 0 1 29 42 72 84 71 156
16 11875867 0 1 0 1 39 43 95 87 82 182
16 11887630 0 1 0 1 26 32 70 68 58 138
16 11915084 0 1 0 1 19 22 43 47 41 90
16 11915447 0 1 0 1 25 13 70 64 38 134
16 11965181 0 1 0 1 8 4 22 15 12 37
16 12043097 0 1 0 1 19 16 52 51 35 103
16 12061018 0 1 0 1 5 5 14 20 10 34
16 12069112 0 1 0 1 32 32 70 80 64 150
16 12089829 0 1 0 1 20 22 77 58 42 135
16 12203154 0 1 0 1 70 53 116 76 123 192
16 12203303 0 1 0 1 10 114 4 178 124 182
16 12203329 0 1 0 1 24 110 18 172 134 190
16 12203338 0 1 0 1 28 109 20 170 137 190
16 12203344 0 1 0 1 32 106 24 165 138 189
16 12203377 0 1 0 1 50 103 42 151 153 193
16 12203390 0 1 0 1 51 106 52 147 157 199
16 12203456 0 1 0 1 53 102 69 124 155 193
16 12203496 0 1 0 1 27 100 35 151 127 186
16 12203497 0 1 0 1 26 99 34 151 125 185
16 12203518 0 1 0 1 6 113 5 165 119 170
16 12203521 0 1 0 1 4 109 3 164 113 167
16 12203522 0 1 0 1 4 96 3 158 100 161
16 12203524 0 1 0 1 3 108 3 168 111 171
16 12203531 0 1 0 1 5 106 5 170 111 175
16 12443101 0 1 0 1 16 17 42 41 33 83
16 12524608 0 1 0 1 17 14 41 28 31 69
16 12527319 0 1 0 1 9 11 31 27 20 58
16 12568471 0 1 0 1 28 42 71 90 70 161
16 12568563 0 1 0 1 33 47 83 94 80 177
16 13203385 0 1 0 1 10 6 49 26 16 75
16 13213445 0 1 0 1 19 12 45 43 31 88
16 13920136 0 1 0 1 17 19 34 55 36 89
16 13933094 0 1 0 1 13 5 31 38 18 69
16 13944688 0 1 0 1 20 11 41 44 31 85
16 13944695 0 1 0 1 24 14 45 47 38 92
16 13948101 0 1 0 1 43 39 88 88 82 176
16 14234139 0 1 0 0 4 116 0 173 120 173
16 14552239 0 1 0 1 9 10 32 18 19 50
16 14582086 0 1 0 1 3 12 30 44 15 74
16 14593287 0 1 0 1 38 39 71 66 77 137
16 14648543 0 1 0 1 18 40 67 78 58 145
16 14837387 0 1 0 0 2 28 0 105 30 105
16 14857716 0 1 0 1 15 33 31 59 48 90
16 14864657 0 1 0 1 7 61 14 124 68 138
16 14875159 0 1 0 1 11 16 26 54 27 80
16 14975051 0 1 0 1 4 9 11 33 13 44
16 14989274 0 1 0 1 3 56 5 132 59 137
16 14989526 0 1 0 1 3 21 28 79 24 107
16 15022543 0 1 0 1 4 23 7 58 27 65
16 15022664 0 1 0 1 15 97 28 159 112 187
16 15022768 0 1 0 1 9 37 14 62 46 76
16 15029010 0 1 0 1 11 13 27 75 24 102
16 15033453 0 1 0 1 17 11 30 37 28 67
16 15035602 0 1 0 1 17 14 45 53 31 98
16 15036083 0 1 0 1 16 18 55 70 34 125
16 15073034 0 1 0 1 32 61 84 84 93 168
16 15076595 0 1 0 1 25 27 59 56 52 115
16 15079889 0 1 0 1 8 7 19 10 15 29
16 15084642 0 1 0 1 21 52 36 97 73 133
16 15084755 0 1 0 1 9 56 18 119 65 137
16 15084831 0 1 0 1 4 12 18 27 16 45
16 15399368 0 1 0 1 11 15 53 55 26 108
16 15601034 0 1 0 0 3 53 0 128 56 128
16 15601202 0 1 0 1 18 20 51 37 38 88
16 15604331 0 1 0 0 2 40 0 156 42 156
16 15611748 0 1 0 1 22 11 43 39 33 82
16 15616911 0 1 0 1 12 11 14 28 23 42
16 15616986 0 1 0 1 25 31 50 70 56 120
16 15677744 0 1 0 1 10 12 30 34 22 64
16 15687197 0 1 0 1 22 20 49 90 42 139
16 15696750 0 1 0 1 31 28 72 89 59 161
16 15717166 0 1 0 1 16 27 61 95 43 156
16 15717205 0 1 0 1 30 27 74 101 57 175
16 15719354 0 1 0 1 8 10 37 33 18 70
16 15719776 0 1 0 1 7 5 28 19 12 47
16 15720088 0 1 0 1 9 11 29 41 20 70
16 15724284 0 1 0 1 14 22 58 53 36 111
16 15727006 0 1 0 1 39 25 63 79 64 142
16 15735377 0 1 0 0 2 18 0 75 20 75
16 15745083 0 1 0 1 18 20 70 70 38 140
16 15745177 0 1 0 1 34 20 61 86 54 147
16 15756347 0 1 0 1 12 17 44 56 29 100
16 15763836 0 1 0 0 2 23 0 101 25 101
16 15786678 0 1 0 1 31 28 67 87 59 154
16 16008018 0 1 0 1 9 10 34 24 19 58
16 16036634 0 1 0 1 27 25 83 63 52 146
16 16044456 0 1 0 1 8 7 28 24 15 52
16 16044465 0 1 0 1 7 7 31 29 14 60
16 16045857 0 1 0 1 23 23 87 59 46 146
16 16046021 0 1 0 1 37 22 67 57 59 124
16 16056014 0 1 0 1 4 10 25 22 14 47
16 16068071 0 1 0 1 16 23 59 49 39 108
16 16136433 0 1 0 1 13 9 35 43 22 78
16 16150272 0 1 0 1 27 17 62 72 44 134
16 16154824 0 1 0 1 28 10 49 55 38 104
16 16159713 0 1 0 1 6 7 17 23 13 40
16 16161383 0 1 0 1 6 9 23 17 15 40
16 16185091 0 1 0 1 5 5 17 16 10 33
16 16190408 0 1 0 1 12 7 31 33 19 64
16 16197959 0 1 0 1 9 11 41 23 20 64
16 16198001 0 1 0 1 32 30 52 74 62 126
16 16198014 0 1 0 1 37 33 65 79 70 144
16 16212335 0 1 0 1 12 6 28 37 18 65
16 17108944 0 1 0 1 27 19 75 75 46 150
16 17198347 0 1 0 1 19 10 52 73 29 125
16 17200438 0 1 0 1 22 8 36 38 30 74
16 18838188 0 1 0 0 2 30 0 131 32 131
16 18854886 0 1 0 1 40 43 85 83 83 168
16 18926673 0 1 0 1 2 22 8 58 24 66
16 19030273 0 1 0 1 14 12 75 54 26 129
16 19035638 0 1 0 1 20 24 48 52 44 100
16 19037931 0 1 0 1 53 54 76 111 107 187
16 19051670 0 1 0 0 3 44 0 111 47 111
16 19067715 0 1 0 1 30 12 51 55 42 106
16 19073976 0 1 0 1 50 41 70 110 91 180
16 19078240 0 1 0 1 7 12 24 20 19 44
16 19116025 0 1 0 1 35 30 80 84 65 164
16 19183586 0 1 0 1 34 58 65 95 92 160
16 19183808 0 1 0 1 69 55 99 99 124 198
16 19224859 0 1 0 1 11 5 35 27 16 62
16 19536425 0 1 0 1 43 48 89 81 91 170
16 19536830 0 1 0 1 57 46 86 89 103 175
16 19537418 0 1 0 1 31 30 64 95 61 159
16 19564691 0 1 0 1 6 7 22 13 13 35
16 19569377 0 1 0 1 27 40 75 82 67 157
16 19699380 0 1 0 1 5 8 25 14 13 39
16 19705183 0 1 0 1 54 75 87 104 129 191
16 19710409 0 1 0 1 23 14 56 54 37 110
16 19710433 0 1 0 1 26 17 51 53 43 104
16 19710484 0 1 0 1 21 11 40 46 32 86
16 19860660 0 1 0 1 26 32 60 58 58 118
16 19871760 0 1 0 1 16 9 47 32 25 79
16 19872042 0 1 0 1 56 48 108 82 104 190
16 20073421 0 1 0 1 15 13 43 41 28 84
16 20374828 0 1 0 0 3 92 0 172 95 172
16 20477481 0 1 0 1 25 20 41 35 45 76
16 20543070 0 1 0 1 4 90 3 187 94 190
16 20543291 0 1 0 1 21 19 42 43 40 85
16 20546366 0 1 0 1 21 8 35 40 29 75
16 20554263 0 1 0 1 15 14 54 39 29 93
16 20564726 0 1 0 1 16 17 28 33 33 61
16 20590760 0 1 0 1 31 39 68 91 70 159
16 20590841 0 1 0 1 21 24 66 63 45 129
16 20592270 0 1 0 1 6 6 19 19 12 38
16 20594006 0 1 0 1 15 11 30 32 26 62
16 20602363 0 1 0 1 11 9 29 31 20 60
16 20602378 0 1 0 1 18 14 44 34 32 78
16 20602387 0 1 0 1 19 16 44 38 35 82
16 20604408 0 1 0 1 45 29 93 72 74 165
16 20606864 0 1 0 1 8 3 18 23 11 41
16 20624096 0 1 0 1 9 15 37 43 24 80
16 20625492 0 1 0 1 43 42 82 80 85 162
16 20627254 0 1 0 1 20 26 72 50 46 122
16 20827231 0 1 0 1 34 41 71 81 75 152
16 20936753 0 1 0 0 2 23 0 89 25 89
16 21022199 0 1 0 1 14 13 41 26 27 67
16 21111867 0 1 0 1 28 29 74 90 57 164
16 21161270 0 1 0 0 2 21 0 81 23 81
16 21198991 0 1 0 1 6 9 18 21 15 39
16 21205740 0 1 0 1 34 41 83 85 75 168
16 21211351 0 1 0 1 31 30 69 84 61 153
16 21261270 0 1 0 1 10 15 36 40 25 76
16 21267823 0 1 0 1 22 15 44 34 37 78
16 21347094 0 1 0 1 6 7 9 37 13 46
16 21352038 0 1 0 1 3 42 3 97 45 100
16 21352042 0 1 0 1 4 47 6 105 51 111
16 21352139 0 1 0 1 6 49 13 131 55 144
16 21520288 0 1 0 1 12 11 44 35 23 79
16 21520360 0 1 0 1 5 6 7 23 11 30
16 21644342 0 1 0 0 20 44 0 158 64 158
16 21709902 0 1 0 0 2 27 0 100 29 100
16 21719128 0 1 0 1 15 17 35 44 32 79
16 21811705 0 1 0 1 3 8 39 25 11 64
16 21957474 0 1 0 0 3 85 0 175 88 175
16 22007524 0 1 0 1 36 34 67 63 70 130
16 22126282 0 1 0 1 20 15 57 55 35 112
16 22133257 0 1 0 1 8 4 35 24 12 59
16 22144308 0 1 0 1 27 24 87 77 51 164
16 22166935 0 1 0 1 32 34 75 83 66 158
16 22181463 0 1 0 1 26 23 64 76 49 140
16 22250579 0 1 0 1 27 28 62 83 55 145
16 22251193 0 1 0 1 39 41 82 76 80 158
16 22264880 0 1 0 0 2 33 0 128 35 128
16 22280121 0 1 0 1 24 13 37 47 37 84
16 22308196 0 1 0 1 48 43 90 85 91 175
16 22316773 0 1 0 1 11 27 48 41 38 89
16 22328435 0 1 0 1 17 23 46 33 40 79
16 22429774 0 1 0 1 6 61 8 112 67 120
16 22568443 0 1 0 1 5 21 13 57 26 70
16 22833062 0 1 0 1 10 21 41 35 31 76
16 23087101 0 1 0 1 20 28 49 58 48 107
16 23087906 0 1 0 1 6 11 23 26 17 49
16 23106385 0 1 0 1 50 54 100 92 104 192
16 23186224 0 1 0 1 22 12 56 39 34 95
16 23186241 0 1 0 1 26 19 64 53 45 117
16 23189440 0 1 0 1 14 13 34 43 27 77
16 23189527 0 1 0 1 27 33 74 74 60 148
16 23348878 0 1 0 1 37 39 79 88 76 167
16 23629146 0 1 0 1 14 16 38 43 30 81
16 23665685 0 1 0 1 10 11 47 35 21 82
16 23665790 0 1 0 1 10 13 46 43 23 89
16 23667041 0 1 0 0 2 27 0 111 29 111
16 23681084 0 1 0 1 8 7 10 36 15 46
16 23687727 0 1 0 0 2 19 0 90 21 90
16 23689355 0 1 0 1 29 34 72 72 63 144
16 23690217 0 1 0 1 19 11 56 83 30 139
16 23700604 0 1 0 1 22 26 72 60 48 132
16 23700862 0 1 0 1 9 9 21 32 18 53
16 23701127 0 1 0 1 21 30 47 60 51 107
16 23706512 0 1 0 1 9 10 23 26 19 49
16 23710280 0 1 0 1 24 20 65 75 44 140
16 23710721 0 1 0 1 13 18 38 41 31 79
16 23713432 0 1 0 1 10 6 32 44 16 76
16 24094348 0 1 0 1 36 41 80 67 77 147
16 24154809 0 1 0 1 16 14 47 53 30 100
16 24191137 0 1 0 1 67 42 92 96 109 188
16 24191294 0 1 0 1 27 38 55 50 65 105
16 24219927 0 1 0 1 36 35 72 72 71 144
16 24361836 0 1 0 1 21 27 61 55 48 116
16 24548931 0 1 0 0 2 16 0 93 18 93
16 24567137 0 1 0 1 27 24 76 64 51 140
16 24730246 0 1 0 0 3 22 0 93 25 93
16 24730365 0 1 0 1 17 21 47 55 38 102
16 24776852 0 1 0 0 2 17 0 76 19 76
16 24776854 0 1 0 0 2 20 0 81 22 81
16 24777324 0 1 0 1 13 42 60 79 55 139
16 24790416 0 1 0 1 26 35 76 85 61 161
16 24790658 0 1 0 1 46 38 77 85 84 162
16 24791004 0 1 0 1 26 17 39 65 43 104
16 24805171 0 1 0 1 32 55 85 80 87 165
16 24820406 0 1 0 1 15 11 33 33 26 66
16 24823847 0 1 0 1 21 24 60 53 45 113
16 24827541 0 1 0 1 47 42 96 99 89 195
16 24827667 0 1 0 1 9 6 32 26 15 58
16 24875572 0 1 0 1 6 11 26 26 17 52
16 24877325 0 1 0 1 20 45 69 76 65 145
16 24890957 0 1 0 0 3 82 0 178 85 178
16 24907908 0 1 0 0 2 23 0 86 25 86
16 24920370 0 1 0 1 7 5 19 22 12 41
16 24935810 0 1 0 1 8 9 37 29 17 66
16 24943862 0 1 0 1 23 43 63 75 66 138
16 25031956 0 1 0 1 41 57 99 87 98 186
16 25032248 0 1 0 1 20 22 45 60 42 105
16 25058004 0 1 0 1 5 9 20 14 14 34
16 25126159 0 1 0 1 6 21 27 80 27 107
16 25160732 0 1 0 1 31 34 53 77 65 130
16 25170711 0 1 0 1 20 19 66 63 39 129
16 25933379 0 1 0 1 45 49 81 95 94 176
16 25933433 0 1 0 1 28 37 65 76 65 141
16 27340282 0 1 0 0 2 31 0 130 33 130
16 27360952 0 1 0 0 2 13 0 68 15 68
16 27362237 0 1 0 1 50 43 86 101 93 187
16 27362551 0 1 0 1 23 21 54 62 44 116
16 27362594 0 1 0 1 36 31 67 75 67 142
16 27362643 0 1 0 1 46 41 75 88 87 163
16 27362651 0 1 0 1 46 41 77 88 87 165
16 27362859 0 1 0 1 41 33 82 89 74 171
16 27363079 0 1 0 1 38 49 94 85 87 179
16 27403018 0 1 0 1 19 36 44 58 55 102
16 27429962 0 1 0 1 28 22 53 65 50 118
16 27470386 0 1 0 1 8 21 33 37 29 70
16 27485969 0 1 0 1 16 12 36 31 28 67
16 27766510 0 1 0 1 31 40 71 72 71 143
16 27963097 0 1 0 1 9 14 26 26 23 52
16 27963166 0 1 0 1 14 28 55 52 42 107
16 28063001 0 1 0 1 10 16 31 32 26 63
16 28111905 0 1 0 1 37 32 85 80 69 165
16 28121630 0 1 0 1 22 24 60 58 46 118
16 28121831 0 1 0 1 17 23 45 56 40 101
16 28125927 0 1 0 1 11 11 44 40 22 84
16 28477622 0 1 0 1 16 24 57 67 40 124
16 28483919 0 1 0 0 2 15 0 67 17 67
16 28494788 0 1 0 1 20 14 49 33 34 82
16 28495551 0 1 0 1 6 17 51 40 23 91
16 28496103 0 1 0 1 3 10 10 49 13 59
16 28496124 0 1 0 1 2 18 10 66 20 76
16 28496131 0 1 0 1 2 21 9 73 23 82
16 28496137 0 1 0 1 2 24 6 79 26 85
16 28496323 0 1 0 1 23 18 51 48 41 99
16 28496727 0 1 0 1 28 37 73 88 65 161
16 28496748 0 1 0 1 28 41 83 79 69 162
16 28497126 0 1 0 1 13 18 55 59 31 114
16 28499072 0 1 0 1 10 6 34 35 16 69
16 28502082 0 1 0 1 25 24 66 63 49 129
16 28502209 0 1 0 1 17 9 30 36 26 66
16 28592334 0 1 0 1 30 22 69 80 52 149
16 28592400 0 1 0 1 4 53 9 150 57 159
16 28592475 0 1 0 1 6 36 12 116 42 128
16 28593365 0 1 0 1 32 33 67 77 65 144
16 28595749 0 1 0 1 9 18 41 37 27 78
16 28606231 0 1 0 1 6 21 10 67 27 77
16 28606253 0 1 0 1 9 18 19 53 27 72
16 28606274 0 1 0 1 9 13 23 42 22 65
16 28606916 0 1 0 1 42 50 87 92 92 179
16 28607125 0 1 0 1 7 29 37 78 36 115
16 28607224 0 1 0 1 14 31 44 80 45 124
16 28607315 0 1 0 1 6 28 22 68 34 90
16 28608590 0 1 0 1 7 24 29 60 31 89
16 28608599 0 1 0 1 7 22 25 61 29 86
16 28609479 0 1 0 1 29 38 58 73 67 131
16 28609990 0 1 0 1 11 8 54 37 19 91
16 28620039 0 1 0 1 11 11 43 37 22 80
16 28623104 0 1 0 1 19 12 66 30 31 96
16 28825882 0 1 0 1 15 9 38 36 24 74
16 28826194 0 1 0 1 10 9 34 53 19 87
16 28826752 0 1 0 1 8 9 28 23 17 51
16 28832747 0 1 0 1 13 14 38 43 27 81
16 28832963 0 1 0 1 7 7 37 29 14 66
16 28833044 0 1 0 1 15 11 57 48 26 105
16 28835519 0 1 0 1 3 6 27 24 9 51
16 28835828 0 1 0 1 10 31 50 48 41 98
16 28843229 0 1 0 1 13 13 41 45 26 86
16 28844201 0 1 0 1 51 61 96 90 112 186
16 28844406 0 1 0 1 37 40 88 87 77 175
16 28845286 0 1 0 0 2 11 0 63 13 63
16 28863801 0 1 0 1 16 11 50 40 27 90
16 28871920 0 1 0 1 6 8 27 25 14 52
16 28872520 0 1 0 1 37 35 83 87 72 170
16 28878810 0 1 0 1 29 20 73 61 49 134
16 28879161 0 1 0 0 3 18 0 57 21 57
16 28887472 0 1 0 1 35 35 55 82 70 137
16 28894763 0 1 0 1 26 45 74 71 71 145
16 28902466 0 1 0 1 6 12 16 17 18 33
16 28904112 0 1 0 1 11 6 32 24 17 56
16 28904206 0 1 0 1 33 16 67 70 49 137
16 28905797 0 1 0 0 3 59 0 144 62 144
16 28910828 0 1 0 1 30 21 78 75 51 153
16 28914657 0 1 0 1 23 32 67 90 55 157
16 28924819 0 1 0 0 2 22 0 87 24 87
16 28933075 0 1 0 1 22 40 85 81 62 166
16 28933379 0 1 0 1 40 37 88 88 77 176
16 28963637 0 1 0 1 3 12 26 20 15 46
16 28981728 0 1 0 1 17 29 52 55 46 107
16 28983824 0 1 0 1 16 13 44 51 29 95
16 28984436 0 1 0 1 16 10 46 57 26 103
16 28986255 0 1 0 0 2 41 0 153 43 153
16 28986790 0 1 0 1 20 21 59 65 41 124
16 28990139 0 1 0 1 18 16 71 71 34 142
16 29086235 0 1 0 1 2 54 5 141 56 146
16 29113100 0 1 0 1 38 33 68 85 71 153
16 29130115 0 1 0 1 6 12 32 43 18 75
16 29130738 0 1 0 1 9 7 26 34 16 60
16 29130883 0 1 0 1 5 9 4 23 14 27
16 29326337 0 1 0 1 6 19 21 40 25 61
16 29328584 0 1 0 0 2 24 0 103 26 103
16 29331179 0 1 0 1 11 25 28 66 36 94
16 29331196 0 1 0 1 8 33 19 84 41 103
16 29331225 0 1 0 1 12 41 22 94 53 116
16 29365111 0 1 0 1 3 47 5 81 50 86
16 29779388 0 1 0 1 13 6 26 35 19 61
16 29802769 0 1 0 1 18 15 34 38 33 72
16 29813194 0 1 0 0 2 31 0 116 33 116
16 29861040 0 1 0 1 9 13 41 46 22 87
16 29906713 0 1 0 1 7 7 19 31 14 50
16 29981787 0 1 0 1 34 34 85 78 68 163
16 29983077 0 1 0 1 26 34 62 66 60 128
16 29983415 0 1 0 1 18 31 58 57 49 115
16 29986879 0 1 0 1 11 21 48 58 32 106
16 29989580 0 1 0 1 11 13 56 48 24 104
16 29991260 0 1 0 0 2 24 0 94 26 94
16 30004701 0 1 0 1 23 23 63 46 46 109
16 30006574 0 1 0 1 34 45 81 95 79 176
16 30007179 0 1 0 1 58 30 91 83 88 174
16 30007399 0 1 0 1 14 11 34 34 25 68
16 30010081 0 1 0 1 13 16 74 34 29 108
16 30025807 0 1 0 1 30 49 61 94 79 155
16 30036220 0 1 0 0 2 30 0 115 32 115
16 30082458 0 1 0 1 30 27 54 66 57 120
16 30086842 0 1 0 0 2 23 0 117 25 117
16 30108204 0 1 0 1 5 6 18 16 11 34
16 30122991 0 1 0 1 4 10 34 30 14 64
16 30369215 0 1 0 0 2 19 0 75 21 75
16 30379257 0 1 0 1 23 35 48 71 58 119
16 30429990 0 1 0 0 2 42 0 163 44 163
16 30571459 0 1 0 0 2 14 0 67 16 67
16 30733505 0 1 0 1 24 19 68 63 43 131
16 30734655 0 1 0 1 4 16 35 39 20 74
16 30759629 0 1 0 1 21 30 64 75 51 139
16 30761153 0 1 0 0 2 16 0 78 18 78
16 30784153 0 1 0 1 18 12 37 57 30 94
16 30821925 0 1 0 1 57 65 95 74 122 169
16 30875322 0 1 0 1 14 22 42 56 36 98
16 30899537 0 1 0 0 2 9 0 50 11 50
16 30924760 0 1 0 1 18 12 52 44 30 96
16 30927490 0 1 0 1 18 18 67 55 36 122
16 30969581 0 1 0 1 42 44 77 89 86 166
16 30987821 0 1 0 1 55 52 85 75 107 160
16 30988141 0 1 0 1 19 11 64 63 30 127
16 30992848 0 1 0 1 36 37 74 82 73 156
16 30993491 0 1 0 1 39 44 73 79 83 152
16 31001534 0 1 0 0 2 21 0 91 23 91
16 31033362 0 1 0 1 52 45 77 89 97 166
16 31033576 0 1 0 1 10 9 33 25 19 58
16 31037834 0 1 0 1 8 13 17 25 21 42
16 31038702 0 1 0 1 4 6 23 16 10 39
16 31063854 0 1 0 1 32 31 71 72 63 143
16 31077026 0 1 0 1 27 27 77 76 54 153
16 31077304 0 1 0 1 43 38 81 91 81 172
16 31079086 0 1 0 1 11 21 63 57 32 120
16 31079888 0 1 0 1 13 20 56 66 33 122
16 31080326 0 1 0 1 2 52 2 141 54 143
16 31080754 0 1 0 1 20 19 72 72 39 144
16 31083850 0 1 0 1 12 22 45 71 34 116
16 31083858 0 1 0 0 2 32 0 119 34 119
16 31083883 0 1 0 1 11 23 47 68 34 115
16 31083930 0 1 0 1 11 18 32 56 29 88
16 31084843 0 1 0 1 11 19 36 47 30 83
16 31093557 0 1 0 1 5 12 24 22 17 46
16 31094233 0 1 0 1 48 37 82 102 85 184
16 31110472 0 1 0 1 20 18 62 58 38 120
16 31111250 0 1 0 1 47 31 90 87 78 177
16 31120293 0 1 0 1 40 49 80 79 89 159
16 31130672 0 1 0 1 21 17 80 59 38 139
16 31142825 0 1 0 1 44 44 81 83 88 164
16 31143037 0 1 0 1 15 23 46 62 38 108
16 31182621 0 1 0 1 53 36 85 76 89 161
16 31183958 0 1 0 1 26 26 65 55 52 120
16 31190354 0 1 0 0 2 23 0 90 25 90
16 31191459 0 1 0 0 2 13 0 63 15 63
16 31219142 0 1 0 1 20 18 54 57 38 111
16 31261808 0 1 0 1 31 31 81 85 62 166
16 31325198 0 1 0 1 6 4 20 13 10 33
16 31325398 0 1 0 1 51 64 100 89 115 189
16 31328304 0 1 0 1 6 5 27 25 11 52
16 31330645 0 1 0 1 9 7 22 26 16 48
16 31331287 0 1 0 1 7 5 16 28 12 44
16 31363214 0 1 0 1 37 25 68 73 62 141
16 31393250 0 1 0 1 19 26 49 85 45 134
16 31464664 0 1 0 1 33 26 87 78 59 165
16 31466858 0 1 0 0 2 20 0 98 22 98
16 31508083 0 1 0 0 2 30 0 119 32 119
16 31568844 0 1 0 0 2 15 0 80 17 80
16 31754852 0 1 0 0 3 28 0 75 31 75
16 31982097 0 1 0 1 14 14 38 32 28 70
16 32035038 0 1 0 1 3 8 23 18 11 41
16 32035257 0 1 0 1 20 25 68 48 45 116
16 32059289 0 1 0 0 4 48 0 121 52 121
16 32066546 0 1 0 1 7 6 37 15 13 52
16 32882559 0 1 0 1 10 7 27 27 17 54
16 33337641 0 1 0 1 2 13 3 32 15 35
16 33337912 0 1 0 1 3 7 3 28 10 31
16 33734836 0 1 0 1 13 13 23 41 26 64
16 33734852 0 1 0 1 3 25 24 46 28 70
16 33734864 0 1 0 1 13 16 23 52 29 75
16 33734895 0 1 0 1 13 9 25 29 22 54
16 33737093 0 1 0 1 19 20 32 49 39 81
16 33737121 0 1 0 1 26 29 44 69 55 113
16 33741747 0 1 1 1 8 6 42 4 14 46
16 33741748 0 1 0 1 5 10 23 23 15 46
16 33741749 0 1 1 1 8 7 42 4 15 46
16 33741835 0 1 0 1 15 13 33 49 28 82
16 33827587 0 1 0 0 21 34 0 109 55 109
16 34158850 0 1 0 1 13 14 30 48 27 78
16 34158860 0 1 0 1 12 16 31 45 28 76
16 34158885 0 1 0 1 4 20 11 66 24 77
16 34158903 0 1 0 1 9 16 18 59 25 77
16 34158919 0 1 0 1 4 21 13 67 25 80
16 34163093 0 1 0 1 6 30 15 89 36 104
16 34163115 0 1 0 1 13 33 31 87 46 118
16 34163122 0 1 0 1 13 30 34 91 43 125
16 34163177 0 1 0 1 14 19 47 63 33 110
16 34163188 0 1 0 1 12 18 39 58 30 97
16 34163199 0 1 0 1 8 14 28 54 22 82
16 34163202 0 1 0 1 6 15 25 54 21 79
16 34163223 0 1 0 1 3 7 15 40 10 55
16 34266385 0 1 0 1 4 14 8 51 18 59
16 34266408 0 1 0 1 7 17 17 70 24 87
16 34573054 0 1 0 1 5 8 13 31 13 44
16 34573087 0 1 0 1 7 10 33 27 17 60
16 34573123 0 1 0 1 7 7 31 20 14 51
16 34573145 0 1 0 1 6 10 11 31 16 42
16 34573149 0 1 0 1 6 9 18 20 15 38
16 34573150 0 1 0 1 6 9 12 24 15 36
16 34573980 0 1 0 1 9 7 15 30 16 45
16 34574002 0 1 0 1 12 12 31 38 24 69
16 34574009 0 1 0 1 6 18 17 50 24 67
16 34574247 0 1 0 1 5 30 7 53 35 60
16 34574249 0 1 0 1 16 19 40 23 35 63
16 34574272 0 1 0 1 10 35 10 72 45 82
16 34574273 0 1 0 1 5 39 10 73 44 83
16 34576456 0 1 0 1 5 19 9 65 24 74
16 34576463 0 1 0 1 3 21 5 68 24 73
16 34581479 0 1 0 1 16 55 25 103 71 128
16 34581480 0 1 0 1 10 61 22 107 71 129
16 34581498 0 1 0 1 10 45 21 87 55 108
16 34581599 0 1 0 1 8 10 21 29 18 50
16 34581611 0 1 0 1 10 11 17 44 21 61
16 34582278 0 1 0 1 4 39 18 111 43 129
16 34582321 0 1 0 1 2 20 5 55 22 60
16 34582784 0 1 0 1 28 12 46 26 40 72
16 34582826 0 1 0 1 2 28 3 59 30 62
16 34582929 0 1 0 1 7 20 10 48 27 58
16 34582986 0 1 0 1 7 24 11 55 31 66
16 34582987 0 1 0 1 7 24 11 55 31 66
16 34583017 0 1 0 1 5 10 3 31 15 34
16 34583045 0 1 0 1 3 19 6 44 22 50
16 34583068 0 1 0 1 12 30 21 71 42 92
16 34583092 0 1 0 1 5 64 4 134 69 138
16 34583101 0 1 0 1 33 43 86 68 76 154
16 34583105 0 1 0 1 2 77 4 157 79 161
16 34583368 0 1 0 1 2 24 4 80 26 84
16 34583411 0 1 0 1 2 9 3 27 11 30
16 34583447 0 1 0 1 2 9 8 22 11 30
16 34583525 0 1 0 1 8 19 9 56 27 65
16 34583526 0 1 0 1 8 19 9 57 27 66
16 34583545 0 1 0 1 2 21 3 54 23 57
16 34583618 0 1 0 1 2 23 3 44 25 47
16 34583782 0 1 0 1 8 5 21 10 13 31
16 34583792 0 1 0 1 5 13 8 35 18 43
16 34584798 0 1 0 1 7 4 35 11 11 46
16 34585660 0 1 1 1 8 4 29 9 12 38
16 34586765 0 1 0 1 2 28 3 54 30 57
16 34586770 0 1 0 1 19 15 43 23 34 66
16 34586831 0 1 0 1 2 76 6 161 78 167
16 34586867 0 1 0 1 9 39 19 92 48 111
16 34587023 0 1 0 1 9 11 43 34 20 77
16 34587032 0 1 0 1 3 18 6 68 21 74
16 34587041 0 1 0 1 3 13 6 56 16 62
16 34588029 0 1 0 1 5 26 10 70 31 80
16 34588056 0 1 0 1 2 60 5 122 62 127
16 34588070 0 1 0 1 4 73 10 145 77 155
16 34588191 0 1 0 1 10 5 17 22 15 39
16 34588204 0 1 0 1 4 18 5 56 22 61
16 34588255 0 1 0 1 4 28 20 82 32 102
16 34588257 0 1 0 1 3 29 10 95 32 105
16 34588274 0 1 0 1 13 16 33 56 29 89
16 34588291 0 1 0 1 2 17 5 62 19 67
16 34588503 0 1 0 1 9 6 26 28 15 54
16 34588510 0 1 0 1 3 12 10 46 15 56
16 34592679 0 1 0 1 3 16 9 36 19 45
16 34592686 0 1 0 1 8 12 26 28 20 54
16 34592720 0 1 0 1 3 33 2 108 36 110
16 34592736 0 1 0 1 9 38 27 104 47 131
16 34593222 0 1 0 1 6 23 7 49 29 56
16 34593256 0 1 0 1 2 29 5 70 31 75
16 34593270 0 1 0 1 3 28 5 68 31 73
16 34593302 0 1 0 1 4 12 8 41 16 49
16 34593499 0 1 0 1 2 39 7 96 41 103
16 34594622 0 1 0 1 7 4 15 30 11 45
16 34594650 0 1 0 1 6 3 15 21 9 36
16 34594655 0 1 0 1 3 7 18 15 10 33
16 34594883 0 1 0 1 6 4 16 21 10 37
16 34594890 0 1 0 1 4 6 20 17 10 37
16 34595188 0 1 0 1 3 12 5 40 15 45
16 34595189 0 1 0 1 5 11 13 31 16 44
16 34595481 0 1 0 1 5 21 4 51 26 55
16 34595485 0 1 0 1 8 20 13 46 28 59
16 35221662 0 1 0 1 10 5 30 35 15 65
16 35221669 0 1 0 1 11 5 31 37 16 68
16 35232553 0 1 0 1 4 11 11 43 15 54
16 35259061 0 1 0 1 4 6 8 27 10 35
16 35264161 0 1 0 1 3 16 12 38 19 50
16 46386425 0 1 0 1 3 43 3 118 46 121
16 46386441 0 1 0 1 25 23 53 76 48 129
16 46386474 0 1 0 1 2 26 4 84 28 88
16 46386490 0 1 0 1 4 16 14 50 20 64
16 46386931 0 1 0 1 4 24 12 56 28 68
16 46386991 0 1 0 1 4 23 6 56 27 62
16 46386999 0 1 0 1 6 16 10 52 22 62
16 46387001 0 1 0 1 2 20 5 60 22 65
16 46387052 0 1 0 1 11 8 28 28 19 56
16 46387080 0 1 0 1 4 10 8 29 14 37
16 46387827 0 1 0 1 5 5 5 44 10 49
16 46387844 0 1 0 1 2 18 10 56 20 66
16 46387865 0 1 0 0 3 24 0 90 27 90
16 46387886 0 1 0 1 17 20 33 65 37 98
16 46387909 0 1 0 1 7 40 4 121 47 125
16 46387931 0 1 0 1 2 57 5 151 59 156
16 46387945 0 1 0 1 2 50 5 142 52 147
16 46388671 0 1 0 1 2 47 7 108 49 115
16 46388695 0 1 0 1 2 68 10 147 70 157
16 46388705 0 1 0 1 4 75 10 165 79 175
16 46388718 0 1 0 1 3 82 3 175 85 178
16 46388759 0 1 0 1 15 53 28 124 68 152
16 46388768 0 1 0 1 8 51 18 120 59 138
16 46388823 0 1 0 1 2 8 5 25 10 30
16 46388897 0 1 0 1 9 7 16 22 16 38
16 46388922 0 1 0 1 10 9 14 32 19 46
16 46388943 0 1 0 1 4 22 3 65 26 68
16 46388947 0 1 0 1 9 16 29 43 25 72
16 46388972 0 1 0 1 9 10 33 35 19 68
16 46389000 0 1 0 1 2 15 3 53 17 56
16 46389643 0 1 0 1 3 27 8 54 30 62
16 46389644 0 1 0 1 3 28 9 55 31 64
16 46389729 0 1 0 1 14 19 21 67 33 88
16 46389736 0 1 0 1 6 23 23 58 29 81
16 46389873 0 1 0 1 5 22 11 51 27 62
16 46389899 0 1 0 1 13 29 35 44 42 79
16 46389910 0 1 0 1 4 42 5 82 46 87
16 46389911 0 1 0 1 9 36 23 66 45 89
16 46389957 0 1 0 1 2 72 3 132 74 135
16 46389974 0 1 0 1 59 27 95 55 86 150
16 46390033 0 1 0 1 4 71 5 146 75 151
16 46390047 0 1 0 1 6 61 6 138 67 144
16 46390081 0 1 0 1 5 36 10 83 41 93
16 46390250 0 1 0 1 2 26 3 42 28 45
16 46390265 0 1 0 1 3 40 7 65 43 72
16 46390315 0 1 0 1 6 84 10 156 90 166
16 46390363 0 1 0 1 8 66 19 131 74 150
16 46390374 0 1 0 1 34 38 63 75 72 138
16 46390402 0 1 0 1 2 45 4 98 47 102
16 46390468 0 1 0 1 22 13 51 27 35 78
16 46390523 0 1 0 1 32 35 75 77 67 152
16 46390534 0 1 0 1 10 60 19 136 70 155
16 46390590 0 1 0 1 17 36 49 81 53 130
16 46390616 0 1 0 1 24 33 58 78 57 136
16 46390625 0 1 0 1 15 40 32 105 55 137
16 46390643 0 1 0 1 2 59 13 132 61 145
16 46390661 0 1 0 1 5 61 9 141 66 150
16 46390671 0 1 0 1 9 65 15 145 74 160
16 46390683 0 1 0 1 4 73 4 169 77 173
16 46390691 0 1 0 1 6 71 17 154 77 171
16 46390698 0 1 0 1 2 72 6 165 74 171
16 46390706 0 1 0 1 3 74 10 159 77 169
16 46390716 0 1 0 1 3 69 5 164 72 169
16 46390729 0 1 0 1 4 68 2 160 72 162
16 46390733 0 1 0 1 13 61 16 148 74 164
16 46390743 0 1 0 1 4 68 5 159 72 164
16 46390759 0 1 0 1 4 61 10 144 65 154
16 46390802 0 1 0 1 7 36 19 96 43 115
16 46390811 0 1 0 1 19 12 52 29 31 81
16 46390831 0 1 0 1 18 13 51 33 31 84
16 46390834 0 1 0 1 3 26 6 72 29 78
16 46390835 0 1 0 1 2 27 4 73 29 77
16 46391066 0 1 0 1 5 13 12 44 18 56
16 46391378 0 1 0 1 2 8 9 33 10 42
16 46393109 0 1 0 1 5 7 7 23 12 30
16 46393135 0 1 0 1 2 8 25 27 10 52
16 46394476 0 1 0 1 3 30 8 96 33 104
16 46394526 0 1 0 1 3 53 4 155 56 159
16 46394535 0 1 0 1 9 50 23 133 59 156
16 46394547 0 1 0 1 6 47 3 134 53 137
16 46394627 0 1 0 1 8 42 10 81 50 91
16 46394658 0 1 0 1 2 52 2 102 54 104
16 46394728 0 1 0 1 4 26 7 69 30 76
16 46394756 0 1 0 1 2 38 3 109 40 112
16 46394962 0 1 0 1 2 34 7 105 36 112
16 46398864 0 1 0 1 13 16 34 43 29 77
16 46398956 0 1 0 1 4 38 5 115 42 120
16 46399147 0 1 0 1 3 12 12 33 15 45
16 46399220 0 1 0 1 6 10 12 36 16 48
16 46399271 0 1 0 1 5 20 8 54 25 62
16 46399449 0 1 0 1 3 46 10 93 49 103
16 46399525 0 1 0 1 2 75 12 159 77 171
16 46399526 0 1 0 1 1 72 6 163 73 169
16 46400074 0 1 0 1 2 22 6 60 24 66
16 46400081 0 1 0 1 17 14 44 32 31 76
16 46400111 0 1 1 1 37 13 96 28 50 124
16 46400150 0 1 0 1 2 56 4 124 58 128
16 46400813 0 1 0 1 2 32 11 50 34 61
16 46400868 0 1 0 1 6 61 12 121 67 133
16 46401045 0 1 0 1 5 28 10 54 33 64
16 46401059 0 1 0 0 3 49 0 91 52 91
16 46401089 0 1 0 1 4 53 9 100 57 109
16 46401096 0 1 0 1 11 46 14 95 57 109
16 46401107 0 1 0 1 4 56 10 104 60 114
16 46401112 0 1 0 1 7 52 12 106 59 118
16 46401373 0 1 0 1 3 25 6 63 28 69
16 46401425 0 1 0 1 3 51 2 122 54 124
16 46401449 0 1 0 1 14 35 32 89 49 121
16 46401452 0 1 0 1 14 35 31 86 49 117
16 46401472 0 1 0 1 5 31 3 94 36 97
16 46401476 0 1 0 1 3 33 3 87 36 90
16 46401496 0 1 0 1 11 10 34 35 21 69
16 46401545 0 1 0 1 10 4 53 27 14 80
16 46401549 0 1 0 1 4 14 11 65 18 76
16 46568907 0 1 0 1 36 50 86 92 86 178
16 46574897 0 1 0 1 7 5 22 27 12 49
16 46603965 0 1 0 0 2 32 0 143 34 143
16 46671590 0 1 0 1 7 5 22 18 12 40
16 46671664 0 1 0 1 12 19 55 74 31 129
16 46680617 0 1 0 1 12 15 29 33 27 62
16 46689686 0 1 0 1 62 56 90 105 118 195
16 46709763 0 1 0 1 25 17 55 51 42 106
16 46740087 0 1 0 1 20 15 50 64 35 114
16 46747698 0 1 0 0 2 15 0 63 17 63
16 47129404 0 1 0 1 37 40 82 66 77 148
16 47158846 0 1 0 1 18 13 45 34 31 79
16 47161548 0 1 0 0 2 9 0 39 11 39
16 47161549 0 1 0 0 2 9 0 40 11 40
16 47237965 0 1 0 1 10 9 32 31 19 63
16 47311180 0 1 0 1 7 5 14 14 12 28
16 47587635 0 1 0 0 3 14 0 90 17 90
16 47587662 0 1 0 1 16 12 70 52 28 122
16 47660910 0 1 0 1 19 15 44 43 34 87
16 47661548 0 1 0 1 6 4 13 18 10 31
16 47663707 0 1 0 1 17 23 67 50 40 117
16 47664805 0 1 0 1 26 20 56 38 46 94
16 48088671 0 1 0 1 36 35 72 81 71 153
16 48262727 0 1 0 0 2 23 0 95 25 95
16 49280926 0 1 0 1 15 21 49 48 36 97
16 49731037 0 1 0 1 2 10 13 16 12 29
16 49822780 0 1 0 1 7 5 24 25 12 49
16 50025280 0 1 0 1 11 13 43 46 24 89
16 50304812 0 1 0 1 39 29 71 41 68 112
16 50305378 0 1 0 1 21 17 49 62 38 111
16 50308801 0 1 0 1 29 18 66 57 47 123
16 50322085 0 1 0 1 8 4 30 30 12 60
16 50368344 0 1 0 0 2 12 0 56 14 56
16 50608290 0 1 0 1 25 30 66 87 55 153
16 50675812 0 1 0 1 18 28 73 62 46 135
16 50697185 0 1 0 1 2 8 13 24 10 37
16 50699948 0 1 0 1 33 31 58 73 64 131
16 50710008 0 1 0 1 15 20 45 40 35 85
16 50710713 0 1 0 1 34 41 80 76 75 156
16 50711288 0 1 0 1 51 60 116 76 111 192
16 50711672 0 1 0 1 30 34 68 65 64 133
16 50723365 0 1 0 1 19 29 46 67 48 113
16 50807573 0 1 0 1 7 12 35 48 19 83
16 51138766 0 1 0 1 20 21 68 72 41 140
16 51139648 0 1 0 1 51 50 108 82 101 190
16 52027135 0 1 0 1 33 21 74 86 54 160
16 52051681 0 1 0 1 26 15 60 48 41 108
16 52546588 0 1 0 1 13 20 59 57 33 116
16 53229052 0 1 0 1 22 20 61 62 42 123
16 53285592 0 1 0 1 16 15 41 43 31 84
16 53307836 0 1 0 1 23 31 69 86 54 155
16 53362444 0 1 0 1 11 4 24 21 15 45
16 53442892 0 1 0 1 14 10 34 37 24 71
16 53453345 0 1 0 1 4 8 20 21 12 41
16 53461741 0 1 0 0 3 87 0 163 90 163
16 53462686 0 1 0 1 9 11 30 36 20 66
16 53462713 0 1 0 1 9 7 20 35 16 55
16 53470022 0 1 0 1 45 42 83 100 87 183
16 53470809 0 1 0 1 51 52 79 97 103 176
16 53479121 0 1 0 1 44 34 82 85 78 167
16 53479143 0 1 0 1 35 39 88 90 74 178
16 53490396 0 1 0 1 16 12 40 34 28 74
16 53492639 0 1 0 1 31 23 59 73 54 132
16 53500183 0 1 0 1 21 23 45 82 44 127
16 53602021 0 1 0 1 10 12 26 29 22 55
16 53605526 0 1 0 1 46 42 89 77 88 166
16 53637842 0 1 0 1 43 53 64 77 96 141
16 53638443 0 1 0 1 15 17 19 33 32 52
16 53658287 0 1 0 1 11 6 28 32 17 60
16 53658326 0 1 0 1 20 18 46 53 38 99
16 53664803 0 1 0 1 2 9 19 23 11 42
16 54026293 0 1 0 1 3 8 24 18 11 42
16 54284719 0 1 0 0 2 21 0 82 23 82
16 55325214 0 1 0 1 16 22 48 54 38 102
16 55325229 0 1 0 1 13 16 47 44 29 91
16 55479711 0 1 0 1 36 41 69 69 77 138
16 55481681 0 1 0 1 6 8 25 29 14 54
16 55481709 0 1 0 1 11 13 36 47 24 83
16 55482855 0 1 0 1 7 7 35 34 14 69
16 55485623 0 1 0 1 19 25 53 71 44 124
16 55485789 0 1 0 1 5 12 30 23 17 53
16 55492001 0 1 0 1 6 7 26 13 13 39
16 55493201 0 1 0 1 20 18 53 50 38 103
16 55497118 0 1 0 1 9 16 38 42 25 80
16 55498546 0 1 0 1 4 6 18 20 10 38
16 55502815 0 1 0 1 16 20 50 47 36 97
16 55505279 0 1 0 1 15 18 49 43 33 92
16 55509161 0 1 0 1 26 17 64 66 43 130
16 55528554 0 1 0 1 55 47 74 97 102 171
16 55531854 0 1 0 0 2 9 0 55 11 55
16 55567476 0 1 0 1 39 34 64 92 73 156
16 55695212 0 1 0 1 10 10 30 47 20 77
16 55696212 0 1 0 1 21 24 58 61 45 119
16 55699677 0 1 0 1 28 32 64 62 60 126
16 55702000 0 1 0 1 29 41 72 79 70 151
16 55760753 0 1 0 1 3 18 8 79 21 87
16 55760754 0 1 0 1 3 17 8 79 20 87
16 55783574 0 1 0 0 2 9 0 42 11 42
16 55811116 0 1 0 1 21 17 55 71 38 126
16 55820500 0 1 0 1 13 15 22 35 28 57
16 55820540 0 1 0 1 18 15 37 35 33 72
16 55820543 0 1 0 1 18 13 38 30 31 68
16 55820561 0 1 0 1 6 22 14 44 28 58
16 55823484 0 1 0 1 16 13 39 25 29 64
16 55828671 0 1 0 1 3 36 6 90 39 96
16 55828678 0 1 0 1 4 43 10 96 47 106
16 55828735 0 1 0 1 38 69 60 108 107 168
16 55828779 0 1 0 1 56 67 82 113 123 195
16 55828805 0 1 0 1 54 64 75 107 118 182
16 55828808 0 1 0 1 54 62 74 108 116 182
16 55828850 0 1 0 1 29 53 56 112 82 168
16 55828879 0 1 0 1 22 60 41 121 82 162
16 55828912 0 1 0 1 36 63 41 129 99 170
16 55828924 0 1 0 1 48 66 49 128 114 177
16 55828971 0 1 0 1 78 78 80 119 156 199
16 55828989 0 1 0 1 65 83 67 132 148 199
16 55829043 0 1 0 1 5 67 5 136 72 141
16 55833075 0 1 0 1 3 35 3 108 38 111
16 55833076 0 1 0 1 4 32 3 109 36 112
16 55833094 0 1 0 1 5 31 9 93 36 102
16 55833101 0 1 0 1 7 31 12 86 38 98
16 55846568 0 1 0 1 7 19 48 52 26 100
16 55846622 0 1 0 1 15 23 54 65 38 119
16 55846727 0 1 0 1 38 34 89 86 72 175
16 55846913 0 1 0 1 3 10 17 20 13 37
16 55875251 0 1 0 1 14 13 35 35 27 70
16 56328813 0 1 0 1 33 32 76 59 65 135
16 56334777 0 1 0 1 36 31 68 91 67 159
16 56343836 0 1 0 1 36 49 79 83 85 162
16 56362574 0 1 0 1 63 59 96 96 122 192
16 56402912 0 1 0 1 19 13 43 47 32 90
16 56407950 0 1 0 1 45 30 70 83 75 153
16 56408154 0 1 0 1 7 8 24 23 15 47
16 56425192 0 1 0 0 2 14 0 72 16 72
16 56470812 0 1 0 1 4 10 31 25 14 56
16 56499662 0 1 0 1 7 5 29 13 12 42
16 56618139 0 1 0 1 36 33 79 72 69 151
16 56626929 0 1 0 1 28 34 60 60 62 120
16 56626994 0 1 0 1 52 54 93 88 106 181
16 56633330 0 1 0 1 23 26 72 56 49 128
16 56633370 0 1 0 1 20 14 58 46 34 104
16 56633942 0 1 0 1 22 17 44 39 39 83
16 56636549 0 1 0 1 8 4 24 30 12 54
16 56639315 0 1 0 1 19 15 65 45 34 110
16 56639337 0 1 0 1 26 23 71 64 49 135
16 56639378 0 1 0 1 43 34 85 86 77 171
16 56639498 0 1 0 1 14 18 46 47 32 93
16 56639916 0 1 0 1 23 37 63 69 60 132
16 56649714 0 1 0 1 9 6 17 14 15 31
16 56652142 0 1 0 0 2 16 0 61 18 61
16 56675892 0 1 0 1 15 16 57 59 31 116
16 56677054 0 1 0 0 2 15 0 61 17 61
16 56683070 0 1 0 1 7 13 11 23 20 34
16 56683161 0 1 0 0 2 19 0 75 21 75
16 56839124 0 1 0 0 2 11 0 55 13 55
16 56867153 0 1 0 1 19 27 72 57 46 129
16 56870298 0 1 0 1 5 5 17 20 10 37
16 56892264 0 1 0 1 4 6 15 16 10 31
16 56892916 0 1 0 1 12 15 35 29 27 64
16 57022152 0 1 0 1 32 25 65 74 57 139
16 57023707 0 1 0 1 9 5 33 39 14 72
16 57023742 0 1 0 1 12 7 35 54 19 89
16 57023767 0 1 0 1 13 13 64 40 26 104
16 57025329 0 1 0 1 15 12 45 35 27 80
16 57026812 0 1 0 1 57 61 98 95 118 193
16 57033683 0 1 0 1 18 12 55 60 30 115
16 57034136 0 1 0 1 23 19 54 78 42 132
16 57037201 0 1 0 1 17 10 35 47 27 82
16 57037320 0 1 0 1 34 29 84 67 63 151
16 57037423 0 1 0 1 9 8 33 27 17 60
16 57039771 0 1 0 1 30 35 77 76 65 153
16 57047539 0 1 0 0 2 16 0 73 18 73
16 57051635 0 1 0 1 31 21 85 69 52 154
16 57055218 0 1 0 1 33 33 72 73 66 145
16 57069667 0 1 0 1 12 14 48 33 26 81
16 57077320 0 1 0 1 64 64 94 97 128 191
16 57079317 0 1 0 1 11 23 37 55 34 92
16 57111008 0 1 0 1 14 15 44 32 29 76
16 57111009 0 1 0 1 15 15 45 32 30 77
16 57121682 0 1 0 0 2 27 0 114 29 114
16 57121747 0 1 0 0 2 26 0 118 28 118
16 57123294 0 1 0 1 17 27 44 68 44 112
16 57125336 0 1 0 1 20 14 64 65 34 129
16 57137024 0 1 0 1 17 7 50 28 24 78
16 57358941 0 1 0 1 6 14 38 32 20 70
16 57363537 0 1 0 1 18 16 62 56 34 118
16 57382498 0 1 0 0 2 25 0 92 27 92
16 57404821 0 1 0 1 17 25 59 87 42 146
16 57436652 0 1 0 1 20 11 50 60 31 110
16 57440756 0 1 0 1 34 30 66 91 64 157
16 57440775 0 1 0 1 39 27 65 90 66 155
16 57462836 0 1 0 1 14 9 36 34 23 70
16 57465929 0 1 0 1 13 13 55 42 26 97
16 57469301 0 1 0 1 43 54 88 95 97 183
16 57475048 0 1 0 1 16 27 49 84 43 133
16 57476049 0 1 0 1 6 10 28 36 16 64
16 57479350 0 1 0 1 13 15 30 39 28 69
16 57528511 0 1 0 1 10 18 47 45 28 92
16 57562087 0 1 0 1 22 43 87 80 65 167
16 57567880 0 1 0 1 31 32 54 90 63 144
16 57591558 0 1 0 1 4 6 17 17 10 34
16 57655473 0 1 0 1 30 27 63 81 57 144
16 57656694 0 1 0 1 19 25 41 39 44 80
16 57657353 0 1 0 1 17 18 66 42 35 108
16 57657447 0 1 0 0 2 34 0 131 36 131
16 57661656 0 1 0 1 8 3 15 17 11 32
16 57661692 0 1 0 1 11 7 33 26 18 59
16 57668362 0 1 0 1 12 13 37 39 25 76
16 57668447 0 1 0 1 7 6 24 21 13 45
16 57674504 0 1 0 1 26 21 65 72 47 137
16 57676165 0 1 0 1 9 16 28 42 25 70
16 57676181 0 1 0 1 21 15 55 33 36 88
16 57679338 0 1 0 1 22 36 58 69 58 127
16 57679622 0 1 0 1 10 11 32 27 21 59
16 57679767 0 1 0 1 52 58 99 96 110 195
16 57679773 0 1 0 1 52 54 93 102 106 195
16 57689840 0 1 0 1 26 33 69 75 59 144
16 57698174 0 1 0 0 2 15 0 71 17 71
16 57701988 0 1 0 1 37 58 98 95 95 193
16 57702135 0 1 0 1 18 20 43 48 38 91
16 57704828 0 1 0 1 10 15 23 46 25 69
16 57704898 0 1 0 1 12 17 36 55 29 91
16 57707434 0 1 0 1 7 7 23 21 14 44
16 57707700 0 1 0 1 38 24 82 75 62 157
16 57714933 0 1 0 1 3 13 15 28 16 43
16 57722652 0 1 0 1 33 25 56 68 58 124
16 57722731 0 1 0 1 48 43 89 102 91 191
16 57724596 0 1 0 1 3 10 13 25 13 38
16 57728489 0 1 0 1 23 32 61 77 55 138
16 57766905 0 1 0 0 2 32 0 128 34 128
16 57816237 0 1 0 1 30 20 58 63 50 121
16 57888180 0 1 0 1 18 7 30 25 25 55
16 57916274 0 1 0 1 38 30 67 69 68 136
16 57916366 0 1 0 1 7 8 26 18 15 44
16 57940085 0 1 0 1 12 13 34 43 25 77
16 57940336 0 1 0 1 18 23 60 46 41 106
16 57955363 0 1 0 0 2 26 0 99 28 99
16 57985165 0 1 0 1 10 18 35 39 28 74
16 57985166 0 1 0 1 17 11 39 41 28 80
16 57985349 0 1 0 1 22 28 71 68 50 139
16 57985492 0 1 0 1 26 34 72 74 60 146
16 58002470 0 1 0 0 3 88 0 166 91 166
16 58494908 0 1 0 1 22 30 51 68 52 119
16 58500179 0 1 0 0 2 38 0 143 40 143
16 58670957 0 1 0 1 9 12 41 32 21 73
16 58679717 0 1 0 1 48 28 77 77 76 154
16 58679894 0 1 0 1 36 37 91 76 73 167
16 58709550 0 1 0 1 30 44 74 81 74 155
16 58716700 0 1 0 1 17 15 33 32 32 65
16 58723764 0 1 0 1 10 28 52 82 38 134
16 58723779 0 1 0 1 9 26 47 69 35 116
16 64988211 0 1 0 1 43 55 90 96 98 186
16 64991755 0 1 0 1 12 12 48 48 24 96
16 64991946 0 1 0 1 30 13 63 58 43 121
16 64992907 0 1 0 1 2 100 2 174 102 176
16 66477724 0 1 0 1 17 21 55 51 38 106
16 66513857 0 1 0 1 12 15 38 51 27 89
16 66609693 0 1 0 1 15 19 55 49 34 104
16 66727719 0 1 0 1 22 14 52 58 36 110
16 66851749 0 1 0 1 17 26 49 57 43 106
16 66852656 0 1 0 1 20 18 27 35 38 62
16 66937877 0 1 0 1 6 5 20 18 11 38
16 67003010 0 1 0 1 13 6 31 28 19 59
16 67145500 0 1 0 1 27 35 69 82 62 151
16 67155716 0 1 0 0 2 9 0 45 11 45
16 67203495 0 1 0 0 3 71 0 150 74 150
16 67223810 0 1 0 0 3 14 0 55 17 55
16 67255563 0 1 0 1 19 25 56 71 44 127
16 67544493 0 1 0 1 11 11 33 35 22 68
16 67942417 0 1 0 1 32 45 86 79 77 165
16 68191612 0 1 0 1 55 48 98 92 103 190
16 68255930 0 1 0 0 2 17 0 71 19 71
16 68310793 0 1 0 1 27 51 81 102 78 183
16 68311042 0 1 0 1 24 19 47 57 43 104
16 68329278 0 1 0 1 15 9 40 37 24 77
16 68353470 0 1 0 1 32 36 68 80 68 148
16 68353593 0 1 0 1 19 20 66 48 39 114
16 68355869 0 1 0 1 8 12 27 53 20 80
16 68357286 0 1 0 1 18 28 43 33 46 76
16 68361191 0 1 0 1 18 11 43 45 29 88
16 68363627 0 1 0 1 7 10 21 22 17 43
16 68364006 0 1 0 1 4 8 17 24 12 41
16 68365021 0 1 0 1 48 43 94 88 91 182
16 68557407 0 1 0 0 2 22 0 112 24 112
16 68678096 0 1 0 1 27 36 62 68 63 130
16 68679827 0 1 0 1 26 34 71 76 60 147
16 68679920 0 1 0 1 25 39 81 77 64 158
16 68682276 0 1 0 1 24 19 65 59 43 124
16 68684464 0 1 0 1 11 9 47 32 20 79
16 68684847 0 1 0 1 30 22 64 47 52 111
16 68685210 0 1 0 1 19 7 49 61 26 110
16 68686368 0 1 0 1 8 11 37 31 19 68
16 68686441 0 1 0 1 20 12 39 55 32 94
16 68686474 0 1 0 0 2 27 0 107 29 107
16 68686567 0 1 0 1 13 15 48 41 28 89
16 68687437 0 1 0 1 8 12 28 33 20 61
16 68687567 0 1 0 1 45 64 85 91 109 176
16 68687630 0 1 0 1 40 50 90 84 90 174
16 68691880 0 1 0 1 11 4 29 35 15 64
16 68695209 0 1 0 1 20 38 52 71 58 123
16 68695882 0 1 0 1 55 41 92 93 96 185
16 68698146 0 1 0 1 15 28 67 77 43 144
16 68811633 0 1 0 0 2 32 0 130 34 130
16 68813448 0 1 0 1 52 58 86 89 110 175
16 69143365 0 1 0 1 28 37 64 70 65 134
16 69270145 0 1 0 1 44 40 84 90 84 174
16 69299575 0 1 0 0 4 25 0 68 29 68
16 69343650 0 1 0 1 5 7 35 23 12 58
16 69351644 0 1 0 0 2 25 0 106 27 106
16 69361531 0 1 0 1 10 14 39 40 24 79
16 69749210 0 1 0 0 3 61 0 162 64 162
16 69786981 0 1 0 0 3 31 0 85 34 85
16 69925234 0 1 0 0 2 11 0 44 13 44
16 69929330 0 1 0 0 2 18 0 70 20 70
16 69929452 0 1 0 1 22 23 73 73 45 146
16 69931121 0 1 0 1 58 39 90 91 97 181
16 69931378 0 1 0 1 11 12 46 24 23 70
16 69931506 0 1 0 0 2 28 0 108 30 108
16 69931689 0 1 0 1 21 11 49 48 32 97
16 69933025 0 1 0 0 2 22 0 95 24 95
16 69933994 0 1 0 1 29 31 79 87 60 166
16 69936097 0 1 0 1 9 7 33 20 16 53
16 69936426 0 1 0 1 20 43 83 65 63 148
16 69939224 0 1 0 1 32 39 83 89 71 172
16 69939752 0 1 0 1 27 33 63 36 60 99
16 69954470 0 1 0 1 2 34 4 105 36 109
16 69954560 0 1 0 1 2 19 9 61 21 70
16 69976555 0 1 0 1 10 6 22 24 16 46
16 69982513 0 1 0 1 24 17 35 55 41 90
16 70011845 0 1 0 1 4 6 17 19 10 36
16 70011925 0 1 0 1 6 6 5 28 12 33
16 70018042 0 1 0 1 4 6 23 23 10 46
16 70031083 0 1 0 0 2 14 0 55 16 55
16 70034183 0 1 0 1 14 18 45 42 32 87
16 70120577 0 1 0 1 19 67 34 135 86 169
16 70127360 0 1 0 1 2 44 4 83 46 87
16 70128629 0 1 0 1 3 12 8 20 15 28
16 70138880 0 1 0 1 15 43 31 97 58 128
16 70143674 0 1 0 1 12 61 13 109 73 122
16 70143745 0 1 0 1 8 22 13 60 30 73
16 70147634 0 1 0 1 6 8 31 32 14 63
16 70148346 0 1 0 1 2 9 8 34 11 42
16 70148472 0 1 0 1 2 62 5 147 64 152
16 70148487 0 1 0 1 5 66 13 150 71 163
16 70153261 0 1 1 1 15 11 49 16 26 65
16 70153367 0 1 0 1 32 78 53 127 110 180
16 70156498 0 1 0 1 26 56 47 112 82 159
16 70157126 0 1 0 1 20 34 49 108 54 157
16 70177323 0 1 1 1 11 4 30 9 15 39
16 70177387 0 1 0 1 36 17 76 61 53 137
16 70253274 0 1 0 1 74 65 98 102 139 200
16 70269677 0 1 0 1 18 47 80 91 65 171
16 70316206 0 1 0 0 3 25 0 61 28 61
16 70361484 0 1 0 1 42 33 83 83 75 166
16 70388328 0 1 0 1 6 4 23 15 10 38
16 70463563 0 1 0 1 10 17 43 44 27 87
16 70467524 0 1 0 0 2 31 0 120 33 120
16 70473004 0 1 0 1 25 24 58 77 49 135
16 70481452 0 1 0 1 35 31 87 73 66 160
16 70481697 0 1 0 1 16 19 55 55 35 110
16 70482206 0 1 0 1 29 46 71 88 75 159
16 70508450 0 1 0 1 51 43 90 82 94 172
16 70514394 0 1 0 1 25 14 50 74 39 124
16 70554970 0 1 0 1 10 9 33 26 19 59
16 70646947 0 1 0 1 19 20 56 63 39 119
16 70657086 0 1 0 1 20 18 54 64 38 118
16 70692892 0 1 0 1 28 23 66 61 51 127
16 70693037 0 1 0 1 10 17 27 37 27 64
16 70698580 0 1 0 1 8 8 25 26 16 51
16 70857887 0 1 0 1 38 38 61 76 76 137
16 70981610 0 1 0 0 2 10 0 51 12 51
16 71066935 0 1 0 1 14 31 33 79 45 112
16 71175606 0 1 0 0 2 32 0 123 34 123
16 71185023 0 1 0 1 21 13 44 39 34 83
16 71186977 0 1 0 1 5 7 20 22 12 42
16 71203684 0 1 0 1 10 11 42 45 21 87
16 71203790 0 1 0 0 2 26 0 98 28 98
16 71203799 0 1 0 1 13 14 46 40 27 86
16 71230496 0 1 0 1 24 17 40 58 41 98
16 71230620 0 1 0 1 26 32 58 86 58 144
16 71230658 0 1 0 1 19 15 46 72 34 118
16 71284674 0 1 0 1 15 20 79 51 35 130
16 71285997 0 1 0 1 10 8 19 26 18 45
16 71383860 0 1 0 1 20 16 51 39 36 90
16 71383880 0 1 0 1 22 25 50 61 47 111
16 71389584 0 1 0 1 27 43 65 85 70 150
16 71431710 0 1 0 1 11 10 28 42 21 70
16 71449594 0 1 0 1 72 54 98 101 126 199
16 71475685 0 1 0 1 14 20 42 52 34 94
16 71475731 0 1 0 1 15 11 40 62 26 102
16 71475893 0 1 0 1 20 20 72 63 40 135
16 71476073 0 1 0 1 30 24 62 83 54 145
16 71570566 0 1 0 1 11 9 30 17 20 47
16 71572813 0 1 0 1 7 3 22 26 10 48
16 71626212 0 1 0 1 20 29 65 73 49 138
16 71634897 0 1 0 1 9 9 35 30 18 65
16 71644776 0 1 0 1 20 34 66 80 54 146
16 71667345 0 1 0 1 9 16 55 38 25 93
16 71669533 0 1 0 1 11 11 36 35 22 71
16 71676525 0 1 0 1 35 40 70 80 75 150
16 71678883 0 1 0 1 56 32 89 101 88 190
16 71684463 0 1 0 1 14 24 46 59 38 105
16 71698364 0 1 0 1 6 5 16 15 11 31
16 71738892 0 1 0 1 11 8 17 17 19 34
16 71739287 0 1 0 1 22 26 77 61 48 138
16 71765444 0 1 0 1 11 6 19 23 17 42
16 71771053 0 1 0 1 31 34 57 76 65 133
16 71771257 0 1 0 1 4 6 15 15 10 30
16 71773501 0 1 0 1 9 5 24 20 14 44
16 71835617 0 1 0 1 8 6 22 33 14 55
16 71835629 0 1 0 1 8 9 28 41 17 69
16 71835827 0 1 0 1 17 29 41 66 46 107
16 71883155 0 1 0 1 19 23 56 59 42 115
16 71894947 0 1 0 1 5 6 35 31 11 66
16 71916547 0 1 0 1 10 14 41 36 24 77
16 71921497 0 1 0 1 19 29 47 72 48 119
16 71922614 0 1 0 1 6 73 4 108 79 112
16 71922626 0 1 0 1 6 135 10 189 141 199
16 71933983 0 1 0 1 74 66 89 103 140 192
16 71953047 0 1 0 1 34 31 80 74 65 154
16 71953096 0 1 0 1 31 26 72 70 57 142
16 71954061 0 1 0 1 6 11 16 19 17 35
16 71954207 0 1 0 1 38 35 62 100 73 162
16 71963407 0 1 0 1 19 14 45 53 33 98
16 71963442 0 1 0 0 2 14 0 59 16 59
16 71967211 0 1 0 1 20 44 63 66 64 129
16 71968072 0 1 0 1 4 10 15 20 14 35
16 71969833 0 1 0 1 20 23 53 43 43 96
16 71970053 0 1 0 1 27 24 65 66 51 131
16 71973500 0 1 0 1 30 27 73 71 57 144
16 71986235 0 1 0 1 38 55 85 91 93 176
16 71993292 0 1 0 1 36 45 71 79 81 150
16 71998332 0 1 0 1 25 19 59 81 44 140
16 71999902 0 1 0 1 31 28 67 74 59 141
16 72005706 0 1 0 1 11 10 42 41 21 83
16 72101210 0 1 0 1 35 44 74 95 79 169
16 72139375 0 1 0 0 2 34 0 127 36 127
16 74332633 0 1 0 1 18 49 46 99 67 145
16 74332774 0 1 0 1 2 9 7 23 11 30
16 74360773 0 1 0 1 27 38 60 89 65 149
16 74418062 0 1 0 1 3 23 9 58 26 67
16 74418072 0 1 0 1 2 31 9 75 33 84
16 74439368 0 1 0 1 7 4 16 33 11 49
16 74451890 0 1 0 1 17 8 42 33 25 75
16 74451910 0 1 0 1 12 21 42 54 33 96
16 74456631 0 1 0 1 32 31 48 84 63 132
16 74456658 0 1 0 1 35 40 63 95 75 158
16 74467958 0 1 0 1 24 15 41 52 39 93
16 74469962 0 1 0 1 40 44 83 90 84 173
16 74472549 0 1 0 1 7 5 35 21 12 56
16 74503693 0 1 0 1 49 58 92 87 107 179
16 74626276 0 1 0 1 8 4 16 20 12 36
16 74630800 0 1 0 1 19 24 68 42 43 110
16 74630845 0 1 0 1 39 24 64 88 63 152
16 74630912 0 1 0 1 38 38 74 94 76 168
16 74632736 0 1 0 1 4 8 28 23 12 51
16 74660891 0 1 0 0 2 15 0 75 17 75
16 74667831 0 1 0 1 9 5 21 19 14 40
16 74668452 0 1 0 1 6 11 26 43 17 69
16 74675839 0 1 0 1 25 29 66 63 54 129
16 74678997 0 1 0 1 2 28 2 91 30 93
16 74716498 0 1 0 1 30 57 95 92 87 187
16 74716507 0 1 0 1 30 58 89 95 88 184
16 74719181 0 1 0 1 15 19 39 38 34 77
16 74774527 0 1 0 1 15 9 52 35 24 87
16 74843856 0 1 0 1 7 8 16 15 15 31
16 74908900 0 1 0 1 25 20 63 59 45 122
16 74938322 0 1 0 1 22 13 44 49 35 93
16 75093711 0 1 0 1 11 10 34 28 21 62
16 75112546 0 1 0 0 2 35 0 145 37 145
16 75114533 0 1 0 1 8 7 35 19 15 54
16 75114706 0 1 0 1 16 17 66 58 33 124
16 75192526 0 1 0 0 2 21 0 96 23 96
16 75192940 0 1 0 1 40 36 80 80 76 160
16 75224719 0 1 0 1 13 12 45 42 25 87
16 75235636 0 1 0 1 37 30 74 80 67 154
16 75236823 0 1 0 1 5 6 29 43 11 72
16 75242877 0 1 0 1 14 6 28 27 20 55
16 75248066 0 1 0 1 32 34 72 85 66 157
16 75251308 0 1 0 1 7 5 22 23 12 45
16 75294018 0 1 0 1 60 40 60 123 100 183
16 75304957 0 1 0 1 33 31 53 80 64 133
16 75411707 0 1 0 1 3 7 22 13 10 35
16 75411777 0 1 0 1 15 10 43 40 25 83
16 75414761 0 1 0 1 7 10 11 19 17 30
16 75433307 0 1 0 0 2 26 0 112 28 112
16 75464355 0 1 0 1 14 10 47 43 24 90
16 75464422 0 1 0 1 12 16 46 52 28 98
16 75541514 0 1 0 0 3 53 0 119 56 119
16 76309870 0 1 0 1 6 6 18 17 12 35
16 76309915 0 1 0 1 10 11 27 25 21 52
16 76309916 0 1 0 1 10 11 25 25 21 50
16 76316541 0 1 0 1 24 31 66 83 55 149
16 76355544 0 1 0 1 20 34 52 86 54 138
16 76427376 0 1 0 1 9 21 36 38 30 74
16 76461945 0 1 0 1 11 24 46 45 35 91
16 76462128 0 1 0 1 7 13 39 29 20 68
16 76467325 0 1 0 1 7 11 29 35 18 64
16 76521280 0 1 0 1 60 50 71 92 110 163
16 76868825 0 1 0 1 11 8 26 27 19 53
16 77194969 0 1 0 1 31 60 95 91 91 186
16 77212074 0 1 0 1 11 8 28 29 19 57
16 77212620 0 1 0 1 9 13 37 42 22 79
16 77247938 0 1 0 1 8 11 27 25 19 52
16 77289196 0 1 0 1 15 10 47 34 25 81
16 77289338 0 1 0 1 29 33 73 72 62 145
16 77291428 0 1 0 1 19 15 70 74 34 144
16 77293108 0 1 0 1 28 18 58 56 46 114
16 77297338 0 1 0 1 50 64 89 103 114 192
16 77320076 0 1 0 1 11 33 45 59 44 104
16 77326022 0 1 0 1 40 23 64 66 63 130
16 77326122 0 1 0 1 5 6 19 19 11 38
16 77341725 0 1 0 0 3 78 0 172 81 172
16 77359310 0 1 0 1 21 25 58 50 46 108
16 77359433 0 1 0 1 27 21 70 89 48 159
16 77364184 0 1 0 1 27 33 71 54 60 125
16 77367648 0 1 0 1 43 44 93 98 87 191
16 77367787 0 1 0 1 13 9 39 46 22 85
16 77735782 0 1 0 1 17 14 29 45 31 74
16 77736777 0 1 0 0 2 23 0 90 25 90
16 77741562 0 1 0 1 18 16 46 54 34 100
16 77741775 0 1 0 1 35 46 73 88 81 161
16 77862725 0 1 0 1 7 6 24 26 13 50
16 77879069 0 1 0 1 13 8 23 27 21 50
16 77879322 0 1 0 1 19 16 34 46 35 80
16 77977662 0 1 0 1 24 17 51 48 41 99
16 78028293 0 1 0 1 13 9 35 41 22 76
16 78028322 0 1 0 1 5 6 23 26 11 49
16 78029246 0 1 0 1 26 18 46 46 44 92
16 78030454 0 1 0 1 36 29 73 73 65 146
16 78049108 0 1 0 1 14 8 50 30 22 80
16 78049580 0 1 0 1 9 12 30 29 21 59
16 78049845 0 1 1 1 8 4 21 7 12 28
16 78051825 0 1 0 1 9 16 39 29 25 68
16 78051939 0 1 0 1 41 38 82 87 79 169
16 78099774 0 1 0 1 19 13 51 47 32 98
16 78108411 0 1 0 1 9 23 16 54 32 70
16 78115170 0 1 0 1 23 30 72 74 53 146
16 78115276 0 1 0 1 8 6 15 19 14 34
16 78278592 0 1 0 1 6 19 36 42 25 78
16 78278600 0 1 0 1 7 19 39 42 26 81
16 78278630 0 1 0 1 5 17 40 43 22 83
16 78386878 0 1 0 1 41 45 84 85 86 169
16 78386985 0 1 0 1 24 34 58 74 58 132
16 78691117 0 1 0 1 25 25 56 67 50 123
16 78756868 0 1 0 1 25 13 51 61 38 112
16 79211923 0 1 0 1 27 29 88 51 56 139
16 79212059 0 1 0 1 30 30 75 65 60 140
16 79212064 0 1 0 1 29 31 72 66 60 138
16 79599886 0 1 0 0 2 15 0 92 17 92
16 80540845 0 1 0 1 37 52 68 82 89 150
16 80547650 0 1 0 1 28 25 49 42 53 91
16 80547683 0 1 0 1 39 38 71 67 77 138
16 80548970 0 1 0 1 35 51 66 104 86 170
16 80549600 0 1 0 1 41 57 74 97 98 171
16 80550445 0 1 0 1 11 8 26 24 19 50
16 81028550 0 1 0 1 4 29 15 97 33 112
16 81117544 0 1 0 1 30 33 76 75 63 151
16 81148310 0 1 0 0 2 31 0 118 33 118
16 81151897 0 1 0 1 5 10 43 40 15 83
16 81160923 0 1 0 1 17 26 48 51 43 99
16 81165824 0 1 0 1 32 46 84 87 78 171
16 81165933 0 1 0 1 10 20 44 54 30 98
16 81165939 0 1 0 1 9 18 43 50 27 93
16 81165949 0 1 0 1 6 18 34 45 24 79
16 81165950 0 1 0 1 6 16 34 45 22 79
16 81167902 0 1 0 1 13 8 36 40 21 76
16 81168015 0 1 0 1 27 19 88 63 46 151
16 81168020 0 1 0 1 27 19 87 66 46 153
16 81168169 0 1 0 1 13 5 31 32 18 63
16 81170818 0 1 0 1 39 46 84 91 85 175
16 81171115 0 1 0 1 16 12 35 46 28 81
16 81174570 0 1 0 1 36 53 66 98 89 164
16 81174598 0 1 0 1 37 63 76 105 100 181
16 81174910 0 1 0 1 27 22 68 71 49 139
16 81175602 0 1 0 1 15 11 49 45 26 94
16 81215330 0 1 0 1 6 7 24 26 13 50
16 81245515 0 1 0 1 47 54 94 92 101 186
16 81262175 0 1 0 1 19 29 77 74 48 151
16 81262297 0 1 0 1 28 22 73 58 50 131
16 81268089 0 1 0 1 18 23 59 48 41 107
16 81270154 0 1 0 1 17 27 48 55 44 103
16 81290268 0 1 0 0 2 19 0 102 21 102
16 81351824 0 1 0 1 4 13 25 9 17 34
16 81356734 0 1 0 1 11 11 32 33 22 65
16 81362433 0 1 0 1 7 19 31 32 26 63
16 81362662 0 1 0 1 39 57 78 76 96 154
16 81362737 0 1 0 1 13 17 32 30 30 62
16 81476441 0 1 0 1 11 5 58 42 16 100
16 81783128 0 1 0 1 9 18 54 56 27 110
16 81785881 0 1 0 1 10 13 32 31 23 63
16 81858393 0 1 0 1 45 39 116 61 84 177
16 81869192 0 1 0 1 30 29 59 73 59 132
16 81869385 0 1 0 1 14 16 45 46 30 91
16 81869450 0 1 0 1 6 6 15 19 12 34
16 81871069 0 1 0 1 16 16 33 40 32 73
16 81871106 0 1 0 1 6 11 19 18 17 37
16 81881014 0 1 0 1 9 13 33 35 22 68
16 81895774 0 1 0 1 16 20 41 40 36 81
16 81895922 0 1 0 1 46 56 77 109 102 186
16 81896036 0 1 0 1 14 11 40 53 25 93
16 81897757 0 1 0 1 10 10 27 36 20 63
16 81905545 0 1 0 1 12 11 35 28 23 63
16 81905552 0 1 0 1 11 11 23 31 22 54
16 81907555 0 1 0 1 7 5 27 22 12 49
16 81907714 0 1 0 1 23 15 54 56 38 110
16 81908329 0 1 0 1 9 9 29 31 18 60
16 81912763 0 1 0 1 22 31 67 77 53 144
16 81921184 0 1 0 1 26 26 52 73 52 125
16 81928466 0 1 0 1 13 9 35 27 22 62
16 81937798 0 1 0 1 24 32 86 78 56 164
16 81940183 0 1 0 1 6 7 16 23 13 39
16 82435026 0 1 0 1 14 15 47 46 29 93
16 82639315 0 1 0 1 15 15 43 36 30 79
16 82884163 0 1 0 1 18 27 65 50 45 115
16 82884247 0 1 0 1 29 33 78 71 62 149
16 83180833 0 1 0 1 8 8 23 38 16 61
16 83180875 0 1 0 1 12 18 42 47 30 89
16 83508456 0 1 0 1 7 6 24 11 13 35
16 83720210 0 1 0 1 14 5 41 47 19 88
16 83747999 0 1 0 1 11 18 36 24 29 60
16 83779906 0 1 0 1 26 34 62 59 60 121
16 83783414 0 1 0 1 17 9 38 45 26 83
16 83809187 0 1 0 1 7 7 21 18 14 39
16 83809239 0 1 0 1 15 13 38 43 28 81
16 83839866 0 1 0 1 6 7 16 11 13 27
16 83852886 0 1 0 1 37 47 80 73 84 153
16 83852893 0 1 0 1 42 50 86 75 92 161
16 83906875 0 1 0 1 36 21 53 47 57 100
16 83906889 0 1 0 1 24 38 59 56 62 115
16 83915430 0 1 0 0 2 30 0 110 32 110
16 83950850 0 1 0 1 2 11 7 27 13 34
16 84176003 0 1 0 1 29 50 84 92 79 176
16 84182261 0 1 0 1 21 28 71 52 49 123
16 84194295 0 1 0 1 24 27 71 64 51 135
16 84195954 0 1 0 0 2 28 0 121 30 121
16 84197018 0 1 1 1 5 5 33 10 10 43
16 84223013 0 1 0 1 17 9 39 27 26 66
16 84236870 0 1 0 1 24 42 84 78 66 162
16 84408383 0 1 0 1 30 39 86 85 69 171
16 84415418 0 1 0 1 22 30 54 56 52 110
16 84415426 0 1 0 1 28 34 58 63 62 121
16 84415600 0 1 0 1 17 20 45 53 37 98
16 84422355 0 1 0 1 14 13 53 37 27 90
16 84423021 0 1 0 1 9 6 21 16 15 37
16 84439366 0 1 0 1 15 19 61 57 34 118
16 84440878 0 1 0 1 22 16 66 58 38 124
16 84442416 0 1 0 1 16 32 64 49 48 113
16 84442594 0 1 0 1 20 29 46 62 49 108
16 84442618 0 1 0 1 16 13 46 31 29 77
16 84452071 0 1 0 1 45 49 78 96 94 174
16 84453094 0 1 0 1 15 11 33 28 26 61
16 84453297 0 1 0 1 23 35 78 69 58 147
16 84459474 0 1 0 1 29 31 70 78 60 148
16 84459475 0 1 0 1 28 30 79 69 58 148
16 84460562 0 1 0 1 32 23 80 66 55 146
16 84461903 0 1 0 1 52 35 89 88 87 177
16 84463563 0 1 0 1 20 21 59 54 41 113
16 84463580 0 1 0 1 28 26 62 71 54 133
16 84480735 0 1 0 1 19 30 64 64 49 128
16 84482703 0 1 0 1 49 44 81 88 93 169
16 84486617 0 1 0 1 11 12 30 45 23 75
16 84486719 0 1 0 1 36 39 83 97 75 180
16 84489291 0 1 0 1 5 13 26 44 18 70
16 84494629 0 1 0 1 7 6 11 20 13 31
16 84494687 0 1 0 1 11 13 25 47 24 72
16 84566741 0 1 0 1 9 5 18 24 14 42
16 84566989 0 1 0 1 9 11 42 42 20 84
16 84659543 0 1 0 1 7 4 20 14 11 34
16 84661520 0 1 0 1 5 6 23 17 11 40
16 84661674 0 1 0 1 42 55 83 100 97 183
16 84661884 0 1 0 1 24 34 68 77 58 145
16 84704716 0 1 0 0 3 40 0 127 43 127
16 84704717 0 1 0 0 3 42 0 127 45 127
16 84740514 0 1 0 1 11 8 29 31 19 60
16 84745079 0 1 0 1 47 38 90 93 85 183
16 84745548 0 1 0 1 2 29 4 129 31 133
16 84745613 0 1 0 1 2 34 4 138 36 142
16 84758822 0 1 0 1 31 36 70 55 67 125
16 84764397 0 1 0 1 14 11 38 38 25 76
16 84775218 0 1 0 1 49 32 82 75 81 157
16 84845680 0 1 0 1 9 12 37 35 21 72
16 84845718 0 1 0 1 21 18 59 57 39 116
16 84845858 0 1 0 1 23 30 51 92 53 143
16 84849505 0 1 0 0 2 29 0 108 31 108
16 84873896 0 1 0 1 3 22 14 42 25 56
16 84873897 0 1 0 1 3 23 10 50 26 60
16 84874064 0 1 0 1 21 25 46 67 46 113
16 84889253 0 1 0 1 36 33 77 72 69 149
16 84906873 0 1 0 1 7 11 29 23 18 52
16 84976364 0 1 0 1 11 21 46 49 32 95
16 84978016 0 1 0 1 13 5 35 34 18 69
16 84988923 0 1 0 0 2 23 0 94 25 94
16 84990249 0 1 0 1 23 16 55 54 39 109
16 85078381 0 1 0 1 43 47 84 83 90 167
16 85078491 0 1 0 1 13 14 46 38 27 84
16 85105567 0 1 0 1 15 19 43 52 34 95
16 85107686 0 1 0 1 20 18 43 74 38 117
16 85107950 0 1 0 1 51 52 91 91 103 182
16 85108055 0 1 0 1 27 32 75 75 59 150
16 85112328 0 1 0 1 2 60 2 148 62 150
16 85112371 0 1 0 1 21 30 63 67 51 130
16 85652150 0 1 0 1 3 7 24 22 10 46
16 85654473 0 1 0 0 2 13 0 69 15 69
16 85672441 0 1 0 1 17 28 61 87 45 148
16 85687349 0 1 0 1 2 10 26 33 12 59
16 85688749 0 1 0 1 10 10 29 30 20 59
16 85688750 0 1 0 1 9 10 29 29 19 58
16 85688954 0 1 0 1 10 13 37 41 23 78
16 85735111 0 1 0 1 13 21 37 48 34 85
16 85741491 0 1 0 1 10 5 25 25 15 50
16 85779625 0 1 0 1 7 10 28 21 17 49
16 85780274 0 1 0 1 7 15 24 23 22 47
16 85805605 0 1 0 1 28 33 65 75 61 140
16 85806371 0 1 0 1 16 17 41 34 33 75
16 86532276 0 1 0 1 31 37 68 81 68 149
16 86541120 0 1 0 1 35 50 85 76 85 161
16 86541212 0 1 0 1 42 46 82 78 88 160
16 86555387 0 1 0 1 35 36 58 91 71 149
16 87644185 0 1 0 1 16 12 28 41 28 69
16 87644538 0 1 0 1 54 62 97 99 116 196
16 87684105 0 1 0 1 6 4 38 31 10 69
16 87684312 0 1 0 1 22 19 40 48 41 88
16 87690232 0 1 0 1 39 39 88 98 78 186
16 87700387 0 1 0 1 20 25 74 83 45 157
16 87700894 0 1 0 1 10 6 23 36 16 59
16 87702554 0 1 0 1 8 16 37 25 24 62
16 87755227 0 1 0 1 10 21 30 48 31 78
16 87839865 0 1 0 1 19 19 60 60 38 120
16 87840534 0 1 0 1 23 20 70 48 43 118
16 87926954 0 1 0 1 12 12 41 27 24 68
16 87981210 0 1 0 1 24 20 60 39 44 99
16 87984203 0 1 0 1 20 20 58 69 40 127
16 88006081 0 1 0 0 3 14 0 56 17 56
16 88018555 0 1 0 1 19 19 77 53 38 130
16 88027544 0 1 0 1 17 17 43 58 34 101
16 88071447 0 1 0 1 27 29 77 77 56 154
16 88431813 0 1 0 1 59 66 99 90 125 189
16 88434626 0 1 0 1 13 20 64 51 33 115
16 88435563 0 1 0 1 22 22 62 77 44 139
16 88437704 0 1 0 1 3 92 2 181 95 183
16 88439378 0 1 0 1 8 5 33 24 13 57
16 88453619 0 1 0 1 10 9 29 31 19 60
16 88488893 0 1 0 1 6 10 26 22 16 48
16 88526810 0 1 0 1 8 7 35 19 15 54
16 88527075 0 1 0 1 7 9 25 26 16 51
16 88532081 0 1 0 1 34 35 81 82 69 163
16 88533266 0 1 0 0 2 26 0 97 28 97
16 88534384 0 1 0 1 15 16 49 56 31 105
16 88566644 0 1 0 1 32 42 56 82 74 138
16 88577049 0 1 0 1 17 20 56 52 37 108
16 88577597 0 1 0 1 13 10 42 35 23 77
16 88586472 0 1 0 1 9 21 48 40 30 88
16 88608786 0 1 0 1 9 10 30 24 19 54
16 88622139 0 1 0 1 15 10 38 28 25 66
16 88628892 0 1 0 1 10 9 38 25 19 63
16 88628930 0 1 0 1 6 4 21 11 10 32
16 88630566 0 1 0 0 2 16 0 64 18 64
16 88640074 0 1 0 1 15 9 44 34 24 78
16 88643329 0 1 0 1 9 8 56 38 17 94
16 88648151 0 1 0 1 21 15 44 38 36 82
16 88653469 0 1 0 1 22 23 59 77 45 136
16 88657939 0 1 0 1 21 17 64 40 38 104
16 88663242 0 1 0 1 15 16 42 35 31 77
16 88681790 0 1 0 1 10 9 30 33 19 63
16 88696535 0 1 0 1 7 9 28 49 16 77
16 88697550 0 1 0 1 10 13 41 25 23 66
16 88712207 0 1 0 1 21 18 78 78 39 156
16 88712291 0 1 0 0 2 43 0 169 45 169
16 88713331 0 1 0 1 25 31 60 62 56 122
16 88713457 0 1 0 1 20 29 52 68 49 120
16 88713615 0 1 0 1 20 20 51 55 40 106
16 88713767 0 1 0 1 55 55 85 102 110 187
16 88714080 0 1 0 1 14 28 44 57 42 101
16 88714665 0 1 0 1 35 32 78 83 67 161
16 88715206 0 1 0 1 18 30 49 99 48 148
16 88716692 0 1 0 1 44 58 95 98 102 193
16 88717041 0 1 0 1 73 57 100 92 130 192
16 88717706 0 1 0 1 12 19 48 49 31 97
16 88718798 0 1 0 1 6 4 21 16 10 37
16 88721827 0 1 0 1 44 45 88 81 89 169
16 88722526 0 1 0 1 20 19 61 56 39 117
16 88725050 0 1 0 1 22 16 58 43 38 101
16 88727502 0 1 0 1 19 18 49 46 37 95
16 88733768 0 1 0 1 2 8 25 31 10 56
16 88734069 0 1 0 1 31 38 73 97 69 170
16 88734377 0 1 0 1 12 11 39 39 23 78
16 88734406 0 1 0 1 16 16 47 40 32 87
16 88734505 0 1 0 1 13 9 44 54 22 98
16 88736165 0 1 0 1 15 11 27 45 26 72
16 88736340 0 1 0 1 35 39 74 71 74 145
16 88736422 0 1 0 1 9 9 24 33 18 57
16 88736716 0 1 0 1 10 11 46 40 21 86
16 88737526 0 1 0 1 10 24 23 47 34 70
16 88737574 0 1 0 1 15 34 50 66 49 116
16 88742464 0 1 0 1 8 10 28 29 18 57
16 88742493 0 1 0 1 5 5 21 13 10 34
16 88743485 0 1 0 1 23 25 58 84 48 142
16 88743486 0 1 0 1 25 24 59 85 49 144
16 88803691 0 1 0 1 9 7 21 43 16 64
16 88805821 0 1 0 1 14 40 67 78 54 145
16 88808224 0 1 0 1 32 21 80 76 53 156
16 88810258 0 1 0 1 18 20 69 55 38 124
16 88814403 0 1 0 1 9 12 14 15 21 29
16 88814557 0 1 0 1 15 14 30 28 29 58
16 88818058 0 1 0 1 20 29 82 60 49 142
16 88826605 0 1 0 1 10 9 38 39 19 77
16 88835442 0 1 0 1 6 10 26 29 16 55
16 88835775 0 1 0 1 29 32 75 70 61 145
16 88835868 0 1 0 1 17 12 50 44 29 94
16 88836063 0 1 0 1 8 7 25 27 15 52
16 88836076 0 1 0 1 5 10 26 27 15 53
16 88836110 0 1 0 1 8 5 43 29 13 72
16 88836372 0 1 0 1 28 28 64 59 56 123
16 88836412 0 1 0 1 19 20 34 33 39 67
16 88836415 0 1 0 1 18 17 36 32 35 68
16 88840875 0 1 0 1 8 9 37 34 17 71
16 88842620 0 1 0 1 7 5 25 24 12 49
16 88842687 0 1 0 1 28 20 67 66 48 133
16 88855226 0 1 0 1 11 26 48 65 37 113
16 88860813 0 1 0 1 9 9 34 33 18 67
16 88865506 0 1 0 1 5 5 24 21 10 45
16 88891874 0 1 0 1 12 19 28 47 31 75
16 88898149 0 1 0 1 5 20 49 46 25 95
16 88950221 0 1 0 1 2 20 15 74 22 89
16 88950224 0 1 0 1 2 24 15 76 26 91
16 88950227 0 1 0 1 2 26 15 79 28 94
16 88950476 0 1 0 1 28 28 62 61 56 123
16 88950926 0 1 0 1 10 5 25 28 15 53
16 88951030 0 1 0 1 2 40 6 103 42 109
16 88951033 0 1 0 1 2 41 5 101 43 106
16 88951063 0 1 0 1 5 22 24 63 27 87
16 88951209 0 1 0 1 11 33 16 82 44 98
16 88951212 0 1 0 1 12 38 19 98 50 117
16 88951219 0 1 0 0 3 58 0 126 61 126
16 89112066 0 1 0 1 4 29 15 79 33 94
16 89114287 0 1 0 1 32 29 73 84 61 157
16 89183737 0 1 0 1 15 17 39 35 32 74
16 89185443 0 1 0 1 8 16 31 28 24 59
16 89190287 0 1 0 1 47 59 100 86 106 186
16 89192339 0 1 0 1 15 22 56 60 37 116
16 89193585 0 1 0 1 23 22 49 71 45 120
16 89197443 0 1 0 1 14 33 68 78 47 146
16 89198679 0 1 0 1 28 31 81 81 59 162
16 89198692 0 1 0 1 25 24 76 78 49 154
16 89198693 0 1 0 1 23 25 75 78 48 153
16 89199058 0 1 0 1 28 32 78 96 60 174
16 89233236 0 1 0 1 3 27 6 65 30 71
16 89233241 0 1 0 1 4 27 8 67 31 75
16 89233282 0 1 0 1 7 25 9 67 32 76
16 89234017 0 1 0 1 17 9 48 35 26 83
16 89278714 0 1 0 1 7 20 40 44 27 84
16 89278784 0 1 0 0 2 27 0 101 29 101
16 89279000 0 1 0 1 39 47 86 94 86 180
16 89279796 0 1 0 0 2 15 0 77 17 77
16 89280200 0 1 0 0 2 38 0 140 40 140
16 89283630 0 1 0 1 45 43 84 72 88 156
16 89305316 0 1 0 1 26 37 68 77 63 145
16 89305419 0 1 0 1 16 17 42 50 33 92
16 89305431 0 1 0 1 12 14 41 41 26 82
16 89507758 0 1 0 1 20 26 66 73 46 139
16 89510638 0 1 0 1 20 33 61 75 53 136
16 89523835 0 1 0 1 56 65 92 101 121 193
16 89524259 0 1 0 1 8 6 16 27 14 43
16 89529479 0 1 0 0 2 15 0 60 17 60
16 89529698 0 1 0 1 6 7 16 21 13 37
16 89530649 0 1 0 1 20 25 55 53 45 108
16 89530813 0 1 0 1 9 5 33 28 14 61
16 89532352 0 1 0 1 10 7 26 23 17 49
16 89544791 0 1 0 1 12 20 49 53 32 102
16 89548126 0 1 0 1 19 19 38 50 38 88
16 89563076 0 1 0 0 2 24 0 90 26 90
16 89579029 0 1 0 1 15 22 40 61 37 101
16 89586624 0 1 0 1 16 31 52 64 47 116
16 89589755 0 1 0 1 8 13 17 30 21 47
16 89589843 0 1 0 1 31 37 67 77 68 144
16 89637016 0 1 0 1 9 23 43 60 32 103
16 89637111 0 1 0 1 10 8 30 36 18 66
16 89637957 0 1 0 1 35 40 94 81 75 175
16 89646766 0 1 0 1 49 50 89 100 99 189
16 89682328 0 1 0 1 7 5 21 26 12 47
16 89682638 0 1 0 1 12 16 59 34 28 93
16 89685487 0 1 0 1 5 17 26 60 22 86
16 89686623 0 1 0 1 14 12 22 40 26 62
16 89694084 0 1 0 1 5 13 23 37 18 60
16 89698141 0 1 0 1 16 13 48 51 29 99
16 89707988 0 1 0 1 31 24 60 80 55 140
16 89708232 0 1 0 1 10 7 26 28 17 54
16 89708955 0 1 0 0 2 15 0 63 17 63
16 89711353 0 1 0 1 28 26 81 72 54 153
16 89711811 0 1 0 1 5 6 10 21 11 31
16 89717941 0 1 0 1 6 60 9 136 66 145
16 89720932 0 1 0 1 7 7 13 15 14 28
16 89721554 0 1 0 1 5 11 13 22 16 35
16 89722903 0 1 0 1 26 21 57 65 47 122
16 89723759 0 1 0 1 14 16 41 68 30 109
16 89727147 0 1 0 1 8 8 30 19 16 49
16 89734121 0 1 0 1 36 29 67 67 65 134
16 89734142 0 1 0 1 23 25 57 50 48 107
16 89738853 0 1 0 1 43 79 74 122 122 196
16 89746522 0 1 0 1 18 9 57 53 27 110
16 89752083 0 1 0 1 24 10 36 34 34 70
16 89765102 0 1 0 1 15 15 42 58 30 100
16 89770491 0 1 0 1 9 8 31 24 17 55
16 89783072 0 1 0 1 10 5 46 30 15 76
16 89799752 0 1 0 1 9 11 16 31 20 47
16 89803353 0 1 0 1 34 38 84 97 72 181
16 89816512 0 1 0 0 2 12 0 70 14 70
16 89816599 0 1 0 1 11 12 31 50 23 81
16 89845273 0 1 0 1 26 29 65 57 55 122
16 89854672 0 1 0 0 2 23 0 96 25 96
16 89854674 0 1 0 0 2 22 0 94 24 94
16 89856077 0 1 0 1 17 17 46 58 34 104
16 89859148 0 1 0 1 34 35 83 71 69 154
16 89860709 0 1 0 0 2 28 0 103 30 103
16 89884595 0 1 0 0 4 57 0 129 61 129
16 89886053 0 1 0 1 3 31 14 91 34 105
16 89898544 0 1 0 1 35 28 81 66 63 147
16 89906163 0 1 0 0 2 27 0 104 29 104
16 89911337 0 1 0 1 10 4 22 33 14 55
16 89914895 0 1 0 1 8 8 35 32 16 67
16 89919736 0 1 0 1 52 52 78 114 104 192
16 89933636 0 1 0 1 50 39 98 86 89 184
16 89938460 0 1 0 1 13 19 32 43 32 75
16 89949552 0 1 0 1 46 52 62 114 98 176
16 89954453 0 1 0 1 4 8 33 36 12 69
16 89961218 0 1 0 1 6 6 32 26 12 58
16 89961698 0 1 0 1 12 8 36 28 20 64
16 89963947 0 1 0 1 16 28 62 62 44 124
16 89965718 0 1 0 1 20 15 50 44 35 94
16 89965741 0 1 0 1 26 21 58 63 47 121
16 89971420 0 1 0 1 42 57 93 76 99 169
16 89984472 0 1 0 1 12 20 55 47 32 102
16 90019238 0 1 0 1 8 3 21 19 11 40
16 90027561 0 1 0 1 19 23 51 45 42 96
16 90027787 0 1 0 1 11 9 24 36 20 60
16 90027806 0 1 0 1 6 4 19 28 10 47
16 90028869 0 1 0 1 3 9 19 16 12 35
16 90029150 0 1 0 1 4 54 9 107 58 116
16 90029153 0 1 0 1 23 32 54 55 55 109
16 90029165 0 1 0 1 7 45 17 99 52 116
16 90029174 0 1 0 1 9 40 22 97 49 119
16 90029188 0 1 0 1 11 37 26 88 48 114
16 90029189 0 1 0 1 11 34 28 86 45 114
16 90029212 0 1 0 1 10 35 19 112 45 131
16 90032653 0 1 0 1 17 20 31 57 37 88
16 90036427 0 1 0 1 27 30 64 55 57 119
16 90036679 0 1 0 1 37 32 62 77 69 139
16 90036709 0 1 0 1 33 24 51 70 57 121
16 90037611 0 1 0 1 7 10 30 27 17 57
16 90043303 0 1 0 1 29 28 77 64 57 141
16 90061816 0 1 0 1 14 12 35 30 26 65
16 90063704 0 1 0 0 2 25 0 113 27 113
16 90074947 0 1 0 1 31 21 60 70 52 130
16 90075679 0 1 0 1 20 28 41 56 48 97
16 90095345 0 1 0 1 4 6 21 35 10 56
