chr pos bloodGT1 bloodGT2 tumorGT1 tumorGT2 AN BN AT BT sN sT
13 18173235 0 1 1 1 17 7 47 15 24 62
13 18173283 0 1 0 1 16 10 61 50 26 111
13 18173322 0 1 0 1 17 8 97 43 25 140
13 18173353 0 1 0 1 28 19 93 63 47 156
13 18173373 0 1 0 1 13 38 33 169 51 202
13 18173413 0 1 0 1 14 49 60 159 63 219
13 18173416 0 1 0 1 5 57 22 194 62 216
13 18173420 0 1 0 1 27 33 105 107 60 212
13 18173439 0 1 0 1 22 40 93 117 62 210
13 18173440 0 1 0 1 7 54 30 175 61 205
13 18173470 0 1 0 1 29 36 103 117 65 220
13 18173552 0 1 0 1 19 23 55 116 42 171
13 18173654 0 1 0 0 2 8 0 54 10 54
13 18173951 0 1 0 1 3 7 10 31 10 41
13 18173999 0 1 0 1 7 29 27 159 36 186
13 18174020 0 1 0 1 11 41 67 183 52 250
13 18174451 0 1 0 1 7 62 32 307 69 339
13 18174473 0 1 0 1 53 18 251 94 71 345
13 18176166 0 1 0 1 6 55 18 206 61 224
13 18176247 0 1 0 1 6 9 37 18 15 55
13 18176253 0 1 0 1 5 9 33 19 14 52
13 18177571 0 1 0 1 4 29 38 158 33 196
13 18177761 0 1 0 1 49 45 206 211 94 417
13 18178016 0 1 0 1 132 45 587 203 177 790
13 18178078 0 1 0 1 18 94 99 410 112 509
13 18178089 0 1 0 1 49 54 230 228 103 458
13 18211780 0 1 0 1 4 21 38 72 25 110
13 18211781 0 1 0 1 4 21 15 99 25 114
13 18211800 0 1 0 1 7 33 17 173 40 190
13 18211813 0 1 0 1 6 35 35 157 41 192
13 18211817 0 1 0 1 23 15 124 42 38 166
13 18211819 0 1 0 1 23 15 122 46 38 168
13 18211820 0 1 0 1 5 34 20 147 39 167
13 18211822 0 1 0 1 24 16 119 48 40 167
13 18211823 0 1 0 1 23 16 124 44 39 168
13 18211824 0 1 0 1 17 25 82 112 42 194
13 18211829 0 1 0 1 10 37 61 190 47 251
13 18211834 0 1 0 1 8 41 62 192 49 254
13 18211836 0 1 1 1 34 19 214 55 53 269
13 18211844 0 1 1 1 38 20 226 58 58 284
13 18211846 0 1 0 1 28 19 167 62 47 229
13 18211854 0 1 0 1 31 54 171 234 85 405
13 18211882 0 1 0 1 56 23 252 80 79 332
13 18211891 0 1 1 1 80 30 407 85 110 492
13 18211898 0 1 0 1 34 80 158 350 114 508
13 18211919 0 1 1 1 91 38 457 116 129 573
13 18211929 0 1 0 1 22 121 82 531 143 613
13 18211939 0 1 1 1 103 41 492 125 144 617
13 18211947 0 1 0 1 26 118 86 531 144 617
13 18211951 0 1 0 1 27 118 127 462 145 589
13 18211952 0 1 1 1 95 39 466 118 134 584
13 18211969 0 1 1 1 101 42 490 120 143 610
13 18211970 0 1 0 1 31 120 92 546 151 638
13 18211975 0 1 0 1 47 112 232 425 159 657
13 18211986 0 1 0 1 35 119 138 530 154 668
13 18211987 0 1 1 1 115 42 539 126 157 665
13 18211992 0 1 0 1 47 112 222 453 159 675
13 18212009 0 1 1 1 117 46 603 130 163 733
13 18212021 0 1 1 1 115 48 537 158 163 695
13 18212025 0 1 0 1 33 135 104 609 168 713
13 18212046 0 1 0 1 17 153 62 652 170 714
13 18212049 0 1 0 1 15 155 72 645 170 717
13 18212056 0 1 0 1 101 48 436 196 149 632
13 18212059 0 1 0 1 74 66 356 263 140 619
13 18212062 0 1 0 1 27 115 135 475 142 610
13 18212100 0 1 0 1 30 97 149 401 127 550
13 18212123 0 1 0 1 36 56 146 267 92 413
13 18212124 0 1 0 1 8 83 40 359 91 399
13 18212134 0 1 0 1 33 48 128 236 81 364
13 18212141 0 1 0 1 9 62 46 280 71 326
13 18212148 0 1 0 1 11 57 66 226 68 292
13 18212154 0 1 0 1 12 42 79 187 54 266
13 18212175 0 1 0 1 8 25 49 117 33 166
13 18212193 0 1 0 1 11 14 29 55 25 84
13 18212207 0 1 0 1 3 13 11 47 16 58
13 18212246 0 1 0 1 6 9 8 35 15 43
13 18212252 0 1 0 1 5 7 6 28 12 34
13 18212256 0 1 0 1 2 10 16 21 12 37
13 18212268 0 1 0 1 6 7 9 28 13 37
13 18212289 0 1 0 1 5 7 13 25 12 38
13 18212298 0 1 0 1 7 4 22 7 11 29
13 18212356 0 1 0 1 2 11 4 35 13 39
13 18212378 0 1 0 1 2 10 6 29 12 35
13 18212393 0 1 0 1 5 6 10 23 11 33
13 18212405 0 1 0 1 2 11 5 29 13 34
13 18212451 0 1 0 1 5 11 7 46 16 53
13 18212504 0 1 0 1 5 11 4 41 16 45
13 18212525 0 1 0 1 6 5 28 11 11 39
13 18218816 0 1 0 1 7 5 21 25 12 46
13 18219044 0 1 0 1 13 19 82 71 32 153
13 18219523 0 1 0 1 4 8 28 21 12 49
13 18219569 0 1 0 1 8 6 24 35 14 59
13 18222549 0 1 0 1 4 26 24 78 30 102
13 18222610 0 1 0 1 16 6 30 30 22 60
13 18232733 0 1 0 1 10 9 38 36 19 74
13 18232831 0 1 0 1 10 12 44 43 22 87
13 18232914 0 1 0 1 15 15 55 53 30 108
13 18232923 0 1 0 1 15 14 49 60 29 109
13 18232938 0 1 0 1 12 16 54 63 28 117
13 18233072 0 1 0 1 9 12 46 35 21 81
13 18233150 0 1 0 1 12 6 43 29 18 72
13 18233274 0 1 0 1 12 15 31 22 27 53
13 18233311 0 1 0 1 10 8 17 29 18 46
13 18233420 0 1 0 1 7 11 26 33 18 59
13 18233528 0 1 0 1 5 8 26 24 13 50
13 18233627 0 1 0 1 6 4 42 29 10 71
13 18234160 0 1 0 1 12 10 63 65 22 128
13 18234166 0 1 0 1 13 10 67 66 23 133
13 18234203 0 1 0 1 12 18 59 91 30 150
13 18234230 0 1 0 1 12 17 60 79 29 139
13 18234436 0 1 0 1 4 8 18 11 12 29
13 18234565 0 1 0 1 4 6 22 29 10 51
13 18234599 0 1 0 1 2 12 5 48 14 53
13 18234601 0 1 0 1 4 10 15 37 14 52
13 18234683 0 1 0 1 6 3 31 23 9 54
13 18235057 0 1 0 0 2 22 0 85 24 85
13 18235072 0 1 0 1 9 8 41 34 17 75
13 18235610 0 1 0 1 24 14 57 51 38 108
13 18236141 0 1 0 1 11 18 46 62 29 108
13 18236197 0 1 0 1 8 9 21 41 17 62
13 18236219 0 1 0 1 2 21 8 71 23 79
13 18236224 0 1 0 1 2 17 7 56 19 63
13 18236462 0 1 0 1 11 9 28 21 20 49
13 18236506 0 1 0 1 2 9 21 26 11 47
13 18236528 0 1 0 1 3 9 7 43 12 50
13 18236536 0 1 0 1 2 8 8 57 10 65
13 18236537 0 1 0 1 3 8 6 54 11 60
13 18236590 0 1 0 1 9 8 40 31 17 71
13 18236747 0 1 0 1 14 16 77 70 30 147
13 18236828 0 1 0 1 14 31 54 103 45 157
13 18236917 0 1 0 1 16 21 70 72 37 142
13 18237014 0 1 0 1 13 19 55 91 32 146
13 18254456 0 1 0 1 14 24 76 99 38 175
13 18254554 0 1 0 1 9 10 49 33 19 82
13 18254703 0 1 0 1 6 7 18 19 13 37
13 18294162 0 1 0 1 15 6 64 35 21 99
13 18307286 0 1 0 1 43 49 185 174 92 359
13 18307499 0 1 0 1 21 35 132 120 56 252
13 18309466 0 1 0 1 2 10 7 51 12 58
13 18334701 0 1 0 1 5 7 7 32 12 39
13 18431667 0 1 0 1 4 10 25 17 14 42
13 18469306 0 1 0 1 2 9 25 18 11 43
13 18485474 0 1 0 1 5 5 24 39 10 63
13 18666298 0 1 0 1 9 4 43 52 13 95
13 18666528 0 1 0 1 10 11 55 62 21 117
13 18666567 0 1 0 1 11 6 46 38 17 84
13 18666635 0 1 0 1 11 5 45 61 16 106
13 18667202 0 1 0 1 13 22 66 81 35 147
13 18681715 0 1 0 1 24 32 89 68 56 157
13 18727274 0 1 0 1 8 6 28 28 14 56
13 18951879 0 1 0 1 6 5 31 36 11 67
13 18952807 0 1 0 1 9 17 49 45 26 94
13 18955504 0 1 0 1 14 19 84 74 33 158
13 18958308 0 1 0 1 5 7 46 32 12 78
13 18962460 0 1 0 1 5 6 14 20 11 34
13 18965315 0 1 0 1 8 7 43 29 15 72
13 19126838 0 1 0 1 13 5 37 23 18 60
13 19127878 0 1 0 1 8 11 39 51 19 90
13 19139475 0 1 0 1 7 7 23 30 14 53
13 19139494 0 1 0 1 4 8 37 33 12 70
13 19139574 0 1 0 1 6 10 39 45 16 84
13 19151533 0 1 0 1 3 7 21 22 10 43
13 19172660 0 1 0 1 6 4 24 25 10 49
13 19176760 0 1 0 0 3 13 1 93 16 94
13 19177404 0 1 0 1 22 35 126 116 57 242
13 19178485 0 1 0 1 29 16 95 103 45 198
13 19178520 0 1 0 1 12 19 61 64 31 125
13 19179298 0 1 0 1 22 27 97 93 49 190
13 19187063 0 1 0 1 5 8 37 36 13 73
13 19204461 0 1 0 1 2 22 24 61 24 85
13 19204563 0 1 0 1 4 7 19 32 11 51
13 19204565 0 1 0 1 4 7 17 30 11 47
13 19208506 0 1 0 1 11 15 56 45 26 101
13 19304489 0 1 0 1 8 4 31 31 12 62
13 19304819 0 1 0 1 12 13 58 55 25 113
13 19305597 0 1 0 1 8 7 22 30 15 52
13 19305627 0 1 0 1 9 4 28 33 13 61
13 19359232 0 1 0 1 14 21 63 72 35 135
13 19366574 0 1 0 1 5 12 27 35 17 62
13 19366596 0 1 0 1 4 13 35 37 17 72
13 19366598 0 1 0 1 5 13 34 40 18 74
13 19366648 0 1 0 1 10 14 45 45 24 90
13 19366845 0 1 0 1 7 4 23 13 11 36
13 19366931 0 1 0 0 2 10 0 43 12 43
13 19369630 0 1 0 1 20 29 106 114 49 220
13 19374912 0 1 0 1 4 6 9 33 10 42
13 19374913 0 1 0 1 4 6 8 33 10 41
13 19374916 0 1 0 1 4 6 8 35 10 43
13 19374938 0 1 0 1 6 9 6 43 15 49
13 19374956 0 1 0 1 5 10 8 52 15 60
13 19374957 0 1 0 1 6 10 8 54 16 62
13 19375015 0 1 0 1 13 20 45 64 33 109
13 19375078 0 1 0 1 16 28 59 86 44 145
13 19375087 0 1 0 1 14 27 57 85 41 142
13 19375122 0 1 0 1 16 20 44 74 36 118
13 19375147 0 1 0 1 17 20 45 67 37 112
13 19376200 0 1 0 1 7 8 45 29 15 74
13 19376255 0 1 0 1 14 16 78 63 30 141
13 19376259 0 1 0 1 15 19 74 66 34 140
13 19376309 0 1 0 1 18 21 84 66 39 150
13 19376325 0 1 0 1 15 18 56 86 33 142
13 19376328 0 1 0 1 15 17 56 84 32 140
13 19376406 0 1 0 1 11 10 42 37 21 79
13 19376463 0 1 0 1 8 8 19 18 16 37
13 19378740 0 1 0 1 10 8 35 31 18 66
13 19378778 0 1 0 1 7 13 33 35 20 68
13 19378819 0 1 0 1 14 6 36 32 20 68
13 19378909 0 1 0 1 7 6 24 20 13 44
13 19381197 0 1 0 1 10 18 34 69 28 103
13 19381260 0 1 0 1 14 31 64 99 45 163
13 19382513 0 1 0 1 40 37 125 142 77 267
13 19382653 0 1 0 1 43 38 169 164 81 333
13 19382831 0 1 0 1 19 19 78 62 38 140
13 19382860 0 1 0 1 14 10 64 56 24 120
13 19383242 0 1 0 1 8 4 50 56 12 106
13 19383346 0 1 0 1 10 13 86 77 23 163
13 19383355 0 1 0 1 8 12 82 80 20 162
13 19383357 0 1 0 1 11 12 78 81 23 159
13 19387035 0 1 0 1 6 7 14 27 13 41
13 19387905 0 1 0 1 7 6 32 39 13 71
13 19387915 0 1 0 1 7 7 36 29 14 65
13 19394916 0 1 0 1 4 5 21 14 9 35
13 19394981 0 1 0 0 2 11 0 46 13 46
13 19426562 0 1 0 1 11 13 42 41 24 83
13 19430622 0 1 0 1 9 19 36 34 28 70
13 19451272 0 1 0 0 2 11 0 59 13 59
13 19465324 0 1 0 1 14 18 82 82 32 164
13 19482457 0 1 0 1 20 14 59 71 34 130
13 19494772 0 1 0 1 8 10 51 32 18 83
13 19560199 0 1 0 1 7 7 31 22 14 53
13 19560221 0 1 0 1 11 7 40 34 18 74
13 19560263 0 1 0 1 18 12 67 48 30 115
13 19560330 0 1 0 1 23 25 81 67 48 148
13 19560333 0 1 0 1 23 25 81 66 48 147
13 19560791 0 1 0 1 5 4 18 20 9 38
13 19560994 0 1 0 1 7 16 39 74 23 113
13 19561015 0 1 0 1 6 13 33 64 19 97
13 19563921 0 1 0 1 6 4 22 27 10 49
13 19564790 0 1 0 1 25 20 82 94 45 176
13 19568631 0 1 0 1 7 9 15 39 16 54
13 19666343 0 1 0 1 12 8 60 70 20 130
13 19703273 0 1 0 1 10 31 74 175 41 249
13 19705925 0 1 0 1 5 9 32 33 14 65
13 20034168 0 1 0 1 9 5 35 42 14 77
13 20188817 0 1 0 1 17 22 70 72 39 142
13 20404556 0 1 0 1 5 11 29 29 16 58
13 20431802 0 1 0 1 25 15 61 88 40 149
13 20431848 0 1 0 1 25 20 67 118 45 185
13 20582860 0 1 0 1 12 21 88 59 33 147
13 20596988 0 1 0 1 14 15 63 52 29 115
13 20607520 0 1 0 1 11 9 43 44 20 87
13 20615802 0 1 0 1 19 20 67 64 39 131
13 20630907 0 1 0 1 11 8 44 40 19 84
13 20631001 0 1 0 1 7 10 41 62 17 103
13 20631053 0 1 0 1 10 12 47 61 22 108
13 20663274 0 1 0 1 13 14 57 60 27 117
13 20868806 0 1 0 1 15 15 42 42 30 84
13 20902858 0 1 0 1 9 5 26 20 14 46
13 20961566 0 1 0 1 18 23 60 81 41 141
13 20981415 0 1 0 1 8 3 33 23 11 56
13 20981599 0 1 0 0 2 23 0 128 25 128
13 21103192 0 1 0 1 10 6 40 46 16 86
13 21140781 0 1 0 1 36 45 167 196 81 363
13 21146817 0 1 0 1 15 7 35 36 22 71
13 21147081 0 1 0 1 8 6 41 37 14 78
13 21155113 0 1 0 1 17 33 48 200 50 248
13 21168172 0 1 0 1 32 62 113 237 94 350
13 21260458 0 1 0 1 7 3 24 40 10 64
13 21260553 0 1 0 1 6 9 56 44 15 100
13 21260750 0 1 0 1 11 4 37 48 15 85
13 21260983 0 1 0 1 5 8 38 32 13 70
13 21261333 0 1 0 1 11 73 68 277 84 345
13 21261375 0 1 0 1 10 66 56 292 76 348
13 21261397 0 1 0 1 10 67 53 319 77 372
13 21292609 0 1 0 1 9 5 17 26 14 43
13 21292701 0 1 0 1 6 6 32 39 12 71
13 21293491 0 1 0 1 5 8 35 29 13 64
13 21293588 0 1 0 1 15 9 51 52 24 103
13 21319810 0 1 0 1 19 21 111 91 40 202
13 21320281 0 1 0 1 8 4 33 23 12 56
13 21320306 0 1 0 1 10 4 26 22 14 48
13 21320351 0 1 0 1 9 7 24 39 16 63
13 21320487 0 1 0 1 12 11 42 110 23 152
13 21320664 0 1 0 1 10 26 55 148 36 203
13 21320685 0 1 0 1 11 22 64 131 33 195
13 21320808 0 1 0 1 22 20 62 81 42 143
13 21320898 0 1 0 1 12 17 53 56 29 109
13 21320907 0 1 0 1 8 14 47 61 22 108
13 21375128 0 1 0 1 7 13 51 57 20 108
13 21375222 0 1 0 1 29 20 121 93 49 214
13 21376795 0 1 0 1 7 10 34 44 17 78
13 21378851 0 1 0 1 6 4 11 22 10 33
13 21681028 0 1 0 1 16 20 54 48 36 102
13 21681162 0 1 0 1 19 33 121 125 52 246
13 21701709 0 1 0 1 5 5 19 16 10 35
13 22837645 0 1 0 0 2 23 0 94 25 94
13 23135147 0 1 0 1 10 14 61 61 24 122
13 23135284 0 1 0 1 9 11 41 53 20 94
13 23250864 0 1 0 1 9 13 47 47 22 94
13 23250881 0 1 0 1 7 9 44 43 16 87
13 23279329 0 1 0 1 10 13 32 44 23 76
13 23324370 0 1 0 1 39 39 146 117 78 263
13 23375113 0 1 0 1 16 22 65 80 38 145
13 23411252 0 1 0 1 24 26 71 103 50 174
13 23836139 0 1 0 1 36 23 121 156 59 277
13 23841304 0 1 0 1 16 7 57 67 23 124
13 23858920 0 1 0 0 3 26 0 150 29 150
13 23888147 0 1 0 0 2 12 0 51 14 51
13 23891168 0 1 0 1 17 25 63 64 42 127
13 23891578 0 1 0 1 57 78 226 367 135 593
13 23892163 0 1 0 1 9 8 32 69 17 101
13 23894190 0 1 0 1 7 57 39 279 64 318
13 23894400 0 1 0 1 18 21 58 131 39 189
13 23894401 0 1 0 1 20 21 55 127 41 182
13 23894429 0 1 0 1 24 30 68 136 54 204
13 23894565 0 1 0 1 32 42 123 207 74 330
13 23894572 0 1 0 1 7 65 60 249 72 309
13 23894693 0 1 0 1 12 31 64 90 43 154
13 23896674 0 1 0 1 8 7 40 27 15 67
13 23896686 0 1 0 1 10 10 52 36 20 88
13 23896774 0 1 0 1 26 26 113 102 52 215
13 23896900 0 1 0 1 39 49 187 201 88 388
13 23896909 0 1 0 1 37 46 175 191 83 366
13 23897093 0 1 0 1 19 14 58 70 33 128
13 23941462 0 1 0 0 2 13 0 66 15 66
13 23941601 0 1 0 1 4 9 24 31 13 55
13 23984096 0 1 0 1 7 10 29 29 17 58
13 24017560 0 1 0 1 13 11 43 44 24 87
13 24222602 0 1 0 1 10 17 41 44 27 85
13 24223982 0 1 0 1 23 37 121 149 60 270
13 24251913 0 1 0 1 17 21 95 94 38 189
13 24290891 0 1 0 1 34 25 116 122 59 238
13 24294910 0 1 0 1 11 9 34 47 20 81
13 24302614 0 1 0 1 20 11 67 60 31 127
13 24303013 0 1 0 1 4 15 40 37 19 77
13 24303041 0 1 0 1 7 19 38 34 26 72
13 24303170 0 1 0 1 33 41 139 134 74 273
13 24303304 0 1 0 1 53 48 176 177 101 353
13 24303412 0 1 0 1 20 14 80 59 34 139
13 24316019 0 1 0 1 46 54 202 197 100 399
13 24316090 0 1 0 1 46 55 196 188 101 384
13 24318682 0 1 0 1 24 51 80 251 75 331
13 24321299 0 1 1 1 51 22 274 73 73 347
13 24321421 0 1 0 1 84 73 251 347 157 598
13 24409003 0 1 0 1 6 7 25 22 13 47
13 24434450 0 1 0 1 18 23 64 68 41 132
13 24434492 0 1 0 1 20 30 86 88 50 174
13 24434765 0 1 0 1 10 8 53 51 18 104
13 24434961 0 1 0 1 19 16 89 81 35 170
13 24442549 0 1 0 1 9 10 23 39 19 62
13 24446619 0 1 0 1 10 6 22 26 16 48
13 24446644 0 1 0 1 12 5 30 40 17 70
13 24446725 0 1 0 1 24 10 43 52 34 95
13 24446772 0 1 0 1 22 12 39 48 34 87
13 24447016 0 1 0 1 16 36 88 145 52 233
13 24447062 0 1 0 1 25 36 116 153 61 269
13 24447073 0 1 0 1 22 36 105 177 58 282
13 24447107 0 1 0 1 24 34 90 179 58 269
13 24449769 0 1 0 0 2 14 0 67 16 67
13 24453606 0 1 0 1 19 22 74 95 41 169
13 24455080 0 1 0 1 20 13 102 110 33 212
13 24468834 0 1 0 1 4 7 16 13 11 29
13 24468835 0 1 0 1 4 7 16 13 11 29
13 24468891 0 1 0 1 9 4 30 25 13 55
13 24468895 0 1 0 1 10 4 27 26 14 53
13 24475329 0 1 0 1 11 9 27 22 20 49
13 24475674 0 1 0 1 6 10 20 34 16 54
13 24478123 0 1 0 1 24 14 66 75 38 141
13 24478282 0 1 0 1 16 12 44 55 28 99
13 24484885 0 1 0 1 13 7 30 32 20 62
13 24490870 0 1 0 1 10 11 39 33 21 72
13 24494796 0 1 0 1 5 10 34 27 15 61
13 24498062 0 1 0 1 19 17 97 98 36 195
13 24501721 0 1 0 1 47 44 159 159 91 318
13 24587414 0 1 0 0 2 8 0 66 10 66
13 24594294 0 1 0 1 4 19 17 101 23 118
13 24594363 0 1 0 1 3 29 13 110 32 123
13 24689161 0 1 0 1 19 8 47 37 27 84
13 24690528 0 1 0 1 32 41 135 154 73 289
13 24690577 0 1 0 1 41 40 144 139 81 283
13 24690585 0 1 0 1 37 35 136 143 72 279
13 24690870 0 1 0 1 8 15 52 52 23 104
13 24690965 0 1 0 1 32 36 100 104 68 204
13 24691001 0 1 0 1 46 50 143 149 96 292
13 24692258 0 1 0 1 4 9 20 17 13 37
13 24692748 0 1 0 1 14 18 60 76 32 136
13 24692794 0 1 0 1 19 17 63 87 36 150
13 24692950 0 1 0 1 17 16 54 68 33 122
13 24694279 0 1 0 1 16 6 37 36 22 73
13 24694307 0 1 0 1 19 13 45 44 32 89
13 24698470 0 1 0 1 8 17 27 48 25 75
13 24706615 0 1 0 1 26 15 81 52 41 133
13 24709519 0 1 0 1 26 15 135 79 41 214
13 24709606 0 1 0 1 51 26 176 91 77 267
13 24710413 0 1 0 1 16 34 56 130 50 186
13 24745662 0 1 0 1 4 9 17 37 13 54
13 24804338 0 1 0 1 21 25 66 89 46 155
13 24844858 0 1 0 1 25 21 130 115 46 245
13 24850231 0 1 0 1 8 8 24 23 16 47
13 24866180 0 1 0 1 7 16 62 63 23 125
13 24868493 0 1 0 1 4 11 10 24 15 34
13 24868783 0 1 0 1 13 13 38 50 26 88
13 24870796 0 1 0 1 14 22 58 48 36 106
13 24873982 0 1 0 1 9 7 26 26 16 52
13 24876959 0 1 0 1 3 6 22 32 9 54
13 24884512 0 1 0 1 12 12 50 58 24 108
13 24892636 0 1 0 1 4 7 31 31 11 62
13 24944318 0 1 0 1 8 7 39 50 15 89
13 24951343 0 1 0 1 8 12 20 33 20 53
13 24951406 0 1 0 1 8 12 22 28 20 50
13 24953106 0 1 0 1 7 3 33 19 10 52
13 24953125 0 1 0 1 11 4 36 20 15 56
13 24953226 0 1 0 1 13 20 62 71 33 133
13 24953334 0 1 0 1 5 10 22 41 15 63
13 24954087 0 1 0 1 5 8 21 12 13 33
13 24954117 0 1 0 1 7 8 15 15 15 30
13 25017517 0 1 0 1 6 5 20 10 11 30
13 25096659 0 1 0 1 7 40 17 170 47 187
13 25096665 0 1 0 1 7 34 16 171 41 187
13 25096675 0 1 0 1 8 37 23 174 45 197
13 25096713 0 1 0 1 6 39 36 184 45 220
13 25096730 0 1 0 1 6 42 48 198 48 246
13 25096735 0 1 0 1 5 41 46 194 46 240
13 25096739 0 1 0 1 5 44 43 199 49 242
13 25096769 0 1 0 1 9 54 51 217 63 268
13 25096781 0 1 0 1 9 56 53 230 65 283
13 25096815 0 1 0 1 10 57 58 229 67 287
13 25096817 0 1 0 1 11 57 56 231 68 287
13 25096840 0 1 0 1 7 55 43 231 62 274
13 25096843 0 1 0 1 8 54 42 239 62 281
13 25096846 0 1 0 1 6 57 42 238 63 280
13 25096850 0 1 0 1 7 57 45 240 64 285
13 25096870 0 1 0 1 9 54 44 211 63 255
13 25096877 0 1 0 1 12 57 45 211 69 256
13 25096889 0 1 0 1 11 53 41 202 64 243
13 25096924 0 1 0 1 10 53 43 214 63 257
13 25096942 0 1 0 1 8 54 41 222 62 263
13 25096951 0 1 0 1 5 49 40 217 54 257
13 25097057 0 1 0 1 8 66 25 241 74 266
13 25097062 0 1 0 1 7 71 26 237 78 263
13 25097068 0 1 0 1 7 73 27 235 80 262
13 25097072 0 1 0 1 8 71 30 238 79 268
13 25097076 0 1 0 1 8 69 29 240 77 269
13 25097133 0 1 0 1 14 66 28 225 80 253
13 25097136 0 1 0 1 14 66 25 222 80 247
13 25097154 0 1 0 1 12 61 47 222 73 269
13 25097182 0 1 0 1 10 59 39 225 69 264
13 25097231 0 1 0 1 7 71 42 254 78 296
13 25301873 0 1 0 1 40 37 152 178 77 330
13 25581815 0 1 0 1 15 9 29 52 24 81
13 25860992 0 1 0 1 7 10 44 36 17 80
13 26012637 0 1 0 1 13 9 51 50 22 101
13 26012650 0 1 0 1 6 8 45 39 14 84
13 26050887 0 1 0 0 2 16 0 69 18 69
13 26393352 0 1 0 1 2 7 8 38 9 46
13 26665024 0 1 0 1 28 15 93 86 43 179
13 26676686 0 1 0 1 42 49 167 166 91 333
13 26682591 0 1 0 1 31 35 139 168 66 307
13 27069460 0 1 0 1 9 14 50 51 23 101
13 27253904 0 1 0 1 24 26 98 101 50 199
13 27423467 0 1 0 1 6 12 20 39 18 59
13 27423563 0 1 0 1 13 16 47 57 29 104
13 27423621 0 1 0 1 11 16 47 63 27 110
13 27423862 0 1 0 1 10 12 39 37 22 76
13 27426859 0 1 0 1 10 5 26 29 15 55
13 27429860 0 1 0 1 9 11 45 35 20 80
13 27435714 0 1 0 1 14 19 59 65 33 124
13 27437021 0 1 0 1 6 5 25 38 11 63
13 27548271 0 1 0 1 5 7 37 26 12 63
13 27569092 0 1 0 1 20 29 117 93 49 210
13 27621896 0 1 0 1 23 30 128 120 53 248
13 27623299 0 1 0 1 25 11 42 50 36 92
13 27665803 0 1 0 1 20 31 81 89 51 170
13 27665833 0 1 0 1 29 34 86 113 63 199
13 27792924 0 1 0 1 15 23 78 74 38 152
13 27945173 0 1 0 1 9 9 26 27 18 53
13 27965049 0 1 0 1 18 34 116 143 52 259
13 27967284 0 1 0 1 27 35 154 161 62 315
13 27978288 0 1 0 1 19 27 92 90 46 182
13 27978477 0 1 0 1 4 9 44 37 13 81
13 27988468 0 1 0 1 20 37 81 96 57 177
13 28015130 0 1 0 1 9 14 48 45 23 93
13 28048219 0 1 0 1 12 11 57 73 23 130
13 28049562 0 1 0 1 18 30 74 98 48 172
13 28049622 0 1 0 1 20 28 87 111 48 198
13 28050157 0 1 0 1 58 40 164 208 98 372
13 28073371 0 1 0 0 2 20 0 87 22 87
13 28138498 0 1 0 1 2 10 4 28 12 32
13 28270682 0 1 0 0 2 21 0 90 23 90
13 28270683 0 1 0 0 2 20 0 86 22 86
13 28312251 0 1 0 1 9 9 55 66 18 121
13 28319505 0 1 0 1 25 13 74 72 38 146
13 28321387 0 1 0 1 4 6 24 18 10 42
13 28329428 0 1 0 0 2 18 0 85 20 85
13 28384818 0 1 0 1 9 7 32 33 16 65
13 28662352 0 1 0 1 3 8 19 29 11 48
13 28664439 0 1 0 1 10 8 40 52 18 92
13 28700992 0 1 0 1 6 13 39 46 19 85
13 29100703 0 1 0 1 9 7 29 23 16 52
13 29100718 0 1 0 1 10 9 36 29 19 65
13 29100994 0 1 0 1 11 8 29 16 19 45
13 29324631 0 1 0 1 26 33 133 118 59 251
13 29324744 0 1 0 1 25 30 121 110 55 231
13 29324752 0 1 0 1 21 26 109 103 47 212
13 29324912 0 1 0 1 4 7 23 20 11 43
13 29359575 0 1 0 1 17 19 77 73 36 150
13 29359714 0 1 0 1 4 7 22 19 11 41
13 29440236 0 1 0 1 15 18 44 43 33 87
13 29480002 0 1 0 1 5 11 41 36 16 77
13 29500977 0 1 0 1 14 25 85 79 39 164
13 29502951 0 1 0 1 18 23 90 86 41 176
13 29535707 0 1 0 1 13 7 26 20 20 46
13 29535802 0 1 0 1 16 20 75 77 36 152
13 30240650 0 1 0 1 5 5 21 11 10 32
13 30296363 0 1 0 0 2 22 0 84 24 84
13 30462505 0 1 0 1 41 30 178 160 71 338
13 30657376 0 1 0 1 4 8 33 25 12 58
13 30657669 0 1 0 1 22 20 76 96 42 172
13 30658926 0 1 0 1 33 21 102 93 54 195
13 30735693 0 1 0 1 10 16 69 68 26 137
13 30743883 0 1 0 1 26 13 62 85 39 147
13 30744171 0 1 0 1 30 31 109 120 61 229
13 30756147 0 1 0 1 8 5 16 21 13 37
13 30917183 0 1 0 1 13 12 39 46 25 85
13 30924465 0 1 0 0 2 22 0 106 24 106
13 30939794 0 1 0 1 18 30 108 128 48 236
13 30968958 0 1 0 1 13 17 86 80 30 166
13 31148583 0 1 0 1 7 4 23 24 11 47
13 31151123 0 1 0 1 21 15 69 53 36 122
13 31151595 0 1 0 1 22 25 110 126 47 236
13 31154520 0 1 0 1 8 4 39 30 12 69
13 31154529 0 1 0 1 9 4 44 31 13 75
13 31155592 0 1 0 1 22 20 91 90 42 181
13 31215111 0 1 0 0 2 13 0 67 15 67
13 31761903 0 1 0 1 9 12 60 48 21 108
13 31765159 0 1 0 1 23 28 73 69 51 142
13 31765245 0 1 0 1 10 18 50 44 28 94
13 31774880 0 1 0 1 5 11 28 35 16 63
13 31786410 0 1 0 1 20 15 56 72 35 128
13 31802581 0 1 0 1 5 12 39 25 17 64
13 31952641 0 1 0 1 25 24 112 127 49 239
13 32224816 0 1 0 1 12 7 17 18 19 35
13 32225099 0 1 0 1 12 8 38 47 20 85
13 32225151 0 1 0 1 10 5 24 31 15 55
13 32237470 0 1 0 1 30 23 114 130 53 244
13 32239681 0 1 0 1 8 7 29 18 15 47
13 32251776 0 1 0 1 21 25 88 97 46 185
13 32251804 0 1 0 1 24 32 119 118 56 237
13 32251975 0 1 0 1 22 38 124 134 60 258
13 32254416 0 1 0 1 12 11 67 83 23 150
13 32258012 0 1 0 1 21 24 100 100 45 200
13 32267482 0 1 0 1 17 12 45 42 29 87
13 32275179 0 1 0 1 8 13 56 50 21 106
13 32278448 0 1 0 1 18 17 85 93 35 178
13 32308915 0 1 0 1 4 8 29 46 12 75
13 32310516 0 1 0 1 8 8 21 22 16 43
13 32310634 0 1 0 1 9 14 77 67 23 144
13 32311517 0 1 0 1 11 21 81 73 32 154
13 32329548 0 1 0 1 16 16 63 59 32 122
13 32332592 0 1 0 1 13 9 74 74 22 148
13 32527417 0 1 0 0 2 19 0 109 21 109
13 32741068 0 1 0 0 2 7 0 42 9 42
13 32741108 0 1 0 0 2 16 0 93 18 93
13 32775202 0 1 0 0 2 15 0 75 17 75
13 33061326 0 1 0 1 25 33 95 95 58 190
13 33061802 0 1 0 1 17 16 52 77 33 129
13 33105803 0 1 0 1 9 9 15 23 18 38
13 33127210 0 1 0 1 7 11 39 35 18 74
13 33129519 0 1 0 1 84 73 304 350 157 654
13 33138901 0 1 0 1 22 22 100 90 44 190
13 33165492 0 1 0 1 9 10 39 29 19 68
13 33524095 0 1 0 1 7 8 35 48 15 83
13 33831229 0 1 0 1 22 11 86 86 33 172
13 34678745 0 1 0 1 20 20 79 108 40 187
13 34678949 0 1 0 0 2 9 0 72 11 72
13 35055927 0 1 0 1 8 7 30 29 15 59
13 35651792 0 1 0 1 16 14 55 50 30 105
13 35828188 0 1 0 1 22 22 76 68 44 144
13 35828289 0 1 0 1 25 17 57 46 42 103
13 35854458 0 1 0 1 12 14 61 60 26 121
13 36125625 0 1 0 1 24 24 76 87 48 163
13 36126217 0 1 0 1 8 6 39 21 14 60
13 36126237 0 1 0 1 2 19 6 57 21 63
13 36168769 0 1 0 1 9 10 28 44 19 72
13 36214392 0 1 0 1 13 8 66 42 21 108
13 36214621 0 1 0 1 10 11 39 43 21 82
13 36227119 0 1 0 1 9 8 32 22 17 54
13 36227278 0 1 0 1 35 28 136 111 63 247
13 36227442 0 1 0 1 14 5 51 43 19 94
13 36231412 0 1 0 1 10 16 44 51 26 95
13 36240545 0 1 0 1 13 14 75 60 27 135
13 36243900 0 1 0 1 13 10 51 59 23 110
13 36243943 0 1 0 1 15 9 50 57 24 107
13 36248574 0 1 0 1 17 18 57 56 35 113
13 36248712 0 1 0 1 19 21 52 47 40 99
13 36248747 0 1 0 1 14 12 39 25 26 64
13 36248771 0 1 0 1 8 9 31 22 17 53
13 36253759 0 1 0 1 12 16 43 55 28 98
13 36254100 0 1 0 1 25 26 98 101 51 199
13 36254948 0 1 0 1 9 7 26 30 16 56
13 36255072 0 1 0 1 21 37 112 107 58 219
13 36255121 0 1 0 1 37 49 156 147 86 303
13 36255164 0 1 0 1 30 49 144 135 79 279
13 36297593 0 1 0 1 10 13 59 75 23 134
13 36326691 0 1 0 1 4 8 37 36 12 73
13 36368396 0 1 0 1 13 13 28 29 26 57
13 36433354 0 1 0 1 11 12 48 45 23 93
13 36441105 0 1 0 1 23 30 110 98 53 208
13 37022407 0 1 0 0 2 11 0 52 13 52
13 37047495 0 1 0 0 2 17 0 104 19 104
13 37230216 0 1 0 1 24 12 82 79 36 161
13 37564593 0 1 0 1 13 16 58 63 29 121
13 37569977 0 1 0 1 34 27 138 123 61 261
13 37570764 0 1 0 1 7 7 26 35 14 61
13 37574756 0 1 0 1 8 15 37 52 23 89
13 37574936 0 1 0 1 5 7 17 20 12 37
13 37578993 0 1 0 1 28 21 72 88 49 160
13 37579214 0 1 0 1 35 31 121 101 66 222
13 37580024 0 1 0 1 17 16 72 62 33 134
13 37580052 0 1 0 1 17 10 67 45 27 112
13 37582569 0 1 0 1 18 15 56 62 33 118
13 37598730 0 1 0 1 18 12 83 95 30 178
13 37637176 0 1 0 1 25 33 103 120 58 223
13 37638916 0 1 0 1 7 6 14 22 13 36
13 37651502 0 1 0 1 6 5 25 26 11 51
13 38688886 0 1 0 1 20 22 125 113 42 238
13 38783229 0 1 0 0 2 16 0 71 18 71
13 38856177 0 1 0 1 30 47 175 175 77 350
13 38874318 0 1 0 1 8 5 9 24 13 33
13 38878098 0 1 0 1 13 19 58 74 32 132
13 38878797 0 1 0 1 15 8 62 50 23 112
13 38966788 0 1 0 0 2 17 0 115 19 115
13 38968394 0 1 0 1 25 17 80 84 42 164
13 39011488 0 1 0 0 2 20 0 103 22 103
13 39011914 0 1 0 1 5 5 12 22 10 34
13 39012206 0 1 0 1 8 10 44 60 18 104
13 39013029 0 1 0 1 40 51 139 128 91 267
13 39013540 0 1 0 1 30 25 139 117 55 256
13 39013728 0 1 0 1 29 35 152 115 64 267
13 39013752 0 1 0 1 27 39 168 125 66 293
13 39022266 0 1 0 1 18 24 100 80 42 180
13 39031729 0 1 0 1 23 29 101 105 52 206
13 39037074 0 1 0 1 9 7 17 10 16 27
13 39039050 0 1 0 1 5 5 28 16 10 44
13 39044037 0 1 0 1 17 30 84 76 47 160
13 39044234 0 1 0 1 8 18 50 85 26 135
13 39047575 0 1 0 1 5 5 16 16 10 32
13 39047938 0 1 0 1 12 10 45 47 22 92
13 40619338 0 1 0 1 8 6 29 34 14 63
13 40621274 0 1 0 1 19 17 53 67 36 120
13 40949740 0 1 0 1 22 19 91 58 41 149
13 41101175 0 1 0 0 2 21 0 113 23 113
13 41217258 0 1 0 0 2 9 0 57 11 57
13 41223465 0 1 0 1 5 10 26 21 15 47
13 41257858 0 1 0 0 2 13 0 68 15 68
13 41260608 0 1 0 1 28 37 130 116 65 246
13 41260903 0 1 0 1 19 30 69 102 49 171
13 41260953 0 1 0 1 8 11 34 56 19 90
13 41311374 0 1 0 0 2 20 0 75 22 75
13 41316787 0 1 0 1 4 11 31 30 15 61
13 41317034 0 1 0 1 6 15 52 48 21 100
13 41317036 0 1 0 1 14 6 47 47 20 94
13 41318969 0 1 0 1 20 9 27 41 29 68
13 41328803 0 1 0 1 9 9 49 51 18 100
13 41375624 0 1 0 0 2 21 0 90 23 90
13 41375668 0 1 0 1 11 4 22 25 15 47
13 41458436 0 1 0 1 31 30 101 113 61 214
13 41611560 0 1 0 1 43 50 207 191 93 398
13 41719830 0 1 0 1 6 7 17 15 13 32
13 41729810 0 1 0 1 9 5 21 12 14 33
13 41778005 0 1 0 0 2 23 0 141 25 141
13 41783788 0 1 0 1 8 21 50 57 29 107
13 41926423 0 1 0 0 2 10 0 48 12 48
13 41926794 0 1 0 0 2 22 0 93 24 93
13 42070162 0 1 0 1 15 15 53 67 30 120
13 42070444 0 1 0 1 14 11 23 28 25 51
13 42070569 0 1 0 1 8 7 18 22 15 40
13 42127581 0 1 0 1 15 23 71 83 38 154
13 42127667 0 1 0 1 11 9 21 35 20 56
13 42129546 0 1 0 1 6 8 48 56 14 104
13 42160253 0 1 0 1 16 15 52 48 31 100
13 42189018 0 1 0 1 13 8 42 60 21 102
13 42189369 0 1 0 1 4 6 28 29 10 57
13 42219162 0 1 0 1 13 14 33 31 27 64
13 42239493 0 1 0 1 17 11 97 82 28 179
13 42302154 0 1 0 1 20 26 87 91 46 178
13 42784040 0 1 0 1 19 25 60 73 44 133
13 42787012 0 1 0 1 15 19 56 68 34 124
13 42888286 0 1 0 1 25 22 91 91 47 182
13 42889163 0 1 0 1 16 18 63 64 34 127
13 42895021 0 1 0 1 18 27 84 106 45 190
13 42895075 0 1 0 1 19 32 78 109 51 187
13 42963151 0 1 0 1 6 7 23 31 13 54
13 43023570 0 1 0 1 11 14 48 34 25 82
13 43023729 0 1 0 1 33 32 149 119 65 268
13 43023796 0 1 0 1 34 33 147 123 67 270
13 43023841 0 1 0 1 26 14 110 94 40 204
13 43023844 0 1 0 1 25 15 107 90 40 197
13 43023859 0 1 0 1 26 12 96 75 38 171
13 43023989 0 1 0 1 9 6 22 16 15 38
13 43068916 0 1 0 0 3 28 0 139 31 139
13 43213895 0 1 0 1 10 8 49 45 18 94
13 43213900 0 1 0 1 10 10 43 54 20 97
13 43214022 0 1 0 1 27 37 135 131 64 266
13 43321057 0 1 0 1 17 26 99 98 43 197
13 43361269 0 1 0 1 20 26 94 85 46 179
13 43883789 0 1 0 1 32 30 107 129 62 236
13 43968516 0 1 0 1 3 8 19 15 11 34
13 43968606 0 1 0 1 3 9 21 35 12 56
13 43969390 0 1 0 1 17 39 111 125 56 236
13 43969539 0 1 0 1 17 22 82 86 39 168
13 44436668 0 1 0 1 24 13 79 82 37 161
13 44573060 0 1 0 1 13 18 58 72 31 130
13 45136630 0 1 0 1 2 8 43 33 10 76
13 45340822 0 1 0 1 21 34 113 116 55 229
13 45395817 0 1 0 1 12 10 45 44 22 89
13 45436334 0 1 0 1 12 9 40 61 21 101
13 45436541 0 1 0 1 7 20 63 60 27 123
13 45465272 0 1 0 1 18 15 53 53 33 106
13 45492028 0 1 0 1 13 15 52 54 28 106
13 45503246 0 1 0 1 14 13 31 50 27 81
13 45511564 0 1 0 1 11 12 28 34 23 62
13 45511729 0 1 0 1 29 36 95 138 65 233
13 45519149 0 1 0 1 8 18 68 46 26 114
13 45524859 0 1 0 1 9 14 55 46 23 101
13 45525108 0 1 0 1 12 11 61 44 23 105
13 45529800 0 1 0 1 26 34 117 132 60 249
13 45529995 0 1 0 1 21 22 74 78 43 152
13 45534508 0 1 0 1 5 5 12 19 10 31
13 45541596 0 1 0 1 16 20 59 56 36 115
13 45550155 0 1 0 1 29 30 111 107 59 218
13 45563702 0 1 0 1 23 13 71 87 36 158
13 45574720 0 1 0 1 4 6 34 31 10 65
13 45580133 0 1 0 0 2 21 0 100 23 100
13 45596474 0 1 0 1 19 16 70 55 35 125
13 46042327 0 1 0 1 8 3 23 12 11 35
13 46044936 0 1 0 1 14 14 74 64 28 138
13 46067331 0 1 0 1 17 22 81 98 39 179
13 46073959 0 1 0 1 7 10 54 45 17 99
13 46154789 0 1 0 1 21 28 100 95 49 195
13 46270149 0 1 0 1 3 7 24 31 10 55
13 46276492 0 1 0 1 2 9 25 25 11 50
13 46362303 0 1 0 1 6 4 25 21 10 46
13 46650379 0 1 0 1 34 30 110 128 64 238
13 46669222 0 1 0 1 36 27 85 92 63 177
13 46784405 0 1 0 1 8 15 53 58 23 111
13 46892646 0 1 0 1 7 9 36 36 16 72
13 48319595 0 1 0 1 5 5 24 27 10 51
13 48533105 0 1 0 1 26 20 123 100 46 223
13 49110259 0 1 0 0 2 8 0 37 10 37
13 49286058 0 1 0 1 6 10 16 21 16 37
13 49292733 0 1 0 1 8 15 40 47 23 87
13 49521991 0 1 0 1 5 9 21 21 14 42
13 49525954 0 1 0 1 8 7 33 32 15 65
13 49630323 0 1 0 1 5 6 27 19 11 46
13 49663119 0 1 0 1 20 30 85 105 50 190
13 49725541 0 1 0 1 14 7 51 40 21 91
13 49891685 0 1 0 1 12 14 55 37 26 92
13 49892775 0 1 0 1 45 45 187 227 90 414
13 50082446 0 1 0 1 16 25 130 118 41 248
13 50956278 0 1 0 1 5 5 31 38 10 69
13 51452116 0 1 0 0 2 15 0 96 17 96
13 51460655 0 1 0 0 2 11 0 67 13 67
13 51776901 0 1 0 1 14 10 54 48 24 102
13 51791049 0 1 0 1 4 12 17 20 16 37
13 51799678 0 1 0 1 26 21 94 115 47 209
13 51826362 0 1 0 1 6 8 24 30 14 54
13 51865994 0 1 0 1 44 51 187 180 95 367
13 51908958 0 1 0 1 46 44 153 187 90 340
13 51918389 0 1 0 1 25 23 96 120 48 216
13 51937226 0 1 0 1 37 34 79 121 71 200
13 51937470 0 1 0 1 44 29 148 183 73 331
13 51941218 0 1 0 1 26 44 115 121 70 236
13 51946568 0 1 0 1 25 17 89 100 42 189
13 51949672 0 1 0 1 10 7 56 45 17 101
13 51950352 0 1 0 1 27 20 99 97 47 196
13 51950424 0 1 0 1 13 7 54 47 20 101
13 51968660 0 1 0 1 7 8 28 26 15 54
13 51970669 0 1 0 1 47 32 173 187 79 360
13 51974004 0 1 0 1 39 48 142 185 87 327
13 52011412 0 1 0 1 24 36 96 113 60 209
13 52028783 0 1 0 1 15 17 85 66 32 151
13 52029058 0 1 0 1 26 40 137 120 66 257
13 52029639 0 1 0 1 22 31 76 86 53 162
13 52030829 0 1 0 1 41 26 149 184 67 333
13 52083151 0 1 0 1 12 15 63 59 27 122
13 52089355 0 1 0 1 17 25 77 88 42 165
13 52135802 0 1 0 1 24 26 118 139 50 257
13 52141208 0 1 0 1 6 9 25 29 15 54
13 52584738 0 1 0 1 5 5 13 18 10 31
13 52597182 0 1 0 1 15 20 53 79 35 132
13 52642900 0 1 0 1 11 15 62 53 26 115
13 52643135 0 1 0 1 11 6 49 37 17 86
13 52643358 0 1 0 1 4 10 20 19 14 39
13 52703932 0 1 0 1 4 8 16 18 12 34
13 52712888 0 1 0 1 4 7 18 23 11 41
13 52820901 0 1 0 1 12 18 49 74 30 123
13 52820957 0 1 0 1 13 15 38 49 28 87
13 52845004 0 1 0 1 22 22 85 86 44 171
13 52847297 0 1 0 1 35 36 139 135 71 274
13 52848418 0 1 0 1 49 61 195 234 110 429
13 53200492 0 1 0 1 21 22 101 79 43 180
13 53200596 0 1 0 1 17 11 59 66 28 125
13 53201181 0 1 0 1 6 4 26 10 10 36
13 53409310 0 1 0 1 6 4 16 16 10 32
13 53409720 0 1 0 1 11 16 53 76 27 129
13 55174538 0 1 0 1 8 5 20 20 13 40
13 55999396 0 1 0 1 5 5 23 26 10 49
13 58529367 0 1 0 1 16 19 68 126 35 194
13 58751110 0 1 0 1 4 6 21 17 10 38
13 60275358 0 1 0 1 13 9 45 56 22 101
13 60467178 0 1 0 1 17 14 71 49 31 120
13 61414020 0 1 0 1 12 16 62 64 28 126
13 63746866 0 1 0 1 10 25 29 97 35 126
13 63746867 0 1 0 1 10 26 27 100 36 127
13 63746869 0 1 0 1 10 23 30 99 33 129
13 63746877 0 1 0 1 10 28 28 108 38 136
13 63832869 0 1 0 1 6 30 22 153 36 175
13 65310496 0 1 0 1 8 7 16 21 15 37
13 65310849 0 1 0 1 7 3 20 21 10 41
13 66304560 0 1 0 0 2 13 0 67 15 67
13 67902265 0 1 0 1 7 13 28 27 20 55
13 67902532 0 1 0 1 17 23 80 88 40 168
13 67902675 0 1 0 1 26 16 52 65 42 117
13 67911192 0 1 0 1 10 16 47 55 26 102
13 67911256 0 1 0 1 10 14 32 62 24 94
13 68984979 0 1 0 1 10 5 41 33 15 74
13 68985111 0 1 0 1 24 43 111 169 67 280
13 68985116 0 1 0 1 22 43 119 164 65 283
13 68985238 0 1 0 1 15 11 65 46 26 111
13 68985602 0 1 0 1 6 6 21 18 12 39
13 70107741 0 1 0 1 14 10 28 32 24 60
13 70924206 0 1 0 1 14 20 67 80 34 147
13 70924228 0 1 0 1 12 18 69 77 30 146
13 70924253 0 1 0 1 14 15 70 78 29 148
13 70924333 0 1 0 1 9 15 53 53 24 106
13 70924460 0 1 0 1 7 10 57 35 17 92
13 70924471 0 1 0 1 8 11 52 34 19 86
13 70924532 0 1 0 1 5 13 37 30 18 67
13 71027376 0 1 0 1 10 6 22 25 16 47
13 72727308 0 1 0 0 2 18 0 69 20 69
13 72727908 0 1 0 1 61 67 194 262 128 456
13 73715744 0 1 0 1 6 5 14 21 11 35
13 73764967 0 1 0 1 28 34 107 154 62 261
13 73944073 0 1 0 1 17 30 101 79 47 180
13 75239131 0 1 0 1 27 39 113 113 66 226
13 75239934 0 1 0 1 30 32 129 109 62 238
13 75240149 0 1 0 1 41 30 144 103 71 247
13 75240208 0 1 0 1 33 34 105 132 67 237
13 75240368 0 1 0 1 6 12 46 52 18 98
13 75240390 0 1 0 1 8 7 42 40 15 82
13 75292148 0 1 0 1 14 11 36 27 25 63
13 75299651 0 1 0 1 18 7 60 52 25 112
13 75299681 0 1 0 0 2 22 0 97 24 97
13 75302253 0 1 0 1 9 7 39 36 16 75
13 75359516 0 1 0 1 5 6 28 19 11 47
13 75362500 0 1 0 1 40 41 188 171 81 359
13 75481261 0 1 0 1 29 27 115 120 56 235
13 75481684 0 1 0 1 19 18 116 127 37 243
13 75537566 0 1 0 1 11 12 62 48 23 110
13 75566955 0 1 0 1 11 11 33 41 22 74
13 75595083 0 1 0 1 17 19 50 52 36 102
13 75804601 0 1 0 1 5 5 20 21 10 41
13 75821142 0 1 0 1 23 18 89 78 41 167
13 75821484 0 1 0 1 23 33 113 121 56 234
13 75823595 0 1 0 1 6 12 46 59 18 105
13 75823953 0 1 0 1 5 7 31 26 12 57
13 75842965 0 1 0 1 12 18 69 85 30 154
13 75871053 0 1 0 1 9 15 74 69 24 143
13 75871180 0 1 0 1 5 17 65 59 22 124
13 75883012 0 1 0 1 16 32 73 107 48 180
13 75883047 0 1 0 1 19 29 72 124 48 196
13 76593564 0 1 0 0 2 22 0 92 24 92
13 76885615 0 1 0 1 11 10 34 56 21 90
13 76886232 0 1 0 1 8 9 24 18 17 42
13 76948790 0 1 0 1 3 7 17 16 10 33
13 76953572 0 1 0 1 31 16 100 96 47 196
13 77050961 0 1 0 1 12 7 33 35 19 68
13 77058452 0 1 0 0 2 18 0 87 20 87
13 77559951 0 1 0 1 21 26 93 100 47 193
13 77597681 0 1 0 0 2 16 0 104 18 104
13 77604415 0 1 0 1 14 18 71 76 32 147
13 77618072 0 1 0 1 27 23 90 85 50 175
13 77642738 0 1 0 1 14 8 69 76 22 145
13 77744139 0 1 0 1 11 5 24 27 16 51
13 77746694 0 1 0 1 30 27 104 115 57 219
13 77753200 0 1 0 0 2 18 0 119 20 119
13 78635247 0 1 0 1 4 8 36 30 12 66
13 78642043 0 1 0 1 7 5 27 22 12 49
13 78642283 0 1 0 1 9 6 20 28 15 48
13 78910234 0 1 0 1 8 5 35 25 13 60
13 79090952 0 1 0 1 7 7 27 17 14 44
13 79192053 0 1 0 1 10 28 88 83 38 171
13 79320601 0 1 0 1 15 15 46 35 30 81
13 79341254 0 1 0 1 6 13 45 39 19 84
13 79342838 0 1 0 1 7 3 26 27 10 53
13 79342859 0 1 0 1 7 4 16 22 11 38
13 79344188 0 1 0 1 7 3 29 38 10 67
13 79355048 0 1 0 1 17 30 77 84 47 161
13 79355191 0 1 0 1 35 45 137 163 80 300
13 79365471 0 1 0 1 4 6 21 26 10 47
13 79366676 0 1 0 1 24 17 87 97 41 184
13 79405882 0 1 0 0 2 10 0 80 12 80
13 79520895 0 1 0 1 10 13 68 81 23 149
13 81690208 0 1 0 1 11 7 26 20 18 46
13 82458415 0 1 0 1 4 9 22 18 13 40
13 83907311 0 1 0 0 2 12 0 53 14 53
13 87673468 0 1 0 1 14 11 71 52 25 123
13 87893292 0 1 0 1 8 7 25 22 15 47
13 89992074 0 1 0 1 12 14 45 34 26 79
13 90231129 0 1 0 1 37 41 122 152 78 274
13 92490059 0 1 0 1 18 14 54 76 32 130
13 92490109 0 1 0 1 30 26 77 107 56 184
13 94028038 0 1 0 1 5 6 34 27 11 61
13 94286531 0 1 0 1 7 6 36 37 13 73
13 94469234 0 1 0 1 9 11 37 42 20 79
13 94602128 0 1 0 1 10 14 56 41 24 97
13 94623322 0 1 0 1 31 19 89 91 50 180
13 94758442 0 1 0 1 5 12 32 30 17 62
13 95021537 0 1 0 1 9 15 44 78 24 122
13 95044216 0 1 0 1 12 12 41 40 24 81
13 95052880 0 1 0 1 11 15 10 21 26 31
13 95062688 0 1 0 1 7 5 21 28 12 49
13 95062722 0 1 0 1 7 11 42 30 18 72
13 95075607 0 1 0 1 5 6 14 15 11 29
13 95163580 0 1 0 1 20 19 74 66 39 140
13 95177589 0 1 0 1 6 5 25 28 11 53
13 95177616 0 1 0 1 9 6 39 34 15 73
13 95194766 0 1 0 1 34 24 110 90 58 200
13 95206432 0 1 0 1 13 18 73 54 31 127
13 95206450 0 1 0 1 14 18 85 71 32 156
13 95206724 0 1 0 1 23 39 139 152 62 291
13 95206742 0 1 0 1 22 34 126 148 56 274
13 95208034 0 1 0 1 11 9 39 44 20 83
13 95209550 0 1 0 1 15 14 66 81 29 147
13 95209727 0 1 0 1 6 5 15 14 11 29
13 95210642 0 1 0 1 16 19 52 61 35 113
13 95210889 0 1 0 1 9 9 26 41 18 67
13 95434226 0 1 0 1 11 14 31 37 25 68
13 95853698 0 1 0 1 10 7 32 32 17 64
13 95854410 0 1 0 1 18 14 101 104 32 205
13 95860933 0 1 0 1 8 14 56 52 22 108
13 95887765 0 1 0 1 11 8 43 27 19 70
13 95887950 0 1 0 1 18 15 88 86 33 174
13 95902895 0 1 0 1 9 14 55 51 23 106
13 95927208 0 1 0 1 21 9 50 56 30 106
13 95947017 0 1 0 1 11 14 47 42 25 89
13 95947179 0 1 0 1 16 22 57 59 38 116
13 95947191 0 1 0 1 15 18 54 58 33 112
13 95983916 0 1 0 1 13 12 40 53 25 93
13 95986397 0 1 0 1 11 9 39 48 20 87
13 96884733 0 1 0 1 11 12 18 46 23 64
13 96884981 0 1 0 1 9 5 28 33 14 61
13 96885521 0 1 0 1 13 5 38 29 18 67
13 96885610 0 1 0 1 7 3 39 21 10 60
13 96947890 0 1 0 0 2 8 0 48 10 48
13 96987160 0 1 0 1 42 36 139 176 78 315
13 97334194 0 1 0 1 4 7 18 16 11 34
13 97364957 0 1 0 1 15 8 27 21 23 48
13 97977080 0 1 0 1 7 4 25 14 11 39
13 97980095 0 1 0 1 8 5 20 22 13 42
13 97988132 0 1 0 1 10 5 53 45 15 98
13 97997770 0 1 0 1 7 8 34 50 15 84
13 98006104 0 1 0 1 3 16 33 43 19 76
13 98014194 0 1 0 0 2 23 0 136 25 136
13 98389904 0 1 0 1 10 18 61 79 28 140
13 98410954 0 1 0 1 5 10 35 42 15 77
13 98411990 0 1 0 1 19 20 94 78 39 172
13 98437914 0 1 0 1 17 14 50 79 31 129
13 98439798 0 1 0 1 17 21 56 66 38 122
13 98440614 0 1 0 1 16 24 75 89 40 164
13 98446064 0 1 0 1 34 25 98 89 59 187
13 98446216 0 1 0 1 18 10 69 78 28 147
13 98446628 0 1 0 1 40 35 123 128 75 251
13 98448293 0 1 0 1 17 17 86 80 34 166
13 98460500 0 1 0 1 14 16 53 62 30 115
13 98460501 0 1 0 1 14 17 50 62 31 112
13 98463673 0 1 0 1 24 36 108 135 60 243
13 98687783 0 1 0 1 10 11 41 35 21 76
13 98687831 0 1 0 1 5 5 21 29 10 50
13 98704358 0 1 0 1 22 16 73 77 38 150
13 98709705 0 1 0 1 34 37 139 118 71 257
13 98722052 0 1 0 1 6 14 48 50 20 98
13 98723927 0 1 0 1 14 9 44 55 23 99
13 98955657 0 1 0 1 7 6 20 19 13 39
13 98977850 0 1 0 1 21 18 104 100 39 204
13 98979232 0 1 0 1 3 9 6 32 12 38
13 98979236 0 1 0 1 2 11 5 33 13 38
13 99865155 0 1 0 1 11 7 20 46 18 66
13 99884967 0 1 0 1 42 42 176 228 84 404
13 99884978 0 1 0 1 50 50 182 234 100 416
13 99885122 0 1 0 1 27 25 103 108 52 211
13 100293349 0 1 0 1 20 14 70 60 34 130
13 100368441 0 1 0 1 4 9 34 27 13 61
13 100532747 0 1 0 1 6 8 31 25 14 56
13 100540184 0 1 0 1 31 27 106 98 58 204
13 100634670 0 1 0 1 10 6 26 29 16 55
13 100635111 0 1 0 1 27 29 93 109 56 202
13 100635150 0 1 0 1 23 16 61 64 39 125
13 100636738 0 1 0 1 27 25 106 115 52 221
13 100637715 0 1 0 1 19 34 122 86 53 208
13 100637744 0 1 0 1 12 23 118 100 35 218
13 100662901 0 1 0 1 9 10 55 65 19 120
13 101060074 0 1 0 1 8 8 42 52 16 94
13 101081297 0 1 0 1 8 4 20 30 12 50
13 101082675 0 1 0 1 28 21 100 102 49 202
13 101082860 0 1 0 1 41 41 137 163 82 300
13 101083724 0 1 0 1 24 19 93 104 43 197
13 101083973 0 1 0 1 10 13 64 40 23 104
13 101110956 0 1 0 0 2 14 0 84 16 84
13 101176303 0 1 0 1 15 28 88 59 43 147
13 101181079 0 1 0 1 18 15 82 87 33 169
13 101292401 0 1 0 1 6 4 19 24 10 43
13 101369201 0 1 0 1 8 12 16 24 20 40
13 101373078 0 1 0 1 16 15 63 64 31 127
13 101453842 0 1 0 1 8 6 17 21 14 38
13 101453925 0 1 0 1 14 9 64 64 23 128
13 101567842 0 1 0 1 37 34 141 144 71 285
13 101692517 0 1 0 1 10 10 58 36 20 94
13 101714475 0 1 0 1 31 31 112 137 62 249
13 101967637 0 1 0 1 10 10 8 16 20 24
13 102018376 0 1 0 0 2 16 0 68 18 68
13 102046065 0 1 0 1 9 14 76 107 23 183
13 102046109 0 1 0 1 11 14 79 101 25 180
13 102618856 0 1 0 1 42 48 190 215 90 405
13 102623036 0 1 0 1 28 34 89 94 62 183
13 102629929 0 1 0 1 10 17 53 72 27 125
13 102629949 0 1 0 1 19 17 74 90 36 164
13 102637059 0 1 0 1 18 12 73 57 30 130
13 102638185 0 1 0 1 13 35 103 133 48 236
13 102638224 0 1 0 1 20 47 148 175 67 323
13 102640460 0 1 0 1 14 15 45 63 29 108
13 102647167 0 1 0 1 6 7 19 18 13 37
13 102654868 0 1 0 1 7 13 46 53 20 99
13 102654972 0 1 0 1 30 24 117 98 54 215
13 102655010 0 1 0 1 27 25 108 120 52 228
13 102655133 0 1 0 1 17 17 86 79 34 165
13 102656886 0 1 0 1 3 8 28 27 11 55
13 102663598 0 1 0 1 7 7 24 26 14 50
13 102663763 0 1 0 1 16 13 78 88 29 166
13 102668987 0 1 0 0 2 12 0 57 14 57
13 102674600 0 1 0 1 7 12 35 45 19 80
13 102676269 0 1 0 1 10 9 22 17 19 39
13 102678368 0 1 0 1 3 10 25 33 13 58
13 102687015 0 1 0 1 24 19 78 65 43 143
13 102694309 0 1 0 1 13 11 31 39 24 70
13 102694456 0 1 0 1 12 14 47 65 26 112
13 102730310 0 1 0 1 25 28 108 119 53 227
13 102747106 0 1 0 1 33 44 178 169 77 347
13 102852167 0 1 0 1 22 33 91 116 55 207
13 102858546 0 1 0 1 6 4 28 21 10 49
13 102858951 0 1 0 1 15 25 86 122 40 208
13 102859078 0 1 0 1 19 32 115 97 51 212
13 102866494 0 1 0 1 13 11 55 39 24 94
13 102872412 0 1 0 1 15 15 64 45 30 109
13 103046280 0 1 0 1 11 9 38 42 20 80
13 103051229 0 1 0 1 10 7 41 34 17 75
13 103052694 0 1 0 1 37 37 115 141 74 256
13 106557030 0 1 0 1 14 15 59 51 29 110
13 107210493 0 1 0 1 10 11 41 41 21 82
13 108209565 0 1 0 1 29 32 106 117 61 223
13 108712910 0 1 0 1 7 3 17 19 10 36
13 108844465 0 1 0 1 19 16 104 88 35 192
13 108844580 0 1 0 1 10 9 32 33 19 65
13 108897898 0 1 0 1 6 6 29 47 12 76
13 109009011 0 1 0 1 14 22 81 87 36 168
13 109055479 0 1 0 1 12 32 63 124 44 187
13 109065580 0 1 0 1 5 10 30 49 15 79
13 109120336 0 1 0 1 7 14 52 46 21 98
13 109124983 0 1 0 1 5 5 17 15 10 32
13 109125303 0 1 0 0 2 22 0 169 24 169
13 109127070 0 1 0 1 5 12 30 33 17 63
13 109127558 0 1 0 1 12 16 56 81 28 137
13 109140661 0 1 0 1 19 11 69 76 30 145
13 109179736 0 1 0 1 12 12 57 47 24 104
13 109179834 0 1 0 1 5 7 22 15 12 37
13 109781963 0 1 0 1 7 14 41 49 21 90
13 109782955 0 1 0 1 10 8 42 61 18 103
13 109783567 0 1 0 1 31 31 115 116 62 231
13 109783606 0 1 0 1 32 38 143 148 70 291
13 109783885 0 1 0 1 28 24 123 128 52 251
13 110152462 0 1 0 1 15 18 80 78 33 158
13 110166251 0 1 0 1 16 16 84 85 32 169
13 110167110 0 1 0 1 9 6 34 30 15 64
13 110167113 0 1 0 1 9 8 36 33 17 69
13 110167239 0 1 0 1 24 21 86 82 45 168
13 110167507 0 1 0 1 5 5 22 26 10 48
13 110172917 0 1 0 1 13 5 17 23 18 40
13 110186299 0 1 0 1 7 5 24 12 12 36
13 110192374 0 1 0 1 25 25 64 85 50 149
13 110194880 0 1 0 1 15 10 40 48 25 88
13 110198667 0 1 0 1 17 33 107 137 50 244
13 110201724 0 1 0 0 2 15 0 77 17 77
13 110209438 0 1 0 1 6 7 53 55 13 108
13 110211878 0 1 0 1 14 14 53 57 28 110
13 110212049 0 1 0 1 13 11 56 50 24 106
13 110213614 0 1 0 1 6 5 19 12 11 31
13 110213615 0 1 0 1 6 5 19 12 11 31
13 110213918 0 1 0 1 54 37 194 174 91 368
13 110425169 0 1 0 1 4 14 21 19 18 40
13 110428262 0 1 0 1 17 11 78 59 28 137
13 110429810 0 1 0 1 11 9 77 67 20 144
13 110436523 0 1 0 1 10 12 52 61 22 113
13 110439648 0 1 0 1 10 12 68 50 22 118
13 110445670 0 1 0 1 14 15 65 58 29 123
13 110445763 0 1 0 1 16 31 99 124 47 223
13 110445879 0 1 0 1 10 21 109 89 31 198
13 110446710 0 1 0 1 14 7 63 61 21 124
13 110446775 0 1 0 1 18 16 80 68 34 148
13 110449836 0 1 0 1 22 30 98 96 52 194
13 110450066 0 1 0 1 11 11 51 53 22 104
13 110450081 0 1 0 0 2 22 0 108 24 108
13 110450148 0 1 0 1 8 13 56 42 21 98
13 110457722 0 1 0 1 33 33 131 166 66 297
13 110459035 0 1 0 1 7 6 19 31 13 50
13 110493080 0 1 0 1 3 8 40 33 11 73
13 110493081 0 1 0 1 3 9 41 31 12 72
13 110501812 0 1 0 1 20 21 75 101 41 176
13 110501813 0 1 0 1 22 20 100 74 42 174
13 110503889 0 1 0 0 2 21 0 166 23 166
13 110506527 0 1 0 1 27 37 138 180 64 318
13 110645940 0 1 0 1 16 14 64 53 30 117
13 110869911 0 1 0 1 7 5 25 23 12 48
13 110914692 0 1 0 1 34 19 98 90 53 188
13 110936805 0 1 0 1 9 11 60 47 20 107
13 110936857 0 1 0 1 11 12 59 30 23 89
13 110936931 0 1 0 1 12 13 42 25 25 67
13 110937240 0 1 0 1 12 18 41 42 30 83
13 110937681 0 1 0 1 8 5 36 38 13 74
13 110937822 0 1 0 1 13 11 30 43 24 73
13 110938203 0 1 0 1 4 9 45 25 13 70
13 110938583 0 1 0 1 8 3 38 28 11 66
13 110938823 0 1 0 1 5 10 36 35 15 71
13 110938918 0 1 0 1 15 7 45 48 22 93
13 110938936 0 1 0 1 14 7 47 48 21 95
13 110952814 0 1 0 1 27 30 84 99 57 183
13 111153693 0 1 0 1 4 7 15 20 11 35
13 111275926 0 1 0 1 15 17 47 52 32 99
13 111320762 0 1 0 0 2 16 0 61 18 61
13 112108518 0 1 0 1 18 30 104 103 48 207
13 112108821 0 1 0 1 47 38 146 158 85 304
13 112378648 0 1 0 1 18 11 60 58 29 118
13 112398074 0 1 0 1 32 32 159 129 64 288
13 112398248 0 1 0 1 9 8 48 55 17 103
13 112399156 0 1 0 1 10 19 59 56 29 115
13 112400981 0 1 0 1 5 9 49 41 14 90
13 112485812 0 1 0 1 19 16 79 67 35 146
13 112547538 0 1 0 1 99 81 356 366 180 722
13 112679370 0 1 0 1 17 12 60 64 29 124
13 112810795 0 1 0 1 8 8 34 27 16 61
13 112824340 0 1 0 1 19 30 125 100 49 225
13 112825499 0 1 0 1 21 30 129 111 51 240
13 112832729 0 1 0 1 10 10 48 56 20 104
13 112834936 0 1 0 1 6 4 21 23 10 44
13 112842252 0 1 0 1 16 19 45 50 35 95
13 112856098 0 1 0 0 2 19 0 80 21 80
13 112858017 0 1 0 1 17 13 47 43 30 90
13 112859368 0 1 0 1 38 48 151 194 86 345
13 112873367 0 1 0 1 7 9 13 25 16 38
13 112873369 0 1 0 1 7 9 10 27 16 37
13 112873397 0 1 0 1 10 11 24 33 21 57
13 112873467 0 1 0 1 17 18 52 57 35 109
13 112873653 0 1 0 1 19 19 88 105 38 193
13 112880593 0 1 0 1 39 32 144 155 71 299
13 112881818 0 1 0 1 28 33 126 138 61 264
13 112882153 0 1 0 1 28 24 96 73 52 169
13 112909037 0 1 0 1 11 16 58 52 27 110
13 112909047 0 1 0 1 17 9 58 65 26 123
13 112968657 0 1 0 1 19 21 107 104 40 211
13 112969647 0 1 0 1 11 15 55 38 26 93
13 112969650 0 1 0 1 11 14 52 33 25 85
13 112979482 0 1 0 1 6 4 24 39 10 63
13 112979777 0 1 0 1 37 25 142 113 62 255
13 112985357 0 1 0 1 31 23 131 116 54 247
13 112985548 0 1 0 1 22 20 88 100 42 188
13 113001902 0 1 0 1 27 28 78 110 55 188
13 113078695 0 1 0 1 40 54 193 201 94 394
13 113084762 0 1 0 1 5 8 23 29 13 52
13 113090056 0 1 0 1 19 12 73 112 31 185
13 113094238 0 1 0 1 7 3 32 24 10 56
13 113094376 0 1 0 1 30 28 82 98 58 180
13 113095161 0 1 0 1 12 15 35 42 27 77
13 113096272 0 1 0 1 11 8 55 58 19 113
13 113122816 0 1 0 1 31 31 116 123 62 239
13 113129676 0 1 0 1 9 7 33 36 16 69
13 113138440 0 1 0 1 6 4 23 14 10 37
13 113141117 0 1 0 0 2 23 0 105 25 105
13 113162944 0 1 0 1 3 10 10 31 13 41
13 113171493 0 1 0 1 13 23 59 54 36 113
13 113263123 0 1 0 1 5 4 25 29 9 54
13 113319306 0 1 0 1 4 8 23 36 12 59
13 113363723 0 1 0 1 6 8 29 32 14 61
13 113423117 0 1 0 1 4 6 11 28 10 39
13 113429158 0 1 0 1 12 8 43 38 20 81
13 113462741 0 1 0 0 2 20 0 104 22 104
13 113499915 0 1 0 1 18 18 43 56 36 99
13 113501650 0 1 0 1 10 18 46 66 28 112
13 113520723 0 1 0 1 25 19 79 90 44 169
13 113520794 0 1 0 1 15 17 45 74 32 119
13 113547055 0 1 0 1 4 7 16 17 11 33
13 113547427 0 1 0 1 10 20 65 60 30 125
13 113548217 0 1 0 1 28 41 104 153 69 257
13 113548234 0 1 0 1 29 44 111 145 73 256
13 113548245 0 1 0 1 26 45 119 153 71 272
13 113548260 0 1 0 1 28 47 122 155 75 277
13 113633770 0 1 0 1 27 19 119 103 46 222
13 113649449 0 1 0 1 22 13 66 80 35 146
13 113650169 0 1 0 0 2 14 0 59 16 59
13 113653280 0 1 0 1 13 29 54 85 42 139
13 113655078 0 1 0 1 11 13 56 61 24 117
13 113667974 0 1 0 1 22 24 81 95 46 176
13 113668101 0 1 0 1 12 9 48 54 21 102
13 113669682 0 1 0 1 38 28 109 130 66 239
13 113795061 0 1 0 1 9 11 42 36 20 78
13 113795389 0 1 0 1 14 21 59 64 35 123
13 113799443 0 1 0 1 24 25 125 93 49 218
13 113800942 0 1 0 1 15 14 42 62 29 104
13 113800943 0 1 0 1 14 12 41 55 26 96
13 113804863 0 1 0 1 15 16 69 48 31 117
13 113804867 0 1 0 1 14 16 74 49 30 123
13 113821083 0 1 0 1 11 11 35 36 22 71
13 113822288 0 1 0 1 9 6 40 40 15 80
13 113823644 0 1 0 1 27 33 106 77 60 183
13 113835487 0 1 0 1 21 30 133 141 51 274
13 113842982 0 1 0 1 11 6 38 33 17 71
13 114029590 0 1 0 0 2 14 0 63 16 63
13 114236636 0 1 0 1 2 8 7 30 10 37
13 114298714 0 1 0 1 4 15 39 52 19 91
13 114299210 0 1 0 1 5 5 28 25 10 53
13 114323818 0 1 0 0 2 23 0 111 25 111
