chr pos bloodGT1 bloodGT2 tumorGT1 tumorGT2 AN BN AT BT sN sT
14 16103552 0 1 0 1 2 10 3 28 12 31
14 16103572 0 1 0 1 5 9 6 23 14 29
14 16103577 0 1 0 1 2 12 5 22 14 27
14 18601382 0 1 0 1 12 34 26 114 46 140
14 18601404 0 1 0 1 13 40 37 126 53 163
14 18601553 0 1 0 1 52 72 267 263 124 530
14 18601640 0 1 0 1 26 156 106 649 182 755
14 18601662 0 1 0 1 25 111 105 479 136 584
14 18601835 0 1 0 1 30 53 128 217 83 345
14 18623972 0 1 0 1 6 8 16 42 14 58
14 18624143 0 1 0 1 10 29 51 105 39 156
14 18635261 0 1 0 1 7 27 67 89 34 156
14 18635272 0 1 0 1 17 19 37 106 36 143
14 18636670 0 1 0 1 6 35 34 135 41 169
14 18646227 0 1 0 1 3 15 20 69 18 89
14 18646280 0 1 0 1 3 14 24 70 17 94
14 18648773 0 1 0 1 4 10 10 40 14 50
14 18648824 0 1 0 1 5 11 19 36 16 55
14 18648871 0 1 0 1 7 8 14 38 15 52
14 18663554 0 1 0 1 3 34 11 111 37 122
14 18663555 0 1 0 1 3 33 10 107 36 117
14 18698526 0 1 0 1 9 4 22 16 13 38
14 18698542 0 1 0 1 3 11 17 35 14 52
14 18698659 0 1 0 1 3 29 11 124 32 135
14 18698662 0 1 0 1 3 29 12 124 32 136
14 18699443 0 1 0 1 3 12 12 73 15 85
14 18889668 0 1 0 1 2 12 6 66 14 72
14 18889798 0 1 0 1 7 8 19 29 15 48
14 18902155 0 1 0 0 2 7 0 40 9 40
14 18914609 0 1 0 1 4 7 8 47 11 55
14 18977717 0 1 0 1 4 9 18 40 13 58
14 18985369 0 1 0 1 5 6 30 31 11 61
14 18985420 0 1 0 1 10 8 28 44 18 72
14 18985525 0 1 0 1 5 28 15 90 33 105
14 19096492 0 1 0 1 5 21 25 126 26 151
14 19096513 0 1 0 1 12 19 44 111 31 155
14 19096590 0 1 0 1 9 40 51 188 49 239
14 19096606 0 1 0 1 5 40 35 203 45 238
14 19096613 0 1 0 1 7 37 34 205 44 239
14 19096623 0 1 0 1 8 41 31 211 49 242
14 19096625 0 1 0 1 7 36 30 199 43 229
14 19096627 0 1 0 1 6 38 33 200 44 233
14 19096633 0 1 0 1 9 43 46 206 52 252
14 19097638 0 1 0 1 22 8 88 63 30 151
14 19097796 0 1 0 1 5 15 53 109 20 162
14 19180297 0 1 0 1 9 25 30 155 34 185
14 19180528 0 1 0 1 67 49 259 252 116 511
14 19180698 0 1 0 1 19 104 95 458 123 553
14 19180792 0 1 0 1 18 37 121 149 55 270
14 19180989 0 1 0 1 48 144 173 629 192 802
14 19181065 0 1 0 1 49 153 149 721 202 870
14 19181138 0 1 0 1 23 124 131 537 147 668
14 19181156 0 1 0 1 18 110 104 468 128 572
14 19267820 0 1 0 1 3 11 12 62 14 74
14 19302123 0 1 0 1 13 6 43 32 19 75
14 19374708 0 1 0 1 18 15 64 52 33 116
14 19402054 0 1 1 1 6 4 40 8 10 48
14 19402179 0 1 1 1 26 10 143 44 36 187
14 19402189 0 1 0 1 22 13 137 67 35 204
14 19402195 0 1 0 1 25 17 150 59 42 209
14 19402316 0 1 0 1 73 55 441 222 128 663
14 19402349 0 1 0 1 53 54 343 231 107 574
14 19413310 0 1 0 1 3 13 13 25 16 38
14 19414362 0 1 0 1 5 9 12 19 14 31
14 19424051 0 1 0 1 4 13 14 40 17 54
14 19424340 0 1 0 1 11 9 42 21 20 63
14 19433942 0 1 0 1 82 190 309 867 272 1176
14 19434263 0 1 0 1 15 69 67 306 84 373
14 19434270 0 1 0 1 14 64 68 296 78 364
14 19487344 0 1 0 1 4 19 15 65 23 80
14 19487350 0 1 0 1 4 22 16 77 26 93
14 19487371 0 1 0 1 5 39 20 125 44 145
14 19487597 0 1 0 1 15 32 68 152 47 220
14 19487637 0 1 0 1 14 21 56 91 35 147
14 19488232 0 1 0 0 2 20 0 99 22 99
14 19488254 0 1 0 1 4 15 18 92 19 110
14 19488277 0 1 0 1 5 20 38 81 25 119
14 19488336 0 1 0 1 4 16 17 78 20 95
14 19489067 0 1 0 1 4 26 17 83 30 100
14 19489303 0 1 0 1 7 5 34 19 12 53
14 19613700 0 1 0 1 3 17 31 69 20 100
14 19614427 0 1 0 1 13 10 46 18 23 64
14 19614472 0 1 0 1 11 11 40 26 22 66
14 19666190 0 1 0 1 6 7 40 37 13 77
14 19666234 0 1 0 1 3 17 24 83 20 107
14 19666320 0 1 0 1 6 9 51 51 15 102
14 19666327 0 1 0 1 10 6 49 55 16 104
14 19666384 0 1 0 1 8 11 54 63 19 117
14 19666474 0 1 0 1 21 20 99 76 41 175
14 19666486 0 1 0 1 8 28 45 122 36 167
14 19668491 0 1 0 1 2 8 5 37 10 42
14 19668535 0 1 0 1 5 9 14 52 14 66
14 19668628 0 1 0 1 2 14 11 82 16 93
14 19668682 0 1 0 1 3 7 14 46 10 60
14 19668683 0 1 0 1 3 7 14 51 10 65
14 19668753 0 1 0 1 4 15 29 42 19 71
14 19668782 0 1 0 1 4 11 14 69 15 83
14 19668868 0 1 0 1 3 10 11 58 13 69
14 19668889 0 1 0 1 4 15 21 47 19 68
14 19668970 0 1 0 1 9 21 37 91 30 128
14 19669002 0 1 0 1 8 14 38 87 22 125
14 19669124 0 1 0 1 5 22 37 101 27 138
14 19669181 0 1 0 1 28 11 86 77 39 163
14 19669221 0 1 0 1 6 43 35 148 49 183
14 19669325 0 1 0 1 13 46 51 205 59 256
14 19669405 0 1 0 1 12 40 67 137 52 204
14 19669521 0 1 0 1 10 33 59 151 43 210
14 19669540 0 1 0 1 13 43 71 174 56 245
14 19669557 0 1 0 1 13 38 66 196 51 262
14 19669564 0 1 0 1 37 16 188 84 53 272
14 19669572 0 1 0 1 17 42 71 219 59 290
14 19669711 0 1 0 1 18 55 94 307 73 401
14 19669784 0 1 0 1 15 8 61 72 23 133
14 19669794 0 1 0 1 7 8 42 73 15 115
14 19669809 0 1 0 1 5 9 20 82 14 102
14 19669858 0 1 0 1 11 13 54 52 24 106
14 19678515 0 1 0 1 17 37 91 163 54 254
14 19678529 0 1 0 1 16 28 96 145 44 241
14 19678610 0 1 0 1 12 32 70 137 44 207
14 19678838 0 1 0 1 9 32 36 209 41 245
14 19678863 0 1 0 1 9 36 51 222 45 273
14 19678891 0 1 0 1 8 46 50 279 54 329
14 19678894 0 1 0 1 10 45 49 272 55 321
14 19678959 0 1 0 1 14 63 59 411 77 470
14 19678987 0 1 0 1 17 64 73 396 81 469
14 19679728 0 1 0 1 17 38 51 179 55 230
14 19679951 0 1 0 1 4 35 30 141 39 171
14 19680170 0 1 0 1 7 69 39 282 76 321
14 19680240 0 1 0 1 7 19 19 60 26 79
14 19680256 0 1 0 1 6 9 13 51 15 64
14 19690477 0 1 0 1 9 19 47 63 28 110
14 19713603 0 1 0 1 3 10 23 57 13 80
14 19827351 0 1 0 1 9 4 36 31 13 67
14 19827604 0 1 0 1 24 29 96 119 53 215
14 19827619 0 1 0 1 26 32 100 126 58 226
14 19827620 0 1 0 1 25 30 105 125 55 230
14 19827675 0 1 0 1 27 31 146 185 58 331
14 19827845 0 1 0 1 56 84 384 398 140 782
14 19827851 0 1 0 1 57 84 381 389 141 770
14 19877187 0 1 0 1 9 6 27 37 15 64
14 19935750 0 1 0 1 19 27 79 111 46 190
14 19936577 0 1 0 1 19 16 75 87 35 162
14 19936608 0 1 0 1 19 15 77 73 34 150
14 19975713 0 1 0 1 20 21 78 84 41 162
14 19975784 0 1 0 1 31 33 103 126 64 229
14 19975853 0 1 0 1 39 56 172 177 95 349
14 19975867 0 1 0 1 35 58 180 186 93 366
14 19976034 0 1 0 1 49 59 245 247 108 492
14 19976282 0 1 0 1 44 40 175 148 84 323
14 19976331 0 1 0 1 44 34 141 171 78 312
14 19976429 0 1 0 1 31 26 145 119 57 264
14 19976448 0 1 0 1 31 25 132 119 56 251
14 20002158 0 1 0 1 25 21 102 86 46 188
14 20002240 0 1 0 1 23 32 126 137 55 263
14 20014312 0 1 0 1 16 13 91 56 29 147
14 20033961 0 1 0 1 29 33 112 119 62 231
14 20060048 0 1 0 1 17 20 37 73 37 110
14 20060162 0 1 0 1 30 37 95 129 67 224
14 20060203 0 1 0 1 31 49 106 148 80 254
14 20060346 0 1 0 1 29 46 117 154 75 271
14 20060369 0 1 0 1 33 39 117 143 72 260
14 20060860 0 1 0 1 15 25 82 116 40 198
14 20060884 0 1 0 1 17 23 81 120 40 201
14 20061018 0 1 0 1 5 9 48 45 14 93
14 20117883 0 1 0 1 30 35 135 139 65 274
14 20118273 0 1 0 1 21 28 109 82 49 191
14 20173875 0 1 0 1 6 10 34 25 16 59
14 20179531 0 1 0 1 5 15 60 53 20 113
14 20197631 0 1 0 1 23 19 91 95 42 186
14 20197681 0 1 0 1 34 26 99 100 60 199
14 20198397 0 1 0 1 14 14 34 42 28 76
14 20224029 0 1 0 1 39 24 173 142 63 315
14 20224132 0 1 0 1 59 48 200 158 107 358
14 20224294 0 1 0 1 57 48 222 217 105 439
14 20224415 0 1 0 1 47 58 234 213 105 447
14 20224484 0 1 0 1 46 39 196 183 85 379
14 20229441 0 1 0 1 26 27 139 157 53 296
14 20229909 0 1 0 1 39 35 164 183 74 347
14 20230080 0 1 0 1 44 38 193 161 82 354
14 20230139 0 1 0 1 49 33 186 172 82 358
14 20230345 0 1 0 1 19 18 106 82 37 188
14 20243693 0 1 0 1 33 22 100 104 55 204
14 20291907 0 1 0 1 9 7 32 30 16 62
14 20292190 0 1 0 1 8 3 21 52 11 73
14 20295683 0 1 0 0 2 14 0 82 16 82
14 20295872 0 1 0 1 13 9 23 42 22 65
14 20296426 0 1 0 1 16 29 105 93 45 198
14 20299459 0 1 0 1 20 33 155 139 53 294
14 20299547 0 1 0 1 17 14 70 73 31 143
14 20301877 0 1 0 1 15 15 57 55 30 112
14 20316559 0 1 0 1 13 12 46 57 25 103
14 20326350 0 1 0 1 12 10 49 49 22 98
14 20345130 0 1 0 1 11 13 38 37 24 75
14 20345513 0 1 0 1 12 21 87 102 33 189
14 20346854 0 1 0 1 12 17 77 72 29 149
14 20350953 0 1 0 1 24 21 75 93 45 168
14 20352378 0 1 0 1 7 22 54 65 29 119
14 20356022 0 1 0 1 22 30 93 94 52 187
14 20356256 0 1 0 1 12 6 31 46 18 77
14 20356854 0 1 0 1 16 17 51 60 33 111
14 20357164 0 1 0 1 14 20 59 75 34 134
14 20357203 0 1 0 1 11 11 48 59 22 107
14 20357806 0 1 0 1 16 16 70 69 32 139
14 20379717 0 1 0 1 6 4 35 32 10 67
14 20390925 0 1 0 1 37 48 162 167 85 329
14 20391046 0 1 0 1 22 35 122 136 57 258
14 20395555 0 1 0 1 21 25 118 106 46 224
14 20401660 0 1 0 1 27 18 106 60 45 166
14 20404722 0 1 0 1 30 23 111 113 53 224
14 20408094 0 1 0 1 85 78 349 316 163 665
14 20428669 0 1 0 1 10 4 28 20 14 48
14 20428698 0 1 0 1 10 9 39 36 19 75
14 20428905 0 1 0 1 35 43 162 188 78 350
14 20429517 0 1 0 1 43 47 158 152 90 310
14 20430758 0 1 0 1 7 5 21 35 12 56
14 20448090 0 1 0 1 22 23 139 91 45 230
14 20449283 0 1 0 1 28 27 118 156 55 274
14 20452091 0 1 0 1 21 28 84 80 49 164
14 20452181 0 1 0 1 27 23 108 102 50 210
14 20452590 0 1 0 1 15 20 49 51 35 100
14 20452604 0 1 0 1 15 16 41 41 31 82
14 20454814 0 1 0 1 5 5 24 17 10 41
14 20456008 0 1 0 1 25 29 83 77 54 160
14 20456275 0 1 0 1 15 12 66 60 27 126
14 20456995 0 1 0 1 26 22 102 94 48 196
14 20459108 0 1 0 1 10 6 20 11 16 31
14 20510285 0 1 0 1 7 6 22 37 13 59
14 20510372 0 1 0 1 13 16 71 79 29 150
14 20525104 0 1 0 1 14 6 34 51 20 85
14 20525161 0 1 0 1 8 14 36 47 22 83
14 20558711 0 1 0 1 15 13 56 39 28 95
14 20606524 0 1 0 1 14 15 59 52 29 111
14 20699093 0 1 0 1 5 7 15 31 12 46
14 20699417 0 1 0 1 27 44 197 153 71 350
14 20722607 0 1 0 1 17 17 68 63 34 131
14 20747533 0 1 0 1 11 18 35 54 29 89
14 20747569 0 1 0 1 13 21 49 63 34 112
14 20770639 0 1 0 1 13 10 62 56 23 118
14 20781710 0 1 0 1 21 31 129 98 52 227
14 20781965 0 1 0 1 30 30 144 162 60 306
14 20834169 0 1 0 1 11 7 40 31 18 71
14 20834416 0 1 0 1 2 8 11 20 10 31
14 20892057 0 1 0 1 40 31 144 144 71 288
14 20892185 0 1 0 1 46 27 151 109 73 260
14 20919835 0 1 0 1 41 48 174 226 89 400
14 20920107 0 1 0 1 55 49 214 229 104 443
14 20920143 0 1 0 1 47 37 192 194 84 386
14 20920238 0 1 0 1 20 31 116 147 51 263
14 21000992 0 1 0 1 27 11 80 91 38 171
14 21018283 0 1 0 1 44 64 258 222 108 480
14 21030895 0 1 0 1 26 30 106 98 56 204
14 21031402 0 1 0 1 6 5 30 23 11 53
14 21031725 0 1 0 1 10 8 26 22 18 48
14 21031962 0 1 0 1 29 34 162 138 63 300
14 21032267 0 1 0 1 15 20 72 82 35 154
14 21032438 0 1 0 1 35 21 100 118 56 218
14 21032936 0 1 0 1 12 12 57 70 24 127
14 21032966 0 1 0 0 2 17 0 141 19 141
14 21032975 0 1 0 0 2 17 0 152 19 152
14 21033036 0 1 0 1 9 8 70 73 17 143
14 21034186 0 1 0 1 23 13 81 103 36 184
14 21035636 0 1 0 1 13 8 50 54 21 104
14 21057885 0 1 0 1 22 31 132 108 53 240
14 21057920 0 1 0 1 27 35 165 131 62 296
14 21074607 0 1 0 1 20 16 89 99 36 188
14 21075897 0 1 0 1 18 25 65 88 43 153
14 21076115 0 1 0 1 15 7 25 38 22 63
14 21082899 0 1 0 1 29 29 116 96 58 212
14 21086909 0 1 0 1 10 6 36 50 16 86
14 21087322 0 1 0 1 17 12 67 40 29 107
14 21092581 0 1 0 0 3 30 0 150 33 150
14 21094401 0 1 0 1 36 42 171 186 78 357
14 21102114 0 1 0 1 23 39 156 106 62 262
14 21102960 0 1 0 1 13 18 68 55 31 123
14 21103049 0 1 0 1 18 29 108 86 47 194
14 21155330 0 1 0 1 43 25 110 144 68 254
14 21155489 0 1 0 1 43 32 162 128 75 290
14 21302755 0 1 0 1 11 10 48 41 21 89
14 21307657 0 1 0 1 6 12 52 53 18 105
14 21310633 0 1 0 1 13 16 78 63 29 141
14 21312086 0 1 0 1 6 8 18 26 14 44
14 21321881 0 1 0 1 5 11 54 38 16 92
14 21324652 0 1 0 1 23 34 155 165 57 320
14 21325077 0 1 0 1 45 39 201 158 84 359
14 21385854 0 1 0 0 2 17 0 100 19 100
14 21419622 0 1 0 1 2 12 33 31 14 64
14 21419626 0 1 0 1 2 12 34 35 14 69
14 21419636 0 1 0 1 2 14 34 35 16 69
14 21419651 0 1 0 1 2 14 40 39 16 79
14 21419652 0 1 0 1 2 15 38 39 17 77
14 21419746 0 1 0 1 4 14 15 41 18 56
14 21419747 0 1 0 1 5 15 14 42 20 56
14 21419769 0 1 0 1 5 21 16 48 26 64
14 21419773 0 1 0 1 5 20 15 50 25 65
14 21419790 0 1 0 1 3 22 10 52 25 62
14 21419792 0 1 0 1 3 24 10 52 27 62
14 21419797 0 1 0 1 3 24 10 52 27 62
14 21419802 0 1 0 1 3 26 10 52 29 62
14 21430675 0 1 0 1 7 7 36 34 14 70
14 21563945 0 1 0 1 6 7 27 28 13 55
14 21569774 0 1 0 1 39 36 163 136 75 299
14 21570319 0 1 0 1 46 36 182 151 82 333
14 21570394 0 1 0 1 31 33 131 125 64 256
14 21570528 0 1 0 1 15 27 108 115 42 223
14 21570874 0 1 0 0 2 12 0 56 14 56
14 21586274 0 1 0 1 10 6 27 32 16 59
14 21601996 0 1 0 1 17 32 62 151 49 213
14 21602359 0 1 0 1 33 45 141 284 78 425
14 21602747 0 1 0 1 22 16 81 82 38 163
14 21602793 0 1 0 1 18 14 76 89 32 165
14 21622055 0 1 0 1 9 13 56 86 22 142
14 21622441 0 1 0 1 35 33 150 152 68 302
14 21665202 0 1 0 1 31 32 109 126 63 235
14 21665804 0 1 0 1 27 23 100 119 50 219
14 21723859 0 1 0 1 12 13 59 75 25 134
14 21749072 0 1 0 1 20 11 78 45 31 123
14 21749767 0 1 0 1 26 20 72 64 46 136
14 21768531 0 1 0 1 19 24 119 99 43 218
14 21768947 0 1 0 1 27 19 112 84 46 196
14 21797328 0 1 0 1 11 11 62 67 22 129
14 21811637 0 1 0 1 34 40 140 189 74 329
14 21811645 0 1 0 1 41 39 200 144 80 344
14 21841113 0 1 0 1 8 7 19 20 15 39
14 21847297 0 1 0 1 29 49 194 168 78 362
14 21852551 0 1 0 1 12 10 32 43 22 75
14 21852699 0 1 0 1 39 34 148 128 73 276
14 21852947 0 1 0 1 44 30 173 149 74 322
14 21853084 0 1 0 1 19 18 83 81 37 164
14 21853092 0 1 0 1 16 16 79 72 32 151
14 21853991 0 1 0 1 8 9 38 33 17 71
14 21854192 0 1 0 1 12 15 59 51 27 110
14 21854234 0 1 0 1 7 12 57 46 19 103
14 21854346 0 1 0 1 12 15 35 38 27 73
14 21854386 0 1 0 1 25 17 52 55 42 107
14 21854513 0 1 0 1 21 26 103 94 47 197
14 21854617 0 1 0 1 11 11 39 34 22 73
14 21868938 0 1 0 1 13 12 85 79 25 164
14 21869212 0 1 0 1 26 28 106 115 54 221
14 21888213 0 1 0 0 2 10 0 121 12 121
14 21904597 0 1 0 1 23 24 134 108 47 242
14 21904696 0 1 0 1 10 11 38 53 21 91
14 21904699 0 1 0 1 10 11 37 51 21 88
14 21924669 0 1 0 1 9 10 52 50 19 102
14 21941348 0 1 0 1 5 8 14 36 13 50
14 21941380 0 1 0 1 10 7 42 34 17 76
14 21941580 0 1 0 1 19 16 81 94 35 175
14 22012479 0 1 0 1 13 9 52 61 22 113
14 22013551 0 1 0 1 4 7 16 15 11 31
14 22040942 0 1 0 1 14 16 53 54 30 107
14 22052433 0 1 0 1 10 15 79 73 25 152
14 22052753 0 1 0 1 20 14 72 81 34 153
14 22052792 0 1 0 1 21 21 81 87 42 168
14 22065623 0 1 0 1 5 7 23 28 12 51
14 22065877 0 1 0 1 7 8 33 45 15 78
14 22066186 0 1 0 1 17 12 66 72 29 138
14 22066202 0 1 0 1 16 13 67 74 29 141
14 22086736 0 1 0 1 12 19 65 62 31 127
14 22105305 0 1 0 1 10 13 69 65 23 134
14 22105548 0 1 0 1 14 15 48 82 29 130
14 22112617 0 1 0 1 14 13 47 70 27 117
14 22112670 0 1 0 1 11 12 90 50 23 140
14 22132528 0 1 0 1 18 13 55 57 31 112
14 22132901 0 1 0 1 27 15 118 122 42 240
14 22148593 0 1 0 1 25 15 73 96 40 169
14 22163321 0 1 0 1 34 30 121 148 64 269
14 22163782 0 1 0 1 25 15 74 90 40 164
14 22168841 0 1 0 1 20 16 82 66 36 148
14 22168888 0 1 0 1 17 21 62 82 38 144
14 22168978 0 1 0 1 19 11 54 44 30 98
14 22169058 0 1 0 1 5 13 22 19 18 41
14 22202480 0 1 0 1 7 7 34 18 14 52
14 22202564 0 1 0 1 11 16 69 58 27 127
14 22203081 0 1 0 1 19 14 51 69 33 120
14 22222313 0 1 0 1 38 32 136 121 70 257
14 22227189 0 1 0 1 24 32 99 98 56 197
14 22281306 0 1 0 1 29 44 174 134 73 308
14 22281859 0 1 0 1 12 15 68 46 27 114
14 22281924 0 1 0 1 11 13 40 71 24 111
14 22304238 0 1 0 1 20 21 99 88 41 187
14 22418740 0 1 0 1 12 15 70 56 27 126
14 22422803 0 1 0 1 15 12 87 90 27 177
14 22455202 0 1 0 1 13 12 64 63 25 127
14 22459589 0 1 0 1 18 23 53 71 41 124
14 22465666 0 1 0 1 39 38 112 153 77 265
14 22465926 0 1 0 1 8 10 62 76 18 138
14 22469219 0 1 0 1 20 26 102 107 46 209
14 22478825 0 1 0 1 12 13 50 59 25 109
14 22479482 0 1 0 1 16 22 107 112 38 219
14 22482904 0 1 0 1 4 9 27 33 13 60
14 22488500 0 1 0 1 26 14 83 83 40 166
14 22495897 0 1 0 1 5 13 19 57 18 76
14 22499976 0 1 0 1 7 7 28 31 14 59
14 22502153 0 1 0 1 16 11 53 60 27 113
14 22502281 0 1 0 1 35 25 117 151 60 268
14 22502376 0 1 0 1 22 18 49 87 40 136
14 22502402 0 1 0 1 14 14 28 70 28 98
14 22503623 0 1 0 1 8 3 22 24 11 46
14 22503630 0 1 0 1 9 4 22 26 13 48
14 22503632 0 1 0 1 8 4 23 26 12 49
14 22508684 0 1 0 1 14 17 64 75 31 139
14 22509533 0 1 0 1 19 15 54 72 34 126
14 22509594 0 1 0 1 16 7 27 62 23 89
14 22518331 0 1 0 1 11 6 31 31 17 62
14 22537420 0 1 0 1 10 18 51 62 28 113
14 22537730 0 1 0 1 11 6 52 50 17 102
14 22540348 0 1 0 1 27 25 121 98 52 219
14 22542153 0 1 0 1 11 13 66 76 24 142
14 22543982 0 1 0 1 27 24 73 104 51 177
14 22545118 0 1 0 1 12 7 79 54 19 133
14 22545162 0 1 0 1 9 15 62 95 24 157
14 22549721 0 1 0 1 17 12 98 71 29 169
14 22551978 0 1 0 1 19 22 75 76 41 151
14 22552096 0 1 0 1 24 18 108 101 42 209
14 22605993 0 1 0 1 22 14 73 87 36 160
14 22609614 0 1 0 1 4 9 31 31 13 62
14 22610824 0 1 0 1 15 14 51 75 29 126
14 22726225 0 1 0 0 2 11 0 62 13 62
14 22766488 0 1 0 1 24 31 102 99 55 201
14 22766599 0 1 0 1 45 35 147 193 80 340
14 22770303 0 1 0 1 33 25 122 134 58 256
14 22773619 0 1 0 1 26 19 83 97 45 180
14 22775720 0 1 0 1 20 15 75 96 35 171
14 22776043 0 1 0 1 15 16 79 76 31 155
14 22776092 0 1 0 1 15 13 77 85 28 162
14 22812901 0 1 0 1 8 15 53 54 23 107
14 22813240 0 1 0 1 40 37 188 162 77 350
14 22813490 0 1 0 1 16 24 108 97 40 205
14 22813541 0 1 0 1 14 17 93 72 31 165
14 22829926 0 1 0 1 32 32 155 183 64 338
14 22830077 0 1 0 1 41 49 216 202 90 418
14 22830886 0 1 0 1 16 10 87 55 26 142
14 22833376 0 1 0 1 12 13 64 83 25 147
14 22836839 0 1 0 1 14 11 80 72 25 152
14 22841835 0 1 0 1 35 34 106 141 69 247
14 22842271 0 1 0 1 9 4 33 25 13 58
14 22843660 0 1 0 1 18 21 80 89 39 169
14 22843666 0 1 0 1 17 19 72 86 36 158
14 22843714 0 1 0 1 29 23 104 109 52 213
14 22904296 0 1 0 0 2 11 0 51 13 51
14 23043134 0 1 0 1 22 19 68 76 41 144
14 23049922 0 1 0 1 37 20 164 156 57 320
14 23052301 0 1 0 0 2 23 0 155 25 155
14 23052824 0 1 0 1 12 6 58 53 18 111
14 23054035 0 1 0 1 20 20 99 81 40 180
14 23061779 0 1 0 1 5 6 20 10 11 30
14 23062775 0 1 0 0 2 9 0 54 11 54
14 23065812 0 1 0 0 2 21 0 81 23 81
14 23080110 0 1 0 1 31 26 101 139 57 240
14 23080576 0 1 0 1 31 19 110 139 50 249
14 23080917 0 1 0 1 10 11 28 36 21 64
14 23081678 0 1 0 1 29 25 83 105 54 188
14 23090213 0 1 0 0 2 17 0 114 19 114
14 23098160 0 1 0 1 5 7 22 21 12 43
14 23104904 0 1 0 1 5 26 19 124 31 143
14 23104907 0 1 0 1 16 12 56 84 28 140
14 23117837 0 1 0 1 23 23 99 107 46 206
14 23127111 0 1 0 1 13 7 44 67 20 111
14 23128526 0 1 0 1 17 24 73 101 41 174
14 23129640 0 1 0 1 21 14 78 120 35 198
14 23129743 0 1 0 1 41 28 165 209 69 374
14 23137901 0 1 0 0 2 17 0 117 19 117
14 23258685 0 1 0 0 3 18 0 90 21 90
14 23260527 0 1 0 1 18 16 67 63 34 130
14 23260541 0 1 0 1 18 16 71 72 34 143
14 23262882 0 1 0 1 24 47 125 139 71 264
14 23262883 0 1 0 1 25 46 131 140 71 271
14 23273126 0 1 0 1 8 9 29 31 17 60
14 23277060 0 1 0 1 48 54 201 152 102 353
14 23324096 0 1 0 1 35 45 168 166 80 334
14 23347789 0 1 0 1 21 28 108 73 49 181
14 23357613 0 1 0 1 16 34 101 95 50 196
14 23358746 0 1 0 1 20 17 74 90 37 164
14 23360833 0 1 0 1 20 17 75 72 37 147
14 23360839 0 1 0 1 18 20 76 74 38 150
14 23372808 0 1 0 1 13 18 63 60 31 123
14 23372831 0 1 0 1 19 19 78 77 38 155
14 23375770 0 1 0 1 43 34 192 152 77 344
14 23376035 0 1 0 1 8 15 51 43 23 94
14 23379102 0 1 0 1 35 39 192 171 74 363
14 23382642 0 1 0 1 30 41 137 163 71 300
14 23382665 0 1 0 1 34 24 133 117 58 250
14 23382673 0 1 0 1 30 18 119 116 48 235
14 23384420 0 1 0 1 46 49 169 152 95 321
14 23385115 0 1 0 1 10 17 60 73 27 133
14 23386360 0 1 0 1 40 37 191 144 77 335
14 23386640 0 1 0 1 18 25 108 108 43 216
14 23390401 0 1 0 1 25 24 83 69 49 152
14 23400784 0 1 0 1 47 54 148 191 101 339
14 23403457 0 1 0 1 33 41 122 115 74 237
14 23521896 0 1 0 1 12 11 52 35 23 87
14 23523533 0 1 0 1 29 39 158 199 68 357
14 23527563 0 1 0 1 40 26 109 107 66 216
14 23530097 0 1 0 1 25 22 133 89 47 222
14 23530311 0 1 0 1 25 24 74 105 49 179
14 23565807 0 1 0 1 43 60 243 211 103 454
14 23565870 0 1 0 1 52 54 207 251 106 458
14 23939470 0 1 0 1 11 4 31 56 15 87
14 23939657 0 1 0 1 3 7 41 52 10 93
14 23941053 0 1 0 1 6 17 68 83 23 151
14 23953524 0 1 0 1 2 9 13 34 11 47
14 23953586 0 1 0 1 8 15 28 64 23 92
14 23953706 0 1 0 1 15 25 71 113 40 184
14 23953727 0 1 0 1 19 29 81 135 48 216
14 23953786 0 1 0 1 26 29 78 161 55 239
14 23953798 0 1 0 1 26 28 73 161 54 234
14 23953881 0 1 0 1 19 19 68 91 38 159
14 23954120 0 1 0 1 12 9 51 37 21 88
14 23954161 0 1 0 1 5 7 25 16 12 41
14 23955158 0 1 0 1 77 69 305 332 146 637
14 23959786 0 1 0 1 12 5 33 42 17 75
14 23960089 0 1 0 1 23 26 103 120 49 223
14 23960125 0 1 0 1 15 20 76 86 35 162
14 23960175 0 1 0 0 2 21 0 126 23 126
14 23960178 0 1 0 0 2 19 0 122 21 122
14 23960203 0 1 0 1 9 8 49 38 17 87
14 23966463 0 1 0 1 55 73 207 310 128 517
14 23967302 0 1 0 1 9 9 46 94 18 140
14 23968713 0 1 0 1 56 47 236 301 103 537
14 23968980 0 1 0 1 10 11 42 35 21 77
14 23969942 0 1 0 1 11 35 94 212 46 306
14 23970246 0 1 0 1 13 38 74 195 51 269
14 23970379 0 1 0 1 9 7 44 52 16 96
14 23988804 0 1 0 1 19 22 54 89 41 143
14 23988953 0 1 0 1 28 32 116 199 60 315
14 23989123 0 1 0 1 10 13 48 70 23 118
14 23990284 0 1 0 1 71 70 272 384 141 656
14 23990311 0 1 0 1 47 49 211 296 96 507
14 23994916 0 1 0 1 11 15 39 74 26 113
14 23995305 0 1 0 1 20 16 64 77 36 141
14 24000929 0 1 0 1 56 89 226 416 145 642
14 24001022 0 1 0 1 70 165 316 769 235 1085
14 24006056 0 1 0 1 12 11 36 65 23 101
14 24007067 0 1 0 0 2 14 0 95 16 95
14 24007224 0 1 0 1 14 28 79 108 42 187
14 24036328 0 1 0 1 12 14 49 68 26 117
14 24036513 0 1 0 1 35 32 169 233 67 402
14 24037801 0 1 0 1 79 79 401 366 158 767
14 24119239 0 1 0 0 2 21 0 111 23 111
14 24136257 0 1 0 0 2 19 0 105 21 105
14 24137970 0 1 0 0 2 21 0 83 23 83
14 24140807 0 1 0 0 2 19 0 90 21 90
14 24177263 0 1 0 1 34 26 135 146 60 281
14 24180208 0 1 0 1 17 20 109 112 37 221
14 24210800 0 1 0 1 17 15 46 72 32 118
14 24232153 0 1 0 0 2 22 0 111 24 111
14 24266821 0 1 0 1 41 29 137 180 70 317
14 24266951 0 1 0 1 13 10 40 51 23 91
14 24267755 0 1 0 1 15 8 39 55 23 94
14 24267997 0 1 0 1 16 14 64 70 30 134
14 24269837 0 1 0 1 12 17 38 51 29 89
14 24269849 0 1 0 1 20 11 55 41 31 96
14 24290803 0 1 0 1 26 20 91 85 46 176
14 24291049 0 1 0 1 32 33 142 155 65 297
14 24291558 0 1 0 1 19 8 58 32 27 90
14 24292484 0 1 0 1 10 8 52 45 18 97
14 24296416 0 1 0 1 8 11 40 38 19 78
14 24296478 0 1 0 1 10 14 71 98 24 169
14 24300003 0 1 0 0 2 20 0 86 22 86
14 24303616 0 1 0 1 22 13 79 85 35 164
14 24303623 0 1 0 1 14 21 81 87 35 168
14 24318382 0 1 0 1 24 24 116 127 48 243
14 24324441 0 1 0 1 20 21 82 107 41 189
14 24324556 0 1 0 1 10 9 24 29 19 53
14 24325909 0 1 0 1 13 16 92 84 29 176
14 24326052 0 1 0 1 22 23 137 96 45 233
14 24326289 0 1 0 1 31 21 110 122 52 232
14 24329039 0 1 0 1 18 20 71 99 38 170
14 24329187 0 1 0 1 22 18 118 124 40 242
14 24330152 0 1 0 1 23 14 98 113 37 211
14 24332750 0 1 0 1 24 20 133 80 44 213
14 24336257 0 1 0 1 27 28 121 144 55 265
14 24337023 0 1 0 1 36 35 196 178 71 374
14 24337594 0 1 0 1 44 50 185 152 94 337
14 24338962 0 1 0 1 67 63 284 236 130 520
14 24369415 0 1 0 1 43 64 224 244 107 468
14 24369758 0 1 0 0 3 30 0 152 33 152
14 24369877 0 1 0 1 23 24 136 145 47 281
14 24369959 0 1 0 1 23 29 187 215 52 402
14 24374414 0 1 0 1 26 25 122 117 51 239
14 24374493 0 1 0 1 39 27 167 121 66 288
14 24375463 0 1 0 1 10 16 74 86 26 160
14 24375948 0 1 0 1 20 22 118 83 42 201
14 24376635 0 1 0 1 38 52 160 168 90 328
14 24410313 0 1 0 1 8 11 46 40 19 86
14 24413167 0 1 0 1 8 14 57 57 22 114
14 24413596 0 1 0 1 13 15 71 54 28 125
14 24414424 0 1 0 1 3 11 24 32 14 56
14 24414681 0 1 0 1 15 31 99 114 46 213
14 24428000 0 1 0 1 11 17 67 57 28 124
14 24432043 0 1 0 1 47 47 182 188 94 370
14 24435917 0 1 0 1 6 6 27 30 12 57
14 24576383 0 1 0 1 8 13 30 50 21 80
14 24606325 0 1 0 1 4 8 20 12 12 32
14 24607539 0 1 0 1 49 127 213 552 176 765
14 24607547 0 1 0 1 54 125 217 616 179 833
14 24607553 0 1 0 1 57 135 230 636 192 866
14 24607630 0 1 0 1 28 136 165 650 164 815
14 24608079 0 1 0 0 2 11 0 56 13 56
14 24609404 0 1 0 1 17 11 50 49 28 99
14 24630774 0 1 0 1 6 5 26 14 11 40
14 24630904 0 1 0 1 18 25 110 122 43 232
14 24631041 0 1 0 1 26 31 136 156 57 292
14 24631076 0 1 0 1 41 26 147 150 67 297
14 24632191 0 1 0 1 16 38 56 197 54 253
14 24632208 0 1 0 1 11 45 39 210 56 249
14 24632210 0 1 0 1 9 46 41 214 55 255
14 24632216 0 1 0 1 9 50 40 234 59 274
14 24632224 0 1 0 1 5 51 36 245 56 281
14 24632234 0 1 0 1 5 52 28 261 57 289
14 24632259 0 1 0 1 7 64 26 299 71 325
14 24632264 0 1 0 1 7 66 30 305 73 335
14 24632269 0 1 0 1 7 72 32 323 79 355
14 24632342 0 1 0 1 20 63 111 298 83 409
14 24632383 0 1 0 1 14 46 105 233 60 338
14 24632423 0 1 0 1 17 33 94 210 50 304
14 24632500 0 1 0 1 28 27 142 173 55 315
14 24632850 0 1 0 1 21 20 83 94 41 177
14 24632954 0 1 0 1 19 22 100 123 41 223
14 24634203 0 1 0 1 26 25 117 128 51 245
14 24634208 0 1 0 1 25 30 111 129 55 240
14 24812637 0 1 0 1 8 9 30 31 17 61
14 25267247 0 1 0 1 7 9 48 46 16 94
14 25267313 0 1 0 1 15 13 66 64 28 130
14 25267435 0 1 0 1 10 4 27 18 14 45
14 26597507 0 1 0 1 4 6 19 37 10 56
14 27673079 0 1 0 0 2 17 0 133 19 133
14 28264637 0 1 0 1 9 6 23 24 15 47
14 28264641 0 1 0 1 10 6 23 28 16 51
14 28264750 0 1 0 1 24 16 108 88 40 196
14 28792103 0 1 0 1 21 39 88 123 60 211
14 29578374 0 1 0 1 10 12 44 40 22 84
14 29597723 0 1 0 1 18 14 74 77 32 151
14 29597770 0 1 0 1 11 13 44 78 24 122
14 29598988 0 1 0 1 26 28 103 129 54 232
14 29656371 0 1 0 1 4 7 27 21 11 48
14 29656454 0 1 0 1 10 13 52 64 23 116
14 29656549 0 1 0 0 2 23 0 112 25 112
14 29725693 0 1 0 1 28 25 92 92 53 184
14 30581009 0 1 0 1 8 13 42 58 21 100
14 30590763 0 1 0 1 35 36 183 148 71 331
14 30622552 0 1 0 1 7 15 47 58 22 105
14 30628139 0 1 0 1 6 5 41 30 11 71
14 30630532 0 1 0 1 24 23 83 75 47 158
14 30634685 0 1 0 1 13 11 46 40 24 86
14 30638358 0 1 0 1 6 9 28 24 15 52
14 30639771 0 1 0 1 13 14 67 51 27 118
14 30644001 0 1 0 0 2 19 0 108 21 108
14 30644104 0 1 0 1 6 8 28 22 14 50
14 30649761 0 1 0 1 4 7 27 21 11 48
14 30722566 0 1 0 1 6 10 48 27 16 75
14 30877360 0 1 0 1 8 5 25 18 13 43
14 30885168 0 1 0 1 11 6 29 54 17 83
14 30885890 0 1 0 1 50 47 190 161 97 351
14 30910985 0 1 0 1 14 13 38 48 27 86
14 30912145 0 1 0 1 29 33 94 103 62 197
14 30956251 0 1 0 1 19 15 46 85 34 131
14 31069733 0 1 0 1 7 11 63 36 18 99
14 31069778 0 1 0 1 14 20 105 60 34 165
14 31109556 0 1 0 1 22 19 79 104 41 183
14 31113320 0 1 0 1 15 27 64 89 42 153
14 31129042 0 1 0 1 28 25 131 178 53 309
14 31148674 0 1 0 1 7 11 38 33 18 71
14 31150186 0 1 0 1 26 20 88 128 46 216
14 31178035 0 1 0 1 22 34 101 121 56 222
14 31326155 0 1 0 1 34 24 139 130 58 269
14 31389003 0 1 0 1 11 11 52 54 22 106
14 31394019 0 1 0 1 5 12 37 27 17 64
14 31453202 0 1 0 1 19 9 52 72 28 124
14 31562923 0 1 0 1 7 12 31 36 19 67
14 31563008 0 1 0 1 6 7 31 34 13 65
14 31564941 0 1 0 1 8 9 19 18 17 37
14 31578011 0 1 0 1 27 41 110 111 68 221
14 31654141 0 1 0 1 8 14 43 43 22 86
14 31673695 0 1 0 1 12 9 27 38 21 65
14 31826566 0 1 0 1 12 12 43 31 24 74
14 31950029 0 1 0 1 12 13 58 33 25 91
14 31950125 0 1 0 1 41 35 114 116 76 230
14 31950192 0 1 0 1 29 27 103 89 56 192
14 31950342 0 1 0 1 8 9 15 22 17 37
14 31964652 0 1 0 1 7 10 29 22 17 51
14 31969278 0 1 0 1 6 19 59 61 25 120
14 32006862 0 1 0 1 14 28 90 69 42 159
14 32545808 0 1 0 1 19 25 119 93 44 212
14 32577265 0 1 0 1 22 17 80 108 39 188
14 32599402 0 1 0 1 35 21 124 112 56 236
14 32678559 0 1 0 1 13 14 36 43 27 79
14 32773657 0 1 0 1 35 47 176 179 82 355
14 34092399 0 1 0 1 22 19 59 58 41 117
14 34486135 0 1 0 1 7 5 14 27 12 41
14 34486146 0 1 0 1 8 4 18 29 12 47
14 34516439 0 1 0 1 39 33 145 175 72 320
14 34524657 0 1 0 1 16 6 49 20 22 69
14 34529499 0 1 0 1 20 7 46 70 27 116
14 34567802 0 1 0 1 32 21 90 101 53 191
14 34592960 0 1 0 1 5 8 29 24 13 53
14 34629636 0 1 0 0 2 23 0 97 25 97
14 34629893 0 1 0 1 24 18 111 116 42 227
14 34753526 0 1 0 1 20 18 111 95 38 206
14 34773622 0 1 0 1 7 11 74 63 18 137
14 34773800 0 1 0 1 7 5 30 30 12 60
14 34794652 0 1 0 1 9 8 49 39 17 88
14 34801181 0 1 0 0 2 19 0 83 21 83
14 34816956 0 1 0 1 4 7 30 25 11 55
14 34874423 0 1 0 1 5 9 49 38 14 87
14 34939342 0 1 0 1 13 11 23 42 24 65
14 34939976 0 1 0 1 37 42 150 124 79 274
14 34940495 0 1 0 1 6 10 35 50 16 85
14 35107252 0 1 0 1 5 12 25 40 17 65
14 35126886 0 1 0 1 10 8 28 25 18 53
14 35262864 0 1 0 1 12 15 65 63 27 128
14 35266761 0 1 0 1 17 16 79 102 33 181
14 35278611 0 1 0 1 35 29 134 170 64 304
14 35388810 0 1 0 1 23 18 107 119 41 226
14 35403586 0 1 0 1 26 23 131 89 49 220
14 35674578 0 1 0 1 6 13 48 30 19 78
14 35881007 0 1 0 1 7 19 51 122 26 173
14 36320632 0 1 0 1 5 6 35 23 11 58
14 36371490 0 1 0 1 38 44 172 150 82 322
14 36473704 0 1 0 1 5 8 40 22 13 62
14 36476717 0 1 0 1 6 6 27 35 12 62
14 36477876 0 1 0 1 14 12 48 52 26 100
14 36582222 0 1 0 1 11 16 65 82 27 147
14 36582429 0 1 0 1 10 16 67 76 26 143
14 37592537 0 1 0 1 45 43 176 170 88 346
14 37594804 0 1 0 1 8 8 33 31 16 64
14 37595010 0 1 0 1 18 18 96 110 36 206
14 37753068 0 1 0 1 7 10 33 47 17 80
14 37826441 0 1 0 1 5 8 27 20 13 47
14 38210268 0 1 0 1 97 75 303 394 172 697
14 38210609 0 1 0 1 5 15 18 70 20 88
14 39048721 0 1 0 1 11 6 36 30 17 66
14 39063288 0 1 0 1 8 11 41 54 19 95
14 39085687 0 1 0 1 8 14 19 47 22 66
14 39093164 0 1 0 0 2 11 0 47 13 47
14 39150313 0 1 0 0 2 20 0 91 22 91
14 39151730 0 1 0 0 2 23 0 116 25 116
14 39179425 0 1 0 1 11 5 33 40 16 73
14 39211953 0 1 0 1 7 10 25 36 17 61
14 39215409 0 1 0 1 13 11 67 56 24 123
14 39216335 0 1 0 1 2 8 23 30 10 53
14 39234120 0 1 0 1 31 29 117 113 60 230
14 39234294 0 1 0 1 17 16 79 68 33 147
14 39246997 0 1 0 1 18 15 63 82 33 145
14 39252819 0 1 0 1 18 22 125 102 40 227
14 39291130 0 1 0 0 2 14 0 68 16 68
14 39348824 0 1 0 1 16 22 85 102 38 187
14 39386028 0 1 0 1 10 7 32 39 17 71
14 41886568 0 1 0 1 4 7 21 28 11 49
14 41891430 0 1 0 1 36 41 142 147 77 289
14 42528760 0 1 0 1 16 23 85 107 39 192
14 44504435 0 1 0 1 18 21 107 87 39 194
14 44504986 0 1 0 1 22 24 107 113 46 220
14 44505719 0 1 0 1 19 16 75 104 35 179
14 44506307 0 1 0 1 33 26 90 69 59 159
14 44861415 0 1 0 0 2 16 0 85 18 85
14 44999558 0 1 0 1 8 11 27 27 19 54
14 45155485 0 1 0 1 14 18 70 57 32 127
14 45231029 0 1 0 1 4 8 33 26 12 59
14 45246680 0 1 0 1 9 8 23 24 17 47
14 47144161 0 1 0 1 13 13 93 77 26 170
14 47342868 0 1 0 1 15 11 47 45 26 92
14 47343108 0 1 0 1 25 19 104 115 44 219
14 49577674 0 1 0 1 11 18 70 69 29 139
14 49598244 0 1 0 1 4 7 26 33 11 59
14 49598641 0 1 0 1 47 60 236 314 107 550
14 49598999 0 1 0 1 32 35 114 180 67 294
14 49600078 0 1 0 1 43 46 186 176 89 362
14 49601581 0 1 0 1 16 31 87 87 47 174
14 49602564 0 1 0 1 7 5 14 17 12 31
14 49603526 0 1 0 1 6 6 16 21 12 37
14 49603666 0 1 0 1 6 9 22 43 15 65
14 49621035 0 1 0 1 20 31 109 117 51 226
14 49625753 0 1 0 1 36 34 103 127 70 230
14 49633668 0 1 0 1 29 35 135 230 64 365
14 49633965 0 1 0 1 10 10 44 51 20 95
14 49634652 0 1 0 1 47 44 218 262 91 480
14 49634964 0 1 0 1 46 44 165 192 90 357
14 49650281 0 1 0 0 2 21 0 129 23 129
14 49669535 0 1 0 0 2 23 0 112 25 112
14 49789130 0 1 0 0 2 23 0 150 25 150
14 49796160 0 1 0 1 29 26 112 111 55 223
14 49894178 0 1 0 0 2 22 0 135 24 135
14 49992891 0 1 0 1 16 29 72 90 45 162
14 50010860 0 1 0 1 18 24 93 92 42 185
14 50010916 0 1 0 1 23 24 102 106 47 208
14 50011093 0 1 0 1 17 28 79 78 45 157
14 50050878 0 1 0 1 6 5 38 28 11 66
14 50051192 0 1 0 1 10 5 29 30 15 59
14 50083524 0 1 0 1 8 4 26 22 12 48
14 50116365 0 1 0 1 26 24 144 118 50 262
14 50118530 0 1 0 1 53 43 220 222 96 442
14 50134277 0 1 0 1 7 3 23 29 10 52
14 50150160 0 1 0 1 12 7 60 81 19 141
14 50182370 0 1 0 1 12 10 40 43 22 83
14 50231160 0 1 0 1 9 8 64 69 17 133
14 50265324 0 1 0 1 20 21 102 102 41 204
14 50283859 0 1 0 1 11 11 42 57 22 99
14 50301981 0 1 0 1 10 12 57 60 22 117
14 50302999 0 1 0 1 28 22 118 120 50 238
14 50311242 0 1 0 0 2 10 0 44 12 44
14 50312098 0 1 0 1 7 8 55 56 15 111
14 50319286 0 1 0 1 40 40 137 146 80 283
14 50321495 0 1 0 1 29 45 160 144 74 304
14 50322860 0 1 0 1 9 7 32 43 16 75
14 50325555 0 1 0 1 9 8 70 34 17 104
14 50330163 0 1 0 1 19 23 124 126 42 250
14 50332025 0 1 0 1 11 23 53 60 34 113
14 50332408 0 1 0 1 9 25 82 87 34 169
14 50332620 0 1 0 1 14 12 58 45 26 103
14 50336009 0 1 0 1 33 23 141 119 56 260
14 50336122 0 1 0 1 23 39 142 141 62 283
14 50336254 0 1 0 1 8 7 30 32 15 62
14 50342084 0 1 0 1 15 9 35 32 24 67
14 50358121 0 1 0 1 23 29 116 124 52 240
14 50358236 0 1 0 1 21 24 91 97 45 188
14 50358315 0 1 0 1 11 15 34 33 26 67
14 50378138 0 1 0 1 24 21 103 136 45 239
14 50378513 0 1 0 1 11 15 27 32 26 59
14 50390471 0 1 0 1 8 5 45 47 13 92
14 50397441 0 1 0 1 13 18 50 72 31 122
14 50440013 0 1 0 0 2 15 0 84 17 84
14 50468842 0 1 0 1 20 10 61 50 30 111
14 50587757 0 1 0 1 4 10 44 31 14 75
14 50591009 0 1 0 1 25 28 136 137 53 273
14 50591360 0 1 0 1 6 4 36 17 10 53
14 50591516 0 1 0 1 51 63 181 196 114 377
14 50591793 0 1 0 1 6 10 53 52 16 105
14 50593734 0 1 0 1 2 8 29 18 10 47
14 50595552 0 1 0 1 5 11 28 31 16 59
14 50623119 0 1 0 1 11 8 37 33 19 70
14 50640734 0 1 0 1 13 19 60 53 32 113
14 50641019 0 1 0 1 6 5 27 20 11 47
14 50644767 0 1 0 1 16 22 73 61 38 134
14 50667320 0 1 0 1 20 20 76 73 40 149
14 50705501 0 1 0 1 19 13 59 52 32 111
14 50729424 0 1 0 1 11 11 56 48 22 104
14 50730971 0 1 0 0 2 18 0 141 20 141
14 50741493 0 1 0 1 8 3 21 26 11 47
14 50756388 0 1 0 1 8 9 38 30 17 68
14 50757699 0 1 0 1 27 27 88 125 54 213
14 50758414 0 1 0 1 35 33 143 124 68 267
14 50761937 0 1 0 1 7 10 28 27 17 55
14 50770983 0 1 0 1 26 42 137 140 68 277
14 50858166 0 1 0 1 22 20 93 65 42 158
14 50888799 0 1 0 1 25 13 68 92 38 160
14 50979498 0 1 0 1 29 17 99 109 46 208
14 50981695 0 1 0 1 15 25 59 84 40 143
14 51243834 0 1 0 1 10 13 41 51 23 92
14 51244014 0 1 0 1 7 12 48 38 19 86
14 51245374 0 1 0 1 37 37 107 144 74 251
14 51249470 0 1 0 1 18 22 58 93 40 151
14 51249749 0 1 0 1 7 16 50 68 23 118
14 51701200 0 1 0 1 10 8 33 29 18 62
14 51712733 0 1 0 1 4 7 19 19 11 38
14 51757562 0 1 0 1 13 22 43 73 35 116
14 51763186 0 1 0 1 7 8 13 28 15 41
14 51914396 0 1 0 1 7 5 38 28 12 66
14 51916579 0 1 0 1 7 14 36 22 21 58
14 51951937 0 1 0 1 15 28 120 112 43 232
14 51952055 0 1 0 0 2 17 0 129 19 129
14 52001923 0 1 0 1 6 12 43 27 18 70
14 52004171 0 1 0 1 15 8 45 37 23 82
14 52008003 0 1 0 1 11 23 48 87 34 135
14 52011149 0 1 0 1 9 10 36 32 19 68
14 52011597 0 1 0 1 30 28 106 96 58 202
14 52014247 0 1 0 1 19 19 94 102 38 196
14 52018979 0 1 0 1 38 31 157 149 69 306
14 52019405 0 1 0 1 19 10 76 62 29 138
14 52027374 0 1 0 1 51 35 153 173 86 326
14 52028636 0 1 0 1 9 17 64 66 26 130
14 52029513 0 1 0 1 8 22 65 105 30 170
14 52029557 0 1 0 1 11 20 81 112 31 193
14 52029689 0 1 0 1 24 26 152 118 50 270
14 52029801 0 1 0 1 18 26 90 137 44 227
14 52029891 0 1 0 1 10 19 43 57 29 100
14 52038999 0 1 0 1 12 13 67 60 25 127
14 52040488 0 1 0 1 10 4 25 21 14 46
14 52040616 0 1 0 1 18 22 100 105 40 205
14 52041960 0 1 0 1 12 10 52 55 22 107
14 52042124 0 1 0 1 26 21 167 125 47 292
14 52053428 0 1 0 1 9 7 31 28 16 59
14 52067813 0 1 0 1 5 9 40 33 14 73
14 52068267 0 1 0 1 16 17 50 65 33 115
14 52155853 0 1 0 1 16 30 97 109 46 206
14 52155991 0 1 0 1 20 11 112 69 31 181
14 52156051 0 1 0 1 19 32 90 133 51 223
14 52156065 0 1 0 1 22 38 89 131 60 220
14 52289052 0 1 0 0 2 22 0 109 24 109
14 52315562 0 1 0 0 2 8 0 54 10 54
14 52439363 0 1 0 1 23 38 126 112 61 238
14 52439461 0 1 0 1 8 13 42 40 21 82
14 52440635 0 1 0 1 6 7 37 51 13 88
14 52470537 0 1 0 1 30 19 69 98 49 167
14 52514946 0 1 0 1 17 12 64 73 29 137
14 52596954 0 1 0 0 2 16 0 84 18 84
14 52632184 0 1 0 1 41 27 158 122 68 280
14 52658089 0 1 0 1 10 16 38 64 26 102
14 52663789 0 1 0 1 9 11 90 65 20 155
14 52671653 0 1 0 0 2 22 0 86 24 86
14 52683977 0 1 0 1 14 21 66 70 35 136
14 52750628 0 1 0 0 2 11 0 61 13 61
14 52948584 0 1 0 0 2 23 0 117 25 117
14 54396859 0 1 0 1 20 10 86 88 30 174
14 54408796 0 1 0 1 13 12 37 72 25 109
14 54429908 0 1 0 1 21 30 92 66 51 158
14 54430134 0 1 0 1 12 8 54 82 20 136
14 54481307 0 1 0 1 12 13 52 39 25 91
14 54687335 0 1 0 1 13 16 98 71 29 169
14 54687606 0 1 0 1 5 5 29 28 10 57
14 54687607 0 1 0 1 5 7 31 29 12 60
14 54687608 0 1 0 1 5 6 30 28 11 58
14 54736985 0 1 0 1 10 5 41 35 15 76
14 54751443 0 1 0 1 8 6 50 49 14 99
14 54754825 0 1 0 1 16 25 89 90 41 179
14 54774840 0 1 0 1 14 20 47 59 34 106
14 54774841 0 1 0 1 19 17 51 54 36 105
14 54775223 0 1 0 1 10 6 58 63 16 121
14 54776721 0 1 0 1 8 10 31 37 18 68
14 54788955 0 1 0 1 41 59 198 204 100 402
14 54878183 0 1 0 1 6 9 35 36 15 71
14 54902268 0 1 0 1 13 13 54 69 26 123
14 54991223 0 1 0 0 2 19 0 132 21 132
14 55005169 0 1 0 1 13 7 64 47 20 111
14 55005265 0 1 0 1 16 7 78 52 23 130
14 55026632 0 1 0 1 15 10 46 45 25 91
14 55026690 0 1 0 1 22 15 76 77 37 153
14 55043392 0 1 0 1 16 35 115 116 51 231
14 55063402 0 1 0 1 7 13 36 31 20 67
14 55138217 0 1 0 1 19 43 161 143 62 304
14 55138318 0 1 0 1 29 26 150 131 55 281
14 55142516 0 1 0 1 9 10 38 31 19 69
14 55152593 0 1 0 1 14 21 78 92 35 170
14 55181122 0 1 0 1 12 13 60 71 25 131
14 55240883 0 1 0 1 3 7 21 16 10 37
14 55240945 0 1 0 0 2 8 0 44 10 44
14 55350990 0 1 0 1 37 32 173 154 69 327
14 55351799 0 1 0 1 28 26 105 120 54 225
14 55351988 0 1 0 1 29 27 97 92 56 189
14 55370055 0 1 0 1 15 19 43 75 34 118
14 55380748 0 1 0 1 17 22 108 79 39 187
14 55382254 0 1 0 1 28 31 153 114 59 267
14 55395194 0 1 0 1 14 10 50 50 24 100
14 55397412 0 1 0 1 18 25 99 78 43 177
14 55435824 0 1 0 1 18 12 37 52 30 89
14 55440307 0 1 0 1 31 26 129 128 57 257
14 55440454 0 1 0 1 13 19 90 86 32 176
14 55612021 0 1 0 1 8 8 40 38 16 78
14 55619472 0 1 0 1 4 6 20 20 10 40
14 55634494 0 1 0 1 11 13 68 56 24 124
14 55641289 0 1 0 1 17 15 62 50 32 112
14 55641802 0 1 0 1 9 5 28 27 14 55
14 55647199 0 1 0 1 16 15 45 48 31 93
14 55648148 0 1 0 1 15 17 50 75 32 125
14 55667224 0 1 0 1 19 22 69 81 41 150
14 55675762 0 1 0 1 7 7 23 33 14 56
14 55679510 0 1 0 1 16 12 72 49 28 121
14 55766351 0 1 0 1 11 14 41 38 25 79
14 55766542 0 1 0 1 7 6 37 29 13 66
14 56491529 0 1 0 1 18 24 127 75 42 202
14 56491610 0 1 0 1 34 31 114 83 65 197
14 56580111 0 1 0 1 7 8 68 61 15 129
14 56585793 0 1 0 1 40 23 121 131 63 252
14 56615930 0 1 0 1 7 16 55 78 23 133
14 56625320 0 1 0 1 9 10 42 50 19 92
14 57205822 0 1 0 1 12 14 50 50 26 100
14 57205997 0 1 0 1 10 19 59 65 29 124
14 57273701 0 1 0 0 2 22 0 101 24 101
14 57396667 0 1 0 1 39 39 106 143 78 249
14 57471406 0 1 0 1 27 19 92 124 46 216
14 57481662 0 1 0 1 22 24 64 84 46 148
14 57589539 0 1 0 1 26 26 102 119 52 221
14 57593868 0 1 0 1 6 5 20 19 11 39
14 57593880 0 1 0 1 6 7 30 17 13 47
14 57594144 0 1 0 1 12 15 66 61 27 127
14 58096976 0 1 0 1 13 5 48 45 18 93
14 58139072 0 1 0 1 35 21 132 97 56 229
14 58263908 0 1 0 1 6 4 26 17 10 43
14 58271048 0 1 0 1 3 8 18 29 11 47
14 58299899 0 1 0 1 23 26 104 111 49 215
14 58303671 0 1 0 1 10 7 55 44 17 99
14 58304914 0 1 0 1 7 8 35 27 15 62
14 58330222 0 1 0 1 7 12 39 31 19 70
14 58330280 0 1 0 1 5 7 17 18 12 35
14 58350960 0 1 0 0 2 17 0 102 19 102
14 58364424 0 1 0 1 11 10 66 68 21 134
14 58396512 0 1 0 1 12 12 40 39 24 79
14 58457970 0 1 0 0 3 24 0 113 27 113
14 58645959 0 1 0 1 24 32 148 119 56 267
14 58646819 0 1 0 1 31 35 169 180 66 349
14 59326199 0 1 0 0 2 23 0 112 25 112
14 59354021 0 1 0 0 3 23 0 100 26 100
14 59928110 0 1 0 1 11 8 50 53 19 103
14 59960053 0 1 0 1 9 7 14 24 16 38
14 60006457 0 1 0 0 2 17 0 181 19 181
14 60008141 0 1 0 1 18 28 66 122 46 188
14 60165022 0 1 0 0 2 13 0 53 15 53
14 60245797 0 1 0 1 10 6 36 42 16 78
14 60437061 0 1 0 1 8 9 32 38 17 70
14 60455118 0 1 0 1 14 14 65 92 28 157
14 60495017 0 1 0 1 9 5 25 25 14 50
14 60509819 0 1 0 1 66 87 328 246 153 574
14 60713618 0 1 0 1 34 47 148 182 81 330
14 60719545 0 1 0 1 15 13 68 48 28 116
14 60811966 0 1 0 1 17 23 49 61 40 110
14 60981331 0 1 0 1 14 28 95 121 42 216
14 61280926 0 1 0 1 50 32 147 188 82 335
14 61322098 0 1 0 1 8 13 88 56 21 144
14 61391215 0 1 0 0 2 13 0 60 15 60
14 61528955 0 1 0 1 6 5 25 14 11 39
14 61529300 0 1 0 1 11 23 86 99 34 185
14 61530301 0 1 0 1 7 9 53 47 16 100
14 61530508 0 1 0 1 39 47 169 187 86 356
14 61530675 0 1 0 1 14 17 67 80 31 147
14 61547571 0 1 0 1 9 5 34 44 14 78
14 61653857 0 1 0 1 26 29 114 119 55 233
14 61657796 0 1 0 1 7 5 19 16 12 35
14 61740839 0 1 0 1 16 19 112 94 35 206
14 61747130 0 1 0 1 10 6 48 74 16 122
14 61762567 0 1 0 1 55 58 290 265 113 555
14 61762716 0 1 0 1 20 21 77 74 41 151
14 61767441 0 1 0 1 4 16 24 22 20 46
14 62075114 0 1 0 1 14 22 78 110 36 188
14 62708242 0 1 0 1 44 52 197 204 96 401
14 62802599 0 1 0 1 22 24 117 105 46 222
14 63123221 0 1 0 1 9 12 23 40 21 63
14 63269236 0 1 0 1 26 32 117 140 58 257
14 63317620 0 1 0 1 13 14 57 56 27 113
14 63381929 0 1 0 1 16 31 114 124 47 238
14 63384641 0 1 0 1 8 7 17 21 15 38
14 63391715 0 1 0 1 5 5 29 35 10 64
14 63542771 0 1 0 1 27 18 99 120 45 219
14 63542803 0 1 0 1 24 20 81 98 44 179
14 64101762 0 1 0 1 5 8 18 20 13 38
14 64125250 0 1 0 1 13 24 92 108 37 200
14 64134324 0 1 0 1 4 8 11 20 12 31
14 64146140 0 1 0 1 20 17 69 88 37 157
14 64165474 0 1 0 0 2 22 0 95 24 95
14 64167266 0 1 0 1 24 28 96 112 52 208
14 64209045 0 1 0 0 2 17 0 79 19 79
14 64218494 0 1 0 1 31 26 115 134 57 249
14 64219407 0 1 0 1 8 6 50 51 14 101
14 64224602 0 1 0 1 14 9 51 51 23 102
14 64224738 0 1 0 1 6 6 20 27 12 47
14 64224763 0 1 0 1 5 7 15 20 12 35
14 64224925 0 1 0 1 5 7 34 34 12 68
14 64225659 0 1 0 1 9 7 24 30 16 54
14 64233098 0 1 0 1 12 8 62 52 20 114
14 64234728 0 1 0 1 5 5 22 8 10 30
14 64337977 0 1 0 1 5 6 21 16 11 37
14 64338283 0 1 0 1 27 22 101 134 49 235
14 64388497 0 1 0 0 2 17 0 96 19 96
14 64435775 0 1 0 1 19 20 90 87 39 177
14 64439258 0 1 0 1 19 26 93 62 45 155
14 64442127 0 1 0 1 33 42 158 185 75 343
14 64442433 0 1 0 1 18 16 55 83 34 138
14 64468693 0 1 0 1 12 13 76 67 25 143
14 64480463 0 1 0 1 12 16 67 52 28 119
14 64521561 0 1 0 1 26 21 107 85 47 192
14 64522206 0 1 0 1 21 27 106 91 48 197
14 64542826 0 1 0 0 2 17 0 70 19 70
14 64552917 0 1 0 0 2 10 0 106 12 106
14 64562010 0 1 0 1 13 22 51 72 35 123
14 64564816 0 1 0 1 50 41 106 165 91 271
14 64564854 0 1 0 1 50 40 127 168 90 295
14 64601615 0 1 0 1 8 27 43 99 35 142
14 64601618 0 1 0 1 7 28 43 93 35 136
14 64601628 0 1 0 1 8 30 43 86 38 129
14 64730408 0 1 0 1 24 22 84 97 46 181
14 64730972 0 1 0 1 42 34 148 156 76 304
14 64731049 0 1 0 1 38 43 147 172 81 319
14 64732763 0 1 0 1 23 28 122 144 51 266
14 64767022 0 1 0 1 6 5 34 23 11 57
14 64767182 0 1 0 1 26 37 102 121 63 223
14 64767258 0 1 0 1 42 49 186 176 91 362
14 64769560 0 1 0 1 13 8 48 46 21 94
14 64773159 0 1 0 1 22 23 107 134 45 241
14 64773176 0 1 0 1 30 26 125 159 56 284
14 64787031 0 1 0 1 51 33 147 202 84 349
14 64793509 0 1 0 1 49 56 236 222 105 458
14 64794685 0 1 0 1 15 21 62 64 36 126
14 64795707 0 1 0 1 8 12 43 43 20 86
14 64796582 0 1 0 1 20 31 119 106 51 225
14 64796629 0 1 0 1 22 41 129 132 63 261
14 64802000 0 1 0 1 19 16 53 45 35 98
14 64802593 0 1 0 1 4 9 18 13 13 31
14 64805062 0 1 0 1 33 53 168 217 86 385
14 64823248 0 1 0 1 14 10 50 57 24 107
14 64914304 0 1 0 1 29 21 106 108 50 214
14 64926004 0 1 0 1 13 12 34 36 25 70
14 64940282 0 1 0 1 23 29 92 88 52 180
14 64940442 0 1 0 1 6 8 18 14 14 32
14 64941255 0 1 0 1 5 5 13 19 10 32
14 64942416 0 1 0 1 17 17 71 87 34 158
14 64943283 0 1 0 1 30 39 157 126 69 283
14 64948648 0 1 0 1 17 15 87 83 32 170
14 64951757 0 1 0 1 20 23 118 88 43 206
14 64952575 0 1 0 1 10 24 71 75 34 146
14 65004113 0 1 0 1 24 27 111 99 51 210
14 65012230 0 1 0 1 8 14 64 81 22 145
14 65021937 0 1 0 1 22 13 91 108 35 199
14 65040936 0 1 0 1 20 28 78 126 48 204
14 65044253 0 1 0 1 26 28 108 139 54 247
14 65076384 0 1 0 1 7 5 42 21 12 63
14 65077649 0 1 0 1 12 16 86 50 28 136
14 65084098 0 1 0 1 10 15 51 51 25 102
14 65267882 0 1 0 1 7 10 19 18 17 37
14 65335093 0 1 0 1 12 14 71 72 26 143
14 65412089 0 1 0 1 29 32 125 164 61 289
14 65467990 0 1 0 1 3 8 27 20 11 47
14 65561728 0 1 0 1 16 23 67 75 39 142
14 65561787 0 1 0 1 15 16 54 74 31 128
14 65669445 0 1 0 1 30 29 159 154 59 313
14 65733459 0 1 0 1 15 15 49 50 30 99
14 65742472 0 1 0 1 14 12 51 55 26 106
14 65957887 0 1 0 1 15 21 117 104 36 221
14 65988633 0 1 0 0 2 23 0 121 25 121
14 66012934 0 1 0 1 30 36 171 154 66 325
14 66013050 0 1 0 1 27 30 140 101 57 241
14 66013479 0 1 0 1 21 15 103 107 36 210
14 66013529 0 1 0 1 27 20 99 120 47 219
14 66013530 0 1 0 1 28 20 102 117 48 219
14 66842775 0 1 0 0 2 21 0 137 23 137
14 67112010 0 1 0 1 11 9 58 44 20 102
14 67225110 0 1 0 0 3 9 0 46 12 46
14 67412000 0 1 0 1 12 24 101 97 36 198
14 67446075 0 1 0 1 10 9 49 45 19 94
14 67542150 0 1 0 1 6 7 37 49 13 86
14 67555697 0 1 0 1 19 17 72 75 36 147
14 67557417 0 1 0 1 9 10 38 30 19 68
14 67562596 0 1 0 1 30 23 125 109 53 234
14 67573476 0 1 0 1 11 5 30 28 16 58
14 67574208 0 1 0 1 29 23 117 124 52 241
14 67574344 0 1 0 1 20 24 99 118 44 217
14 67574407 0 1 0 1 7 10 55 58 17 113
14 67575779 0 1 0 1 12 20 79 85 32 164
14 67575857 0 1 0 1 24 24 117 156 48 273
14 67578517 0 1 0 1 19 23 84 99 42 183
14 67579218 0 1 0 1 24 16 105 108 40 213
14 67586542 0 1 0 1 8 7 25 24 15 49
14 67593658 0 1 0 1 7 6 28 34 13 62
14 67593690 0 1 0 0 2 17 0 71 19 71
14 67600254 0 1 0 1 21 12 46 59 33 105
14 67620690 0 1 0 1 5 5 29 35 10 64
14 67621103 0 1 0 1 10 9 22 26 19 48
14 67646576 0 1 0 1 26 19 88 94 45 182
14 67648284 0 1 0 1 5 5 32 17 10 49
14 67651432 0 1 0 1 5 18 49 56 23 105
14 67656649 0 1 0 1 19 9 55 52 28 107
14 67660051 0 1 0 1 9 11 46 43 20 89
14 67692909 0 1 0 1 14 23 87 121 37 208
14 67722892 0 1 0 1 4 9 29 29 13 58
14 67724651 0 1 0 1 9 14 51 66 23 117
14 67727014 0 1 0 1 11 9 47 49 20 96
14 67729919 0 1 0 1 11 11 66 43 22 109
14 67767780 0 1 0 1 22 25 108 121 47 229
14 67767816 0 1 0 1 19 21 97 115 40 212
14 67769805 0 1 0 1 7 22 67 72 29 139
14 67798679 0 1 0 0 2 10 0 81 12 81
14 68306581 0 1 0 1 24 29 64 107 53 171
14 68306636 0 1 0 1 25 29 76 109 54 185
14 68411321 0 1 0 1 18 29 75 109 47 184
14 68411652 0 1 0 1 7 13 41 57 20 98
14 68421839 0 1 0 1 28 27 75 90 55 165
14 68421942 0 1 0 1 27 23 66 82 50 148
14 68422294 0 1 0 1 3 7 21 22 10 43
14 68545638 0 1 0 1 31 29 122 149 60 271
14 68650670 0 1 0 1 21 28 115 95 49 210
14 68650795 0 1 0 1 12 17 49 56 29 105
14 68792785 0 1 0 1 8 15 43 52 23 95
14 68792945 0 1 0 1 22 25 73 112 47 185
14 68795716 0 1 0 1 23 14 76 96 37 172
14 68795724 0 1 0 1 24 16 84 97 40 181
14 68796357 0 1 0 1 7 14 47 68 21 115
14 68868125 0 1 0 1 7 5 37 43 12 80
14 68868145 0 1 0 1 6 6 36 41 12 77
14 68868214 0 1 0 1 5 7 36 30 12 66
14 68868706 0 1 0 1 13 26 48 75 39 123
14 68868721 0 1 0 1 8 24 42 65 32 107
14 68868725 0 1 0 1 7 22 39 63 29 102
14 68868847 0 1 0 1 10 10 27 31 20 58
14 68884165 0 1 0 0 2 22 0 145 24 145
14 68925547 0 1 0 1 41 47 207 203 88 410
14 68977944 0 1 0 1 23 34 92 76 57 168
14 68978340 0 1 0 1 10 14 67 53 24 120
14 69117929 0 1 0 1 12 11 51 38 23 89
14 69209366 0 1 0 1 12 10 28 24 22 52
14 69237945 0 1 0 1 25 27 119 133 52 252
14 69321032 0 1 0 1 19 16 66 85 35 151
14 69324496 0 1 0 1 7 7 27 27 14 54
14 69325779 0 1 0 1 19 8 63 50 27 113
14 69325842 0 1 0 1 30 30 120 105 60 225
14 69331567 0 1 0 1 40 40 235 170 80 405
14 69333175 0 1 0 1 9 12 46 36 21 82
14 69333297 0 1 0 1 6 5 26 16 11 42
14 69341910 0 1 0 1 9 12 37 51 21 88
14 69709177 0 1 0 0 2 17 0 117 19 117
14 69769024 0 1 0 1 14 14 69 66 28 135
14 69879633 0 1 0 1 7 3 23 26 10 49
14 70230524 0 1 0 1 39 43 152 156 82 308
14 70245618 0 1 0 1 20 15 98 69 35 167
14 70245622 0 1 0 1 18 20 78 104 38 182
14 70246014 0 1 0 1 24 152 147 719 176 866
14 70247244 0 1 0 1 17 11 97 90 28 187
14 70247245 0 1 0 1 17 12 98 85 29 183
14 70247264 0 1 0 1 19 11 105 83 30 188
14 70247374 0 1 0 1 23 36 112 184 59 296
14 70247445 0 1 0 1 12 43 40 225 55 265
14 70247455 0 1 0 1 9 45 37 224 54 261
14 70247583 0 1 0 1 5 35 22 184 40 206
14 70342779 0 1 0 1 6 5 43 26 11 69
14 70346390 0 1 0 1 6 4 14 17 10 31
14 70359741 0 1 0 1 12 13 58 31 25 89
14 70457520 0 1 0 1 11 19 35 104 30 139
14 70457532 0 1 0 1 11 21 47 119 32 166
14 70457733 0 1 0 1 20 18 90 110 38 200
14 70457849 0 1 0 1 13 22 62 98 35 160
14 70457850 0 1 0 1 13 20 63 102 33 165
14 70457885 0 1 0 1 21 19 112 87 40 199
14 70458784 0 1 0 1 89 113 424 387 202 811
14 70458948 0 1 0 1 83 93 325 367 176 692
14 70459146 0 1 0 1 35 37 162 149 72 311
14 70470707 0 1 0 1 26 24 100 133 50 233
14 70470720 0 1 0 1 24 27 145 107 51 252
14 70523045 0 1 0 1 39 45 154 185 84 339
14 70523681 0 1 0 1 32 31 123 141 63 264
14 70581427 0 1 0 1 17 9 64 70 26 134
14 70583998 0 1 0 1 21 17 57 76 38 133
14 70642436 0 1 0 1 27 32 160 167 59 327
14 70642559 0 1 0 1 20 31 145 137 51 282
14 70642635 0 1 0 1 13 16 60 70 29 130
14 70809112 0 1 0 0 2 11 0 75 13 75
14 70968221 0 1 0 0 2 22 0 98 24 98
14 71019014 0 1 0 0 2 22 0 135 24 135
14 71573808 0 1 0 1 5 6 11 18 11 29
14 71588751 0 1 0 1 22 38 135 117 60 252
14 71650439 0 1 0 1 17 12 51 69 29 120
14 71735268 0 1 0 1 33 38 166 157 71 323
14 71990501 0 1 0 1 20 24 113 114 44 227
14 72458463 0 1 0 1 19 25 69 78 44 147
14 72459457 0 1 0 1 10 6 31 28 16 59
14 72465622 0 1 0 1 6 10 16 26 16 42
14 72473027 0 1 0 1 8 5 45 23 13 68
14 72477044 0 1 0 1 9 10 24 18 19 42
14 72478235 0 1 0 1 24 22 89 97 46 186
14 72540402 0 1 0 0 2 17 0 87 19 87
14 72550418 0 1 0 1 11 24 75 63 35 138
14 72562999 0 1 0 1 3 9 30 20 12 50
14 72952079 0 1 0 0 2 21 0 111 23 111
14 73245814 0 1 0 0 2 13 0 82 15 82
14 73729983 0 1 0 1 43 36 133 139 79 272
14 73730089 0 1 0 1 20 17 63 80 37 143
14 73730169 0 1 0 1 9 12 34 33 21 67
14 73736987 0 1 0 1 4 7 28 20 11 48
14 73737086 0 1 0 1 16 20 80 113 36 193
14 73739175 0 1 0 1 42 53 196 214 95 410
14 73739955 0 1 0 1 38 39 201 195 77 396
14 73740144 0 1 0 1 9 13 62 75 22 137
14 73740152 0 1 0 1 12 9 72 55 21 127
14 73874094 0 1 0 1 22 32 130 105 54 235
14 73882524 0 1 0 1 8 9 43 33 17 76
14 73896064 0 1 0 1 3 7 19 16 10 35
14 73909253 0 1 0 1 12 10 78 67 22 145
14 73920747 0 1 0 1 6 8 32 40 14 72
14 73922205 0 1 0 1 7 12 50 45 19 95
14 73924660 0 1 0 1 5 8 34 16 13 50
14 73932509 0 1 0 1 10 18 71 71 28 142
14 73932588 0 1 0 1 10 6 48 49 16 97
14 73938053 0 1 0 1 12 22 101 86 34 187
14 73942329 0 1 0 1 11 16 62 40 27 102
14 73946426 0 1 0 1 47 46 149 165 93 314
14 73946717 0 1 0 1 8 5 16 15 13 31
14 73949897 0 1 0 1 14 17 63 57 31 120
14 73958235 0 1 0 1 33 39 133 138 72 271
14 73958353 0 1 0 1 15 14 72 79 29 151
14 73961583 0 1 0 1 37 37 165 135 74 300
14 73961742 0 1 0 1 46 30 161 163 76 324
14 73966849 0 1 0 1 6 4 30 38 10 68
14 73967156 0 1 0 1 21 19 76 73 40 149
14 73972792 0 1 0 1 11 14 93 84 25 177
14 73974834 0 1 0 1 10 21 68 69 31 137
14 73974981 0 1 0 1 6 22 54 58 28 112
14 73982961 0 1 0 1 16 15 72 60 31 132
14 73988116 0 1 0 1 9 7 20 23 16 43
14 74055479 0 1 0 1 14 15 57 75 29 132
14 74067383 0 1 0 0 2 20 0 111 22 111
14 74407837 0 1 0 1 21 20 72 112 41 184
14 74408004 0 1 0 1 43 36 153 178 79 331
14 74409478 0 1 0 1 20 29 111 116 49 227
14 74409798 0 1 0 1 10 14 62 47 24 109
14 74493698 0 1 0 1 6 9 32 46 15 78
14 74505305 0 1 0 1 18 19 76 74 37 150
14 74506874 0 1 0 1 6 22 37 113 28 150
14 74506876 0 1 0 1 5 22 37 112 27 149
14 74506878 0 1 0 1 4 21 36 99 25 135
14 74510283 0 1 0 1 13 19 68 51 32 119
14 74521898 0 1 0 1 15 16 61 53 31 114
14 74525256 0 1 0 1 17 21 94 93 38 187
14 74536072 0 1 0 1 28 23 102 117 51 219
14 74552177 0 1 0 1 14 14 74 89 28 163
14 74552299 0 1 0 1 28 32 160 194 60 354
14 74552454 0 1 0 1 36 44 128 150 80 278
14 74555568 0 1 0 1 25 32 97 137 57 234
14 74611532 0 1 0 0 2 19 0 100 21 100
14 74673233 0 1 0 1 3 12 31 28 15 59
14 74684344 0 1 0 1 11 14 40 49 25 89
14 74713031 0 1 0 1 26 38 139 147 64 286
14 74733950 0 1 0 1 13 14 49 36 27 85
14 74733994 0 1 0 1 13 19 73 51 32 124
14 74778665 0 1 0 1 7 6 38 24 13 62
14 74781966 0 1 0 1 27 31 154 119 58 273
14 74811599 0 1 0 1 7 21 84 47 28 131
14 74812692 0 1 0 1 21 27 131 83 48 214
14 74821075 0 1 0 0 2 11 0 71 13 71
14 74885852 0 1 0 1 11 4 40 49 15 89
14 74893027 0 1 0 1 23 25 87 79 48 166
14 74899744 0 1 0 1 3 10 26 32 13 58
14 74901104 0 1 0 1 30 28 139 144 58 283
14 74906542 0 1 0 1 23 27 129 109 50 238
14 74906772 0 1 0 1 8 12 66 57 20 123
14 74907310 0 1 0 1 6 6 37 40 12 77
14 74911644 0 1 0 1 26 25 127 127 51 254
14 75120445 0 1 0 0 3 31 0 172 34 172
14 75147649 0 1 0 1 9 11 70 69 20 139
14 75269156 0 1 0 1 14 11 48 65 25 113
14 75278848 0 1 0 1 6 10 39 41 16 80
14 75278923 0 1 0 1 19 21 74 96 40 170
14 75279987 0 1 0 1 36 29 145 135 65 280
14 75292182 0 1 0 1 39 39 219 202 78 421
14 75292469 0 1 0 1 13 13 60 61 26 121
14 75294152 0 1 0 1 34 43 145 163 77 308
14 75437957 0 1 0 1 19 19 56 69 38 125
14 75469205 0 1 0 1 6 12 55 38 18 93
14 75579348 0 1 0 1 51 45 190 231 96 421
14 75624605 0 1 0 0 2 22 0 102 24 102
14 75624854 0 1 0 1 2 8 20 26 10 46
14 75631656 0 1 0 1 9 6 45 26 15 71
14 75662944 0 1 0 1 7 5 19 21 12 40
14 75683487 0 1 0 1 16 16 85 81 32 166
14 75690064 0 1 0 1 4 10 26 19 14 45
14 75690266 0 1 0 1 35 37 145 175 72 320
14 75709222 0 1 0 1 9 23 49 65 32 114
14 75709251 0 1 0 1 6 19 29 57 25 86
14 75735139 0 1 0 1 32 21 102 165 53 267
14 75737747 0 1 0 1 5 7 25 23 12 48
14 75757810 0 1 0 1 17 28 101 93 45 194
14 75771660 0 1 0 1 20 24 106 103 44 209
14 75771860 0 1 0 1 20 25 94 110 45 204
14 75775746 0 1 0 1 9 15 39 60 24 99
14 75820718 0 1 0 1 13 11 44 54 24 98
14 75904015 0 1 0 1 6 9 13 21 15 34
14 75904187 0 1 0 1 9 6 40 48 15 88
14 76152824 0 1 0 1 12 11 50 40 23 90
14 76172123 0 1 0 1 19 13 84 80 32 164
14 76176855 0 1 0 1 6 7 22 24 13 46
14 76178280 0 1 0 1 13 19 89 69 32 158
14 76196027 0 1 0 1 30 33 134 145 63 279
14 76196103 0 1 0 1 22 20 104 116 42 220
14 76310849 0 1 0 0 2 18 0 96 20 96
14 76310914 0 1 0 1 4 7 37 27 11 64
14 76439806 0 1 0 1 13 19 75 73 32 148
14 76439814 0 1 0 1 10 20 65 61 30 126
14 76439850 0 1 0 1 7 13 39 36 20 75
14 76482519 0 1 0 1 18 19 87 61 37 148
14 76491402 0 1 0 1 10 4 35 32 14 67
14 76498312 0 1 0 1 27 33 132 153 60 285
14 76498362 0 1 0 1 42 43 175 177 85 352
14 76499750 0 1 0 1 6 6 26 25 12 51
14 76867509 0 1 0 1 13 11 36 44 24 80
14 77026548 0 1 0 1 79 98 325 440 177 765
14 77027304 0 1 0 1 15 9 80 73 24 153
14 77027532 0 1 0 1 7 7 26 36 14 62
14 77219040 0 1 0 1 14 15 47 32 29 79
14 77219103 0 1 0 1 8 5 24 23 13 47
14 77219192 0 1 0 1 7 4 17 25 11 42
14 77219960 0 1 0 1 19 18 89 80 37 169
14 77231496 0 1 0 0 2 11 0 54 13 54
14 77231871 0 1 0 1 3 8 20 18 11 38
14 77233590 0 1 0 1 44 31 168 129 75 297
14 77239383 0 1 0 1 29 17 118 92 46 210
14 77269450 0 1 0 1 9 12 26 24 21 50
14 77278850 0 1 0 1 29 33 170 138 62 308
14 77279769 0 1 0 1 37 42 209 149 79 358
14 77280680 0 1 0 1 8 5 20 12 13 32
14 77283714 0 1 0 1 11 12 44 57 23 101
14 77284895 0 1 0 1 19 27 99 112 46 211
14 77285582 0 1 0 1 14 23 103 117 37 220
14 77288878 0 1 0 1 16 21 98 72 37 170
14 77328110 0 1 0 1 8 9 45 44 17 89
14 77343032 0 1 0 0 2 8 0 45 10 45
14 77343862 0 1 0 0 2 13 0 128 15 128
14 77377628 0 1 0 1 32 35 126 155 67 281
14 77377922 0 1 0 1 20 31 106 123 51 229
14 77378249 0 1 0 1 16 17 85 91 33 176
14 77406166 0 1 0 1 12 9 55 36 21 91
14 77407535 0 1 0 1 26 26 73 104 52 177
14 77413962 0 1 0 1 14 9 32 35 23 67
14 77422697 0 1 0 1 18 13 61 69 31 130
14 77433822 0 1 0 1 21 17 68 93 38 161
14 77434147 0 1 0 1 23 34 161 130 57 291
14 77436075 0 1 0 1 21 14 102 99 35 201
14 77448331 0 1 0 1 7 6 32 34 13 66
14 77449862 0 1 0 1 5 8 21 33 13 54
14 77457440 0 1 0 1 26 29 107 103 55 210
14 77462182 0 1 0 1 21 22 133 107 43 240
14 77464409 0 1 0 1 10 9 37 31 19 68
14 77464512 0 1 0 1 7 14 69 71 21 140
14 77468244 0 1 0 1 15 10 58 64 25 122
14 77469334 0 1 0 1 9 9 35 34 18 69
14 77484242 0 1 0 1 15 12 74 79 27 153
14 77484781 0 1 0 1 36 57 206 232 93 438
14 77498157 0 1 0 1 14 10 51 46 24 97
14 77498318 0 1 0 1 26 20 165 130 46 295
14 77521615 0 1 0 1 15 9 50 42 24 92
14 77562460 0 1 0 1 18 9 66 88 27 154
14 77562608 0 1 0 0 2 18 0 80 20 80
14 77570315 0 1 0 1 5 9 49 36 14 85
14 77570592 0 1 0 1 11 14 37 27 25 64
14 77616430 0 1 0 0 2 21 0 121 23 121
14 77822270 0 1 0 1 4 12 50 36 16 86
14 77925669 0 1 0 1 16 16 71 63 32 134
14 78297601 0 1 0 1 10 9 43 44 19 87
14 78526827 0 1 0 1 16 15 77 99 31 176
14 78615042 0 1 0 1 18 31 112 127 49 239
14 78649350 0 1 0 0 2 20 0 110 22 110
14 78709790 0 1 0 1 13 14 66 53 27 119
14 78709811 0 1 0 1 10 12 57 44 22 101
14 78714883 0 1 0 1 54 58 192 278 112 470
14 79663661 0 1 0 0 2 17 0 134 19 134
14 79824082 0 1 0 1 14 11 52 60 25 112
14 80955913 0 1 0 1 27 33 117 126 60 243
14 80982038 0 1 0 1 2 8 36 25 10 61
14 80982258 0 1 0 1 5 12 49 40 17 89
14 80982276 0 1 0 1 6 13 48 45 19 93
14 80983190 0 1 0 1 6 11 26 29 17 55
14 80983346 0 1 0 1 6 14 30 25 20 55
14 81032435 0 1 0 1 8 3 23 19 11 42
14 81032811 0 1 0 1 6 9 26 25 15 51
14 81033151 0 1 0 1 10 5 26 29 15 55
14 81062068 0 1 0 1 13 7 39 41 20 80
14 81090935 0 1 0 1 3 7 13 20 10 33
14 81092462 0 1 0 1 23 14 77 77 37 154
14 81092621 0 1 0 1 21 17 103 85 38 188
14 81096464 0 1 0 1 8 6 32 26 14 58
14 81096654 0 1 0 1 28 24 119 116 52 235
14 81108615 0 1 0 1 11 14 52 61 25 113
14 81108661 0 1 0 1 8 12 33 42 20 75
14 81143435 0 1 0 1 53 40 236 213 93 449
14 81192892 0 1 0 1 12 10 50 52 22 102
14 81196403 0 1 0 1 6 5 24 19 11 43
14 81277221 0 1 0 1 56 55 331 285 111 616
14 81413019 0 1 0 1 13 7 48 44 20 92
14 81413124 0 1 0 1 10 12 63 58 22 121
14 81476920 0 1 0 0 2 9 0 52 11 52
14 81476923 0 1 0 0 2 10 0 56 12 56
14 81916942 0 1 0 0 2 22 0 97 24 97
14 85528540 0 1 0 1 10 4 30 29 14 59
14 85529264 0 1 0 1 7 8 50 38 15 88
14 85529270 0 1 0 1 7 8 49 36 15 85
14 86920222 0 1 0 1 10 9 42 42 19 84
14 87934009 0 1 0 1 21 16 72 82 37 154
14 87939776 0 1 0 1 12 11 46 53 23 99
14 87939783 0 1 0 1 12 14 45 56 26 101
14 87941544 0 1 0 1 17 18 77 74 35 151
14 87941573 0 1 0 1 14 16 68 68 30 136
14 87945493 0 1 0 1 18 19 91 68 37 159
14 87947867 0 1 0 1 22 16 63 63 38 126
14 87952898 0 1 0 1 9 11 27 28 20 55
14 87953938 0 1 0 1 16 15 83 79 31 162
14 87954167 0 1 0 1 13 10 27 40 23 67
14 87954756 0 1 0 1 12 21 61 50 33 111
14 87955006 0 1 0 1 19 15 77 76 34 153
14 87955138 0 1 0 1 7 8 44 36 15 80
14 87963346 0 1 0 1 6 14 59 44 20 103
14 87968549 0 1 0 1 10 5 27 38 15 65
14 87976238 0 1 0 1 4 9 13 28 13 41
14 87976271 0 1 0 0 2 14 0 78 16 78
14 87976302 0 1 0 1 8 12 46 62 20 108
14 87976368 0 1 0 1 16 17 80 105 33 185
14 87982181 0 1 0 1 9 16 35 46 25 81
14 87982299 0 1 0 1 10 16 67 55 26 122
14 87982351 0 1 0 1 8 13 44 44 21 88
14 87984426 0 1 0 1 8 13 58 42 21 100
14 87984584 0 1 0 1 10 5 39 40 15 79
14 87986637 0 1 0 1 14 19 88 75 33 163
14 87988125 0 1 0 1 19 22 73 84 41 157
14 87988566 0 1 0 1 8 6 40 46 14 86
14 87988593 0 1 0 1 8 6 32 47 14 79
14 87992229 0 1 0 1 25 17 100 106 42 206
14 87992401 0 1 0 1 27 20 70 108 47 178
14 87993090 0 1 0 1 19 17 93 94 36 187
14 87993104 0 1 0 1 23 24 117 115 47 232
14 87993123 0 1 0 1 23 28 135 138 51 273
14 87993312 0 1 0 1 21 27 130 150 48 280
14 88011538 0 1 0 1 26 24 105 137 50 242
14 88240881 0 1 0 1 2 8 5 27 10 32
14 88263587 0 1 0 1 10 19 80 78 29 158
14 88385822 0 1 0 1 27 21 118 117 48 235
14 88468234 0 1 0 0 2 14 0 91 16 91
14 89125485 0 1 0 1 13 11 36 45 24 81
14 89417678 0 1 0 1 21 18 84 139 39 223
14 89631145 0 1 0 1 11 8 13 24 19 37
14 89631597 0 1 0 1 8 6 26 31 14 57
14 89980820 0 1 0 0 2 14 0 67 16 67
14 90062258 0 1 0 0 2 20 0 149 22 149
14 90107708 0 1 0 1 7 15 32 39 22 71
14 90263921 0 1 0 1 11 17 72 82 28 154
14 90270133 0 1 0 1 41 36 184 143 77 327
14 90274244 0 1 0 1 38 53 212 162 91 374
14 90278637 0 1 0 1 6 7 37 23 13 60
14 90288194 0 1 0 1 15 17 58 87 32 145
14 90290416 0 1 0 1 8 16 66 57 24 123
14 90301263 0 1 0 1 22 27 106 121 49 227
14 90301402 0 1 0 1 34 44 135 144 78 279
14 90301516 0 1 0 1 23 17 73 77 40 150
14 90301839 0 1 0 1 14 14 65 64 28 129
14 90303291 0 1 0 1 6 16 38 38 22 76
14 90397145 0 1 0 1 16 19 92 60 35 152
14 90398908 0 1 0 0 2 16 0 90 18 90
14 90398939 0 1 0 1 19 13 62 60 32 122
14 90399118 0 1 0 1 25 26 104 104 51 208
14 90647127 0 1 0 1 17 23 57 51 40 108
14 90695518 0 1 0 1 25 27 72 148 52 220
14 90899305 0 1 0 1 5 24 34 62 29 96
14 91170292 0 1 0 1 15 8 35 52 23 87
14 91175733 0 1 0 1 4 7 24 28 11 52
14 91196274 0 1 0 1 27 21 64 63 48 127
14 91196319 0 1 0 1 24 38 104 90 62 194
14 91199787 0 1 0 1 13 11 56 71 24 127
14 91199904 0 1 0 1 14 20 92 95 34 187
14 91204884 0 1 0 1 12 15 44 59 27 103
14 91215279 0 1 0 1 9 15 70 80 24 150
14 91215544 0 1 0 1 34 38 159 152 72 311
14 91215781 0 1 0 1 8 4 14 26 12 40
14 91293445 0 1 0 1 4 7 10 20 11 30
14 91293453 0 1 0 1 7 6 23 8 13 31
14 91293454 0 1 0 1 5 7 19 11 12 30
14 91293472 0 1 0 1 2 9 8 36 11 44
14 91293473 0 1 0 1 2 10 28 14 12 42
14 91294316 0 1 0 1 25 36 127 138 61 265
14 91297293 0 1 0 1 23 16 64 69 39 133
14 91310090 0 1 0 1 17 10 42 50 27 92
14 91608319 0 1 0 0 2 21 0 139 23 139
14 91708226 0 1 0 1 15 14 75 77 29 152
14 91785243 0 1 0 1 26 26 138 94 52 232
14 91802187 0 1 0 1 9 14 54 59 23 113
14 91813639 0 1 0 1 4 12 58 42 16 100
14 91870431 0 1 0 1 4 7 23 21 11 44
14 91883128 0 1 0 1 35 33 142 161 68 303
14 91937058 0 1 0 1 53 66 191 281 119 472
14 91974722 0 1 0 1 2 9 28 22 11 50
14 91993754 0 1 0 1 21 18 59 54 39 113
14 92007599 0 1 0 1 8 12 61 59 20 120
14 92010824 0 1 0 1 15 17 49 40 32 89
14 92017883 0 1 0 1 15 15 59 51 30 110
14 92025509 0 1 0 1 8 6 47 37 14 84
14 92070879 0 1 0 1 18 15 98 99 33 197
14 92071010 0 1 0 1 7 10 51 73 17 124
14 92071035 0 1 0 0 3 22 0 121 25 121
14 92079800 0 1 0 1 8 7 19 12 15 31
14 92080801 0 1 0 1 4 6 26 17 10 43
14 92080832 0 1 0 1 2 9 37 25 11 62
14 92081081 0 1 0 1 8 4 19 32 12 51
14 92082441 0 1 0 1 11 11 68 82 22 150
14 92083242 0 1 0 1 7 14 56 61 21 117
14 92083288 0 1 0 1 6 5 26 29 11 55
14 92088855 0 1 0 1 22 17 60 72 39 132
14 92093334 0 1 0 1 5 9 22 23 14 45
14 92093664 0 1 0 1 6 6 28 23 12 51
14 92093911 0 1 0 0 2 18 0 106 20 106
14 92096224 0 1 0 1 19 16 80 74 35 154
14 92116128 0 1 0 1 6 6 24 18 12 42
14 92121658 0 1 0 1 18 9 68 63 27 131
14 92121875 0 1 0 1 15 9 64 38 24 102
14 92142990 0 1 0 1 11 5 57 35 16 92
14 92161324 0 1 0 1 13 9 41 40 22 81
14 92441992 0 1 0 0 2 10 0 49 12 49
14 92443635 0 1 0 1 13 15 66 110 28 176
14 92445249 0 1 0 1 17 24 82 100 41 182
14 92456323 0 1 0 1 16 14 38 34 30 72
14 92483717 0 1 0 1 16 19 43 46 35 89
14 92486494 0 1 0 1 5 5 17 16 10 33
14 92492872 0 1 0 1 21 18 74 88 39 162
14 92492884 0 1 0 1 18 20 90 65 38 155
14 92492938 0 1 0 1 9 12 57 36 21 93
14 92556011 0 1 0 1 7 4 31 23 11 54
14 92659070 0 1 0 1 18 24 112 96 42 208
14 92676306 0 1 0 1 12 13 35 55 25 90
14 92704396 0 1 0 1 30 33 179 167 63 346
14 92704648 0 1 0 1 12 15 109 89 27 198
14 92716121 0 1 0 1 26 27 154 117 53 271
14 92717240 0 1 0 0 2 13 0 107 15 107
14 92931799 0 1 0 1 34 34 122 138 68 260
14 92931903 0 1 0 0 9 8 4 52 17 56
14 92932756 0 1 0 1 33 29 148 124 62 272
14 92938329 0 1 0 1 12 11 38 37 23 75
14 92938392 0 1 0 1 18 20 72 69 38 141
14 92940609 0 1 0 1 23 8 68 61 31 129
14 92940930 0 1 0 0 2 23 0 117 25 117
14 92957981 0 1 0 1 7 7 10 22 14 32
14 93066333 0 1 0 1 11 41 52 144 52 196
14 93066335 0 1 0 1 10 44 52 137 54 189
14 93248304 0 1 0 1 9 10 22 28 19 50
14 93248377 0 1 0 1 16 15 67 75 31 142
14 93251387 0 1 0 1 6 7 18 21 13 39
14 93293762 0 1 0 0 2 16 0 69 18 69
14 93295816 0 1 0 1 4 6 17 23 10 40
14 93347421 0 1 0 0 2 15 0 68 17 68
14 93348147 0 1 0 1 18 46 111 127 64 238
14 93430776 0 1 0 0 2 9 0 49 11 49
14 93487558 0 1 0 1 6 4 20 27 10 47
14 93528524 0 1 0 1 9 23 77 58 32 135
14 93528608 0 1 0 1 14 23 78 79 37 157
14 93532490 0 1 0 1 10 6 48 33 16 81
14 93537968 0 1 0 1 15 38 102 138 53 240
14 93540729 0 1 0 1 33 28 156 119 61 275
14 93542407 0 1 0 1 18 16 72 72 34 144
14 93621429 0 1 0 1 7 4 23 22 11 45
14 93622241 0 1 0 1 32 26 109 121 58 230
14 93630941 0 1 0 1 14 26 100 80 40 180
14 93637256 0 1 0 1 44 32 175 166 76 341
14 93641026 0 1 0 1 12 11 29 29 23 58
14 93686422 0 1 0 1 19 25 108 83 44 191
14 93694175 0 1 0 1 13 15 43 38 28 81
14 93694265 0 1 0 1 25 23 75 70 48 145
14 93721486 0 1 0 1 25 31 107 125 56 232
14 93725791 0 1 0 1 15 12 39 35 27 74
14 93934560 0 1 0 1 8 10 40 48 18 88
14 93937627 0 1 0 1 12 10 46 43 22 89
14 93937871 0 1 0 1 14 36 67 111 50 178
14 93939525 0 1 0 1 52 41 218 203 93 421
14 93941847 0 1 0 1 6 8 28 31 14 59
14 93944101 0 1 0 1 7 4 29 23 11 52
14 93948106 0 1 0 1 11 5 30 30 16 60
14 93951195 0 1 0 1 19 32 98 94 51 192
14 93951379 0 1 0 1 6 9 26 38 15 64
14 93953319 0 1 0 1 37 33 154 180 70 334
14 93953542 0 1 0 1 14 9 24 25 23 49
14 93955142 0 1 0 1 15 19 77 69 34 146
14 93956948 0 1 0 1 25 31 130 131 56 261
14 93956981 0 1 0 1 28 27 125 134 55 259
14 93998086 0 1 0 1 20 16 82 104 36 186
14 93999735 0 1 0 1 6 7 31 38 13 69
14 94003455 0 1 0 1 11 10 45 40 21 85
14 94044618 0 1 0 1 43 34 129 193 77 322
14 94046069 0 1 0 1 12 17 50 57 29 107
14 94054917 0 1 0 1 29 44 129 149 73 278
14 94061179 0 1 0 1 11 7 26 33 18 59
14 94061188 0 1 0 1 10 6 26 34 16 60
14 94079848 0 1 0 1 18 18 61 82 36 143
14 94088204 0 1 0 1 17 14 48 74 31 122
14 94096847 0 1 0 1 25 11 94 53 36 147
14 94097689 0 1 0 1 22 29 78 132 51 210
14 94097693 0 1 0 1 24 29 77 133 53 210
14 94097712 0 1 0 1 21 32 78 124 53 202
14 94100686 0 1 0 1 12 13 57 62 25 119
14 94102430 0 1 0 1 12 12 60 57 24 117
14 94111842 0 1 0 1 7 9 28 33 16 61
14 94129652 0 1 0 1 11 13 75 72 24 147
14 94233801 0 1 0 1 24 15 72 75 39 147
14 94309884 0 1 0 1 49 49 251 229 98 480
14 94310064 0 1 0 1 25 33 143 105 58 248
14 94310104 0 1 0 1 17 26 99 84 43 183
14 94363661 0 1 0 1 13 10 81 64 23 145
14 94364691 0 1 0 1 10 11 48 44 21 92
14 94366696 0 1 0 1 46 43 187 197 89 384
14 94378369 0 1 0 1 14 9 54 55 23 109
14 94381078 0 1 0 1 20 29 95 110 49 205
14 94446462 0 1 0 1 31 30 140 125 61 265
14 94446559 0 1 0 1 13 21 123 110 34 233
14 94463030 0 1 0 1 4 6 21 35 10 56
14 94463323 0 1 0 1 8 8 32 29 16 61
14 94464619 0 1 0 1 5 6 42 30 11 72
14 94464643 0 1 0 1 9 6 46 40 15 86
14 94464647 0 1 0 1 7 9 41 48 16 89
14 94467136 0 1 0 1 13 22 65 91 35 156
14 94467303 0 1 0 1 34 40 120 163 74 283
14 94467358 0 1 0 1 25 39 98 123 64 221
14 94467372 0 1 0 1 36 23 107 99 59 206
14 94469564 0 1 0 1 55 56 193 207 111 400
14 94561683 0 1 0 1 30 20 107 128 50 235
14 94563515 0 1 0 1 20 26 132 108 46 240
14 94567334 0 1 0 1 9 11 50 40 20 90
14 94568005 0 1 0 1 8 7 27 28 15 55
14 94587553 0 1 0 1 45 28 125 190 73 315
14 94587839 0 1 0 1 77 65 268 312 142 580
14 94590933 0 1 0 1 15 22 79 100 37 179
14 94592023 0 1 0 1 7 10 46 38 17 84
14 94592125 0 1 0 1 27 25 82 131 52 213
14 94592294 0 1 0 1 29 22 101 144 51 245
14 94614466 0 1 0 1 21 25 139 116 46 255
14 94615407 0 1 0 1 13 10 38 59 23 97
14 94615776 0 1 0 1 5 7 17 21 12 38
14 94619128 0 1 0 1 9 11 36 34 20 70
14 94619683 0 1 0 0 2 8 0 63 10 63
14 94623530 0 1 0 1 5 9 15 20 14 35
14 95132563 0 1 0 0 2 22 0 151 24 151
14 95193410 0 1 0 1 12 15 34 53 27 87
14 95193431 0 1 0 1 8 12 33 47 20 80
14 95196368 0 1 0 1 6 6 32 22 12 54
14 95209546 0 1 0 1 12 18 52 59 30 111
14 95210753 0 1 0 1 28 19 106 87 47 193
14 95409005 0 1 0 1 13 5 18 19 18 37
14 95417986 0 1 0 1 19 15 80 85 34 165
14 95433436 0 1 0 1 21 23 76 91 44 167
14 95452129 0 1 0 1 12 15 65 68 27 133
14 95452136 0 1 0 1 14 13 75 74 27 149
14 95452288 0 1 0 1 41 40 135 128 81 263
14 95452404 0 1 0 1 16 14 60 75 30 135
14 95452408 0 1 0 1 16 14 59 67 30 126
14 95452422 0 1 0 1 16 14 51 57 30 108
14 95455404 0 1 0 1 17 12 61 69 29 130
14 95457333 0 1 0 1 19 23 92 83 42 175
14 95465886 0 1 0 1 22 24 104 108 46 212
14 95466291 0 1 0 1 22 23 106 100 45 206
14 95475651 0 1 0 0 2 22 0 103 24 103
14 95533483 0 1 0 1 37 50 176 194 87 370
14 95542970 0 1 0 1 23 36 158 137 59 295
14 95636762 0 1 0 1 31 16 81 95 47 176
14 95663618 0 1 0 1 50 45 158 169 95 327
14 95671598 0 1 0 1 11 12 42 35 23 77
14 95690850 0 1 0 1 44 38 219 232 82 451
14 95690994 0 1 0 1 16 21 81 73 37 154
14 95691145 0 1 0 1 9 7 38 52 16 90
14 95691342 0 1 0 1 28 25 113 123 53 236
14 95711836 0 1 0 1 31 31 127 111 62 238
14 95713905 0 1 0 1 23 26 155 128 49 283
14 96090491 0 1 0 1 10 6 37 27 16 64
14 96090509 0 1 0 1 7 15 39 44 22 83
14 96204885 0 1 0 1 17 19 76 64 36 140
14 96238024 0 1 0 1 20 15 51 60 35 111
14 96241120 0 1 0 1 81 64 279 358 145 637
14 96263805 0 1 0 1 28 39 131 177 67 308
14 96286105 0 1 0 1 2 19 5 49 21 54
14 96295220 0 1 0 1 13 14 23 40 27 63
14 96304383 0 1 0 1 19 34 82 70 53 152
14 96317127 0 1 0 1 2 9 17 22 11 39
14 96317390 0 1 0 1 8 7 22 26 15 48
14 96329660 0 1 0 1 9 9 20 35 18 55
14 96362953 0 1 0 1 24 40 134 128 64 262
14 96382562 0 1 0 1 2 9 32 33 11 65
14 96392330 0 1 0 1 11 9 51 69 20 120
14 96482961 0 1 0 1 22 19 78 85 41 163
14 96855352 0 1 0 1 12 20 77 106 32 183
14 97751592 0 1 0 1 8 7 59 56 15 115
14 98926131 0 1 0 1 24 25 99 127 49 226
14 99405475 0 1 0 1 9 14 78 71 23 149
14 99410168 0 1 0 1 25 16 111 101 41 212
14 99463464 0 1 0 1 22 16 73 83 38 156
14 99495493 0 1 0 1 18 10 42 31 28 73
14 99515243 0 1 0 0 2 20 0 138 22 138
14 99515521 0 1 0 1 6 11 40 43 17 83
14 99573015 0 1 0 1 7 5 9 21 12 30
14 99675352 0 1 0 1 31 36 153 142 67 295
14 99690887 0 1 0 1 12 10 66 52 22 118
14 99691904 0 1 0 1 27 29 115 126 56 241
14 99699336 0 1 0 1 14 12 47 69 26 116
14 99725373 0 1 0 1 14 11 65 84 25 149
14 99851039 0 1 0 1 27 26 131 134 53 265
14 99851135 0 1 0 1 19 11 55 65 30 120
14 99865539 0 1 0 1 28 22 101 94 50 195
14 99875093 0 1 0 1 11 25 74 76 36 150
14 99891306 0 1 0 1 8 6 38 37 14 75
14 99894518 0 1 0 1 5 5 17 39 10 56
14 99896929 0 1 0 1 5 6 20 25 11 45
14 99896999 0 1 0 1 13 10 49 49 23 98
14 99897334 0 1 0 1 9 11 56 59 20 115
14 99897335 0 1 0 1 10 11 54 56 21 110
14 99910378 0 1 0 1 12 19 83 51 31 134
14 99914611 0 1 0 1 12 16 79 82 28 161
14 99938014 0 1 0 1 16 29 131 112 45 243
14 99939856 0 1 0 1 12 20 84 80 32 164
14 100126622 0 1 0 1 10 6 52 43 16 95
14 100128941 0 1 0 1 5 14 38 37 19 75
14 100132827 0 1 0 1 7 5 38 45 12 83
14 100141023 0 1 0 1 17 16 51 53 33 104
14 100141937 0 1 0 1 7 5 38 35 12 73
14 100146756 0 1 0 1 32 32 104 145 64 249
14 100148868 0 1 0 1 14 14 33 63 28 96
14 100149624 0 1 0 1 51 41 177 244 92 421
14 100159565 0 1 0 1 33 32 165 137 65 302
14 100239701 0 1 0 1 29 36 197 157 65 354
14 100274750 0 1 0 0 3 31 0 129 34 129
14 100365638 0 1 0 0 2 15 0 88 17 88
14 100568361 0 1 0 0 2 15 0 64 17 64
14 100834675 0 1 0 1 22 21 88 116 43 204
14 100834701 0 1 0 1 25 28 143 117 53 260
14 100834924 0 1 0 1 18 8 59 93 26 152
14 100836463 0 1 0 1 5 5 21 26 10 47
14 100836502 0 1 0 1 3 8 15 22 11 37
14 100845392 0 1 0 1 21 26 97 86 47 183
14 100855175 0 1 0 1 26 30 132 129 56 261
14 100882247 0 1 0 1 54 49 195 251 103 446
14 100882680 0 1 0 1 56 62 276 345 118 621
14 100883117 0 1 0 1 59 92 303 388 151 691
14 100883961 0 1 0 1 36 42 160 177 78 337
14 100911057 0 1 0 0 2 23 0 130 25 130
14 100973552 0 1 0 1 3 12 45 42 15 87
14 101023521 0 1 0 1 16 20 67 94 36 161
14 101025887 0 1 0 1 16 26 79 103 42 182
14 101026211 0 1 0 1 36 20 93 143 56 236
14 101029450 0 1 0 1 6 12 24 36 18 60
14 101029808 0 1 0 1 8 5 38 42 13 80
14 101030237 0 1 0 1 11 12 32 39 23 71
14 101030242 0 1 0 1 10 12 31 37 22 68
14 101032146 0 1 0 1 14 8 47 55 22 102
14 101041390 0 1 0 1 21 16 75 96 37 171
14 101042893 0 1 0 0 2 11 0 80 13 80
14 101046635 0 1 0 1 16 21 76 69 37 145
14 101046637 0 1 0 1 16 21 70 72 37 142
14 101048034 0 1 0 1 18 19 69 96 37 165
14 101048613 0 1 0 1 9 7 31 47 16 78
14 101052423 0 1 0 1 23 13 76 89 36 165
14 101052573 0 1 0 1 25 22 98 112 47 210
14 101056219 0 1 0 1 13 17 92 111 30 203
14 101552580 0 1 0 1 27 37 121 147 64 268
14 101552609 0 1 0 1 28 33 128 169 61 297
14 101552626 0 1 0 1 30 36 121 159 66 280
14 101552820 0 1 0 1 16 14 57 79 30 136
14 101560439 0 1 0 0 2 23 0 93 25 93
14 101678237 0 1 0 1 6 11 25 34 17 59
14 101678303 0 1 0 1 6 6 14 23 12 37
14 101678307 0 1 0 1 5 6 13 20 11 33
14 101730593 0 1 0 1 11 7 21 16 18 37
14 101731357 0 1 0 1 19 17 86 76 36 162
14 101732259 0 1 0 1 8 10 51 48 18 99
14 101732352 0 1 0 1 17 16 75 89 33 164
14 101856659 0 1 0 1 12 20 57 76 32 133
14 101890138 0 1 0 1 16 23 76 80 39 156
14 101892987 0 1 0 1 18 25 73 79 43 152
14 101893152 0 1 0 1 52 53 274 281 105 555
14 101894408 0 1 0 1 21 41 89 103 62 192
14 101894727 0 1 0 1 5 5 30 36 10 66
14 101925240 0 1 0 1 16 18 96 110 34 206
14 101979270 0 1 0 1 7 8 36 15 15 51
14 101985646 0 1 0 1 18 20 95 90 38 185
14 101987778 0 1 0 1 2 8 26 19 10 45
14 101991480 0 1 0 1 10 11 42 29 21 71
14 101994872 0 1 0 1 15 25 120 94 40 214
14 101997070 0 1 0 1 20 29 151 117 49 268
14 101999841 0 1 0 1 17 20 79 78 37 157
14 101999916 0 1 0 1 31 30 129 103 61 232
14 102001510 0 1 0 1 33 47 136 157 80 293
14 102010405 0 1 0 1 21 22 81 104 43 185
14 102019863 0 1 0 1 25 19 106 108 44 214
14 102027424 0 1 0 1 41 44 170 162 85 332
14 102028249 0 1 0 1 5 10 29 30 15 59
14 102029601 0 1 0 1 51 37 187 170 88 357
14 102030015 0 1 0 1 11 10 65 67 21 132
14 102033577 0 1 0 1 15 21 59 60 36 119
14 102033907 0 1 0 1 18 18 70 91 36 161
14 102038501 0 1 0 1 15 16 61 66 31 127
14 102044526 0 1 0 1 50 49 244 218 99 462
14 102044749 0 1 0 0 7 8 0 40 15 40
14 102044755 0 1 0 0 5 9 0 38 14 38
14 102048678 0 1 0 1 14 8 45 57 22 102
14 102081887 0 1 0 1 22 25 126 141 47 267
14 102082047 0 1 0 1 18 21 62 83 39 145
14 102084466 0 1 0 1 23 19 77 88 42 165
14 102086436 0 1 0 1 51 46 193 240 97 433
14 102086438 0 1 0 1 51 47 193 240 98 433
14 102086519 0 1 0 1 17 19 74 81 36 155
14 102101959 0 1 0 1 36 27 120 134 63 254
14 102102030 0 1 0 1 50 33 136 167 83 303
14 102197878 0 1 0 0 2 20 0 114 22 114
14 102209013 0 1 0 1 47 63 269 248 110 517
14 102209902 0 1 0 1 43 29 166 124 72 290
14 102263573 0 1 0 1 12 24 79 95 36 174
14 102359368 0 1 0 0 2 11 0 59 13 59
14 102376702 0 1 0 1 32 32 134 187 64 321
14 102414986 0 1 0 1 9 9 37 30 18 67
14 102425309 0 1 0 1 13 13 65 79 26 144
14 102428222 0 1 0 1 6 5 13 19 11 32
14 102431621 0 1 0 1 6 4 19 33 10 52
14 102432026 0 1 0 1 19 22 67 85 41 152
14 102434431 0 1 0 1 45 35 170 209 80 379
14 102437842 0 1 0 1 5 8 15 17 13 32
14 102446054 0 1 0 1 17 18 68 84 35 152
14 102446057 0 1 0 1 17 16 66 72 33 138
14 102449567 0 1 0 1 15 28 67 91 43 158
14 102449981 0 1 0 1 12 10 54 73 22 127
14 102452710 0 1 0 1 6 7 29 20 13 49
14 102506738 0 1 1 1 9 7 31 8 16 39
14 102797451 0 1 0 1 4 8 18 15 12 33
14 102797474 0 1 0 0 2 8 0 35 10 35
14 102871987 0 1 0 1 37 30 109 133 67 242
14 102875712 0 1 0 1 33 45 168 185 78 353
14 102891266 0 1 0 1 17 9 59 91 26 150
14 102922602 0 1 0 1 14 16 58 83 30 141
14 102922615 0 1 0 1 15 18 57 86 33 143
14 102924046 0 1 0 1 13 18 82 82 31 164
14 102928562 0 1 0 0 2 22 0 132 24 132
14 102930717 0 1 0 0 2 23 0 113 25 113
14 102930718 0 1 0 1 14 9 59 51 23 110
14 102934013 0 1 0 1 8 7 37 58 15 95
14 102939738 0 1 0 1 78 99 341 438 177 779
14 102945498 0 1 0 1 10 5 33 33 15 66
14 102945520 0 1 0 1 5 11 36 37 16 73
14 102945764 0 1 0 1 34 29 159 187 63 346
14 102947956 0 1 0 1 9 4 30 41 13 71
14 102959758 0 1 0 1 9 11 63 89 20 152
14 102963083 0 1 0 1 4 7 30 34 11 64
14 102968402 0 1 0 1 22 30 74 100 52 174
14 102986730 0 1 0 1 7 6 27 34 13 61
14 103109841 0 1 0 1 8 7 34 42 15 76
14 103127613 0 1 0 1 32 52 173 239 84 412
14 103386388 0 1 0 1 52 52 205 216 104 421
14 103412437 0 1 0 1 6 6 22 13 12 35
14 103448889 0 1 0 1 4 9 23 13 13 36
14 103457077 0 1 0 1 8 8 35 50 16 85
14 103457138 0 1 0 1 16 25 84 97 41 181
14 103465977 0 1 0 0 2 22 0 136 24 136
14 103519918 0 1 0 1 5 12 41 57 17 98
14 103521843 0 1 0 1 6 7 46 42 13 88
14 103522010 0 1 0 0 2 19 0 96 21 96
14 103529868 0 1 0 1 12 13 44 39 25 83
14 103530396 0 1 0 1 14 23 64 64 37 128
14 103535180 0 1 0 1 43 34 137 153 77 290
14 103561258 0 1 0 1 5 8 41 35 13 76
14 103561933 0 1 0 1 21 33 85 96 54 181
14 103563041 0 1 0 1 10 18 63 103 28 166
14 103563112 0 1 0 1 20 16 104 66 36 170
14 103563482 0 1 0 1 8 6 40 36 14 76
14 103587427 0 1 0 1 6 11 45 37 17 82
14 103726762 0 1 0 1 37 43 149 180 80 329
14 103727941 0 1 0 1 16 11 92 67 27 159
14 103729273 0 1 0 1 6 8 45 52 14 97
14 103733019 0 1 0 1 46 49 191 235 95 426
14 103733243 0 1 0 1 18 12 47 66 30 113
14 103735967 0 1 0 1 11 13 63 56 24 119
14 103737601 0 1 0 1 10 15 50 79 25 129
14 103746612 0 1 0 1 16 20 52 72 36 124
14 103749648 0 1 0 1 6 4 24 31 10 55
14 103749956 0 1 0 1 22 17 70 96 39 166
14 103753958 0 1 0 1 8 7 27 27 15 54
14 103784939 0 1 0 1 15 13 41 50 28 91
14 103856646 0 1 0 1 7 5 28 18 12 46
14 103912515 0 1 0 1 19 18 76 72 37 148
14 104026249 0 1 0 0 2 14 0 77 16 77
14 104086045 0 1 0 1 5 6 20 38 11 58
14 104093169 0 1 0 1 14 6 42 54 20 96
14 104093215 0 1 0 1 17 9 68 75 26 143
14 104093515 0 1 0 1 21 27 93 185 48 278
14 104093582 0 1 0 1 23 29 74 167 52 241
14 104093585 0 1 0 1 20 30 69 160 50 229
14 104095723 0 1 0 1 19 19 70 101 38 171
14 104152405 0 1 0 1 19 21 77 100 40 177
14 104158005 0 1 0 1 9 4 28 24 13 52
14 104172943 0 1 0 1 8 10 44 35 18 79
14 104173674 0 1 0 1 12 15 57 71 27 128
14 104174144 0 1 0 1 13 24 76 61 37 137
14 104175275 0 1 0 1 38 36 200 212 74 412
14 104175455 0 1 0 1 45 31 135 120 76 255
14 104176085 0 1 0 1 32 42 186 198 74 384
14 104177072 0 1 0 1 29 30 95 182 59 277
14 104177384 0 1 0 1 32 44 160 137 76 297
14 104177522 0 1 0 1 18 25 91 74 43 165
14 104177762 0 1 0 1 18 25 89 77 43 166
14 104177810 0 1 0 1 12 11 64 73 23 137
14 104180502 0 1 0 1 6 6 20 24 12 44
14 104180887 0 1 0 1 7 3 29 25 10 54
14 104451217 0 1 0 0 2 17 0 100 19 100
14 104588967 0 1 0 1 12 10 62 39 22 101
14 104591611 0 1 0 1 12 5 54 33 17 87
14 104593236 0 1 0 1 9 5 45 35 14 80
14 104593687 0 1 0 1 13 15 68 69 28 137
14 104593692 0 1 0 1 16 12 57 68 28 125
14 104594295 0 1 0 1 41 55 170 171 96 341
14 104596916 0 1 0 1 16 16 65 75 32 140
14 104683936 0 1 0 1 7 8 45 48 15 93
14 104703666 0 1 0 1 6 8 25 22 14 47
14 104703826 0 1 0 1 15 15 67 87 30 154
14 104703838 0 1 0 1 15 13 68 87 28 155
14 104703885 0 1 0 1 15 22 69 98 37 167
14 104711752 0 1 0 1 7 7 45 50 14 95
14 104711761 0 1 0 1 5 7 40 50 12 90
14 104711816 0 1 0 1 3 6 29 24 9 53
14 104712744 0 1 0 1 23 13 72 49 36 121
14 104713660 0 1 0 0 2 20 0 88 22 88
14 104714057 0 1 0 1 8 8 41 30 16 71
14 104729898 0 1 0 1 7 11 55 38 18 93
14 104730028 0 1 0 1 13 9 75 78 22 153
14 104735259 0 1 0 1 7 10 30 34 17 64
14 104735276 0 1 0 1 4 6 26 36 10 62
14 104739835 0 1 0 1 21 22 74 97 43 171
14 104740703 0 1 0 1 66 58 249 292 124 541
14 104740797 0 1 0 1 58 55 195 192 113 387
14 104741700 0 1 0 1 7 14 48 48 21 96
14 104745089 0 1 0 1 7 7 32 32 14 64
14 104746062 0 1 0 1 5 9 25 14 14 39
14 104747006 0 1 0 1 18 29 107 129 47 236
14 104753130 0 1 0 1 9 9 42 59 18 101
14 104753581 0 1 0 1 7 6 42 64 13 106
14 104753639 0 1 0 1 17 13 76 87 30 163
14 104753873 0 1 0 1 29 19 100 114 48 214
14 104756823 0 1 0 1 18 27 112 101 45 213
14 104757120 0 1 0 1 8 7 20 38 15 58
14 104757188 0 1 0 1 17 9 58 70 26 128
14 104757516 0 1 0 1 11 12 42 56 23 98
14 104759283 0 1 0 1 21 21 96 120 42 216
14 104772855 0 1 0 1 9 8 24 28 17 52
14 104775041 0 1 0 1 26 18 95 125 44 220
14 104775891 0 1 0 1 14 23 100 63 37 163
14 104776489 0 1 0 1 10 8 33 33 18 66
14 104776629 0 1 0 1 26 40 163 141 66 304
14 104806634 0 1 0 1 6 8 7 29 14 36
14 104806641 0 1 0 0 2 9 0 38 11 38
14 104868712 0 1 0 1 8 4 21 24 12 45
14 104876509 0 1 0 1 5 6 24 17 11 41
14 104877956 0 1 0 1 29 18 148 88 47 236
14 104877981 0 1 0 1 28 21 141 85 49 226
14 104878010 0 1 0 1 24 20 120 71 44 191
14 104878082 0 1 0 1 9 10 75 35 19 110
14 104878231 0 1 0 1 9 5 40 34 14 74
14 104878266 0 1 0 1 9 11 61 45 20 106
14 104878424 0 1 0 1 40 47 215 204 87 419
14 104878698 0 1 0 1 7 6 16 19 13 35
14 104882883 0 1 0 1 12 14 61 42 26 103
14 104883051 0 1 0 1 15 41 77 106 56 183
14 104883540 0 1 0 1 15 11 59 41 26 100
14 104883549 0 1 0 1 15 11 50 43 26 93
14 104883554 0 1 0 1 14 10 46 36 24 82
14 104883560 0 1 0 1 12 11 43 37 23 80
14 104883898 0 1 0 1 12 17 77 80 29 157
14 104889917 0 1 0 1 2 10 27 20 12 47
14 104944816 0 1 0 1 73 89 386 418 162 804
14 104946703 0 1 0 1 85 60 361 356 145 717
14 104949883 0 1 0 1 142 134 519 590 276 1109
14 104950948 0 1 0 1 25 33 89 105 58 194
14 104951938 0 1 0 1 61 68 303 327 129 630
14 104989540 0 1 0 1 11 18 57 44 29 101
14 104992807 0 1 0 1 5 12 46 51 17 97
14 105146548 0 1 0 1 62 51 292 213 113 505
14 105149311 0 1 0 1 16 24 90 91 40 181
14 105172838 0 1 0 1 8 6 28 15 14 43
14 105228993 0 1 0 1 28 33 93 126 61 219
14 105249178 0 1 0 1 11 34 61 175 45 236
14 105249697 0 1 0 1 45 43 189 205 88 394
14 105256389 0 1 0 1 28 32 140 186 60 326
14 105256639 0 1 0 1 3 10 25 18 13 43
14 105300568 0 1 0 0 2 17 0 89 19 89
14 105300922 0 1 0 0 2 19 0 80 21 80
14 105367047 0 1 0 0 2 22 0 89 24 89
14 105380903 0 1 0 1 20 16 79 68 36 147
14 105385037 0 1 0 1 8 7 30 16 15 46
14 105385889 0 1 0 1 5 11 44 42 16 86
14 105438599 0 1 0 0 2 21 0 102 23 102
14 105450460 0 1 0 1 8 9 31 37 17 68
14 105461096 0 1 0 1 6 7 28 26 13 54
14 105467387 0 1 0 0 2 23 0 172 25 172
14 105528858 0 1 0 0 2 21 0 134 23 134
14 105587771 0 1 0 1 42 44 201 184 86 385
14 105624509 0 1 0 1 17 20 105 73 37 178
14 105624992 0 1 0 1 98 103 365 411 201 776
14 105625167 0 1 0 1 65 64 309 349 129 658
14 105625218 0 1 0 1 85 75 354 395 160 749
14 105625360 0 1 0 1 107 100 532 633 207 1165
14 105643292 0 1 0 1 2 13 7 76 15 83
14 105662029 0 1 0 1 2 9 14 34 11 48
14 105662030 0 1 0 1 2 8 14 34 10 48
14 105662037 0 1 0 1 9 4 22 31 13 53
14 105662040 0 1 0 1 9 5 22 31 14 53
14 105662072 0 1 0 1 2 13 22 39 15 61
14 105668335 0 1 0 1 13 8 71 34 21 105
14 105668389 0 1 0 1 4 21 19 82 25 101
14 105668401 0 1 0 1 2 19 16 89 21 105
14 105706994 0 1 0 1 6 5 28 26 11 54
14 105707453 0 1 0 1 75 84 233 374 159 607
14 105721708 0 1 0 1 20 24 67 68 44 135
14 105721893 0 1 0 1 45 67 201 250 112 451
14 105721972 0 1 0 1 57 69 221 255 126 476
14 105741596 0 1 0 1 21 20 55 86 41 141
14 105741745 0 1 0 1 50 51 145 227 101 372
14 105741749 0 1 0 1 56 54 153 212 110 365
14 105742694 0 1 0 1 8 8 17 25 16 42
14 105742952 0 1 0 1 17 21 71 69 38 140
14 105763285 0 1 0 1 3 10 27 16 13 43
14 105763312 0 1 0 1 4 10 10 30 14 40
14 105769167 0 1 1 1 3 9 24 4 12 28
14 105769191 0 1 1 1 7 12 36 1 19 37
14 105769198 0 1 1 1 8 14 37 1 22 38
14 105769230 0 1 0 0 12 19 0 46 31 46
14 105769232 0 1 0 0 15 20 0 46 35 46
14 105769249 0 1 0 1 4 34 7 37 38 44
14 105769277 0 1 1 1 6 30 23 1 36 24
14 105863709 0 1 1 1 15 15 89 1 30 90
14 105893469 0 1 0 0 13 24 0 78 37 78
14 105893470 0 1 0 0 11 23 0 81 34 81
14 105897829 0 1 0 0 17 13 1 55 30 56
14 105902746 0 1 0 0 14 9 1 43 23 44
14 105902756 0 1 0 0 10 9 0 40 19 40
14 105903477 0 1 0 0 22 23 0 109 45 109
14 105903676 0 1 0 0 23 32 3 133 55 136
14 105904745 0 1 0 0 14 20 0 67 34 67
14 105909692 0 1 0 0 13 11 0 58 24 58
14 105909696 0 1 0 0 12 12 0 53 24 53
14 105909779 0 1 0 0 30 31 0 117 61 117
14 105910285 0 1 0 0 23 24 0 106 47 106
14 105912950 0 1 0 0 14 10 0 37 24 37
14 105912972 0 1 0 0 14 11 0 42 25 42
14 105916828 0 1 0 0 25 29 0 115 54 115
14 105919353 0 1 0 0 6 9 0 75 15 75
14 105919363 0 1 0 0 2 13 0 80 15 80
14 105919374 0 1 0 0 6 13 0 93 19 93
14 105919375 0 1 0 0 5 14 0 93 19 93
14 105919386 0 1 0 0 10 15 0 100 25 100
14 105919473 0 1 0 0 28 26 0 141 54 141
14 105921312 0 1 0 0 34 27 0 102 61 102
14 105970991 0 1 0 0 17 13 0 61 30 61
14 105986541 0 1 0 0 41 33 1 138 74 139
14 105986582 0 1 0 0 13 115 0 200 128 200
14 105986611 0 1 0 0 19 141 0 268 160 268
14 105986623 0 1 0 0 20 162 0 303 182 303
14 105986679 0 1 0 0 158 94 5 415 252 420
14 105986725 0 1 0 0 82 227 4 414 309 418
14 105986757 0 1 0 0 85 202 4 389 287 393
14 105986787 0 1 0 0 45 180 2 323 225 325
14 105986887 0 1 0 0 23 141 0 260 164 260
14 106004946 0 1 0 0 7 6 0 38 13 38
14 106005119 0 1 0 0 48 70 3 270 118 273
14 106005124 0 1 0 0 51 66 4 287 117 291
14 106005204 0 1 0 0 91 121 3 441 212 444
14 106005239 0 1 0 0 98 106 3 460 204 463
14 106005446 0 1 0 0 54 45 0 191 99 191
14 106005540 0 1 0 0 31 25 0 84 56 84
14 106011839 0 1 0 0 5 7 0 38 12 38
14 106011840 0 1 0 0 5 8 0 39 13 39
14 106012330 0 1 0 0 20 27 3 109 47 112
14 106025536 0 1 0 0 2 10 0 50 12 50
14 106025540 0 1 0 0 2 12 0 50 14 50
14 106038279 0 1 0 0 11 125 2 294 136 296
14 106055202 0 1 1 1 5 9 33 0 14 33
14 106061942 0 1 1 1 8 13 23 0 21 23
14 106061987 0 1 0 0 15 8 0 39 23 39
14 106061995 0 1 0 0 4 22 0 45 26 45
14 106062058 0 1 0 0 15 21 0 51 36 51
14 106062066 0 1 1 1 17 16 37 0 33 37
14 106062072 0 1 1 1 17 21 33 0 38 33
14 106062074 0 1 1 1 17 21 37 0 38 37
14 106062169 0 1 0 0 41 55 3 183 96 186
14 106062316 0 1 1 1 70 54 278 2 124 280
14 106062489 0 1 1 1 43 27 212 3 70 215
14 106062599 0 1 0 0 33 45 3 173 78 176
14 106062681 0 1 1 1 19 15 70 1 34 71
14 106116580 0 1 0 1 7 18 39 61 25 100
14 106116768 0 1 0 0 12 75 0 289 87 289
14 106116963 0 1 0 0 38 42 4 173 80 177
14 106145781 0 1 1 1 6 8 39 0 14 39
14 106146117 0 1 1 1 21 15 77 0 36 77
14 106174333 0 1 0 0 30 22 0 102 52 102
14 106174498 0 1 0 0 46 29 0 166 75 166
14 106196742 0 1 0 0 63 40 0 315 103 315
14 106210839 0 1 0 0 13 12 0 54 25 54
14 106210898 0 1 0 0 18 23 0 89 41 89
14 106210949 0 1 0 0 45 35 0 142 80 142
14 106210968 0 1 0 0 17 91 0 193 108 193
14 106211055 0 1 0 0 43 161 0 380 204 380
14 106211059 0 1 0 0 41 155 0 383 196 383
14 106211069 0 1 0 0 45 156 0 377 201 377
14 106211085 0 1 0 0 38 143 0 356 181 356
14 106211100 0 1 0 0 37 134 0 328 171 328
14 106211118 0 1 0 0 28 130 0 287 158 287
14 106211128 0 1 0 0 16 132 0 285 148 285
14 106211129 0 1 0 0 16 125 0 277 141 277
14 106211134 0 1 0 0 18 129 0 272 147 272
14 106211435 0 1 0 0 5 32 0 92 37 92
14 106234934 0 1 0 0 12 11 0 53 23 53
14 106268545 0 1 1 1 33 21 128 1 54 129
14 106301947 0 1 0 0 25 19 2 90 44 92
14 106324377 0 1 0 0 63 86 4 394 149 398
14 106324577 0 1 0 1 13 67 29 149 80 178
14 106324594 0 1 0 1 12 67 28 144 79 172
14 106331106 0 1 0 0 4 15 0 29 19 29
14 106331128 0 1 0 0 4 18 0 40 22 40
14 106331129 0 1 0 0 4 17 0 39 21 39
14 106331142 0 1 0 0 4 21 0 46 25 46
14 106335196 0 1 0 0 86 168 3 374 254 377
14 106335208 0 1 0 0 87 171 3 381 258 384
14 106349219 0 1 0 0 12 23 0 72 35 72
14 106349221 0 1 0 0 14 25 0 77 39 77
14 106349288 0 1 1 1 47 21 93 0 68 93
14 106349318 0 1 1 1 55 39 131 6 94 137
14 106349354 0 1 1 1 62 58 166 6 120 172
14 106349358 0 1 1 1 76 55 181 0 131 181
14 106349375 0 1 1 1 81 66 191 5 147 196
14 106349417 0 1 1 1 104 59 229 0 163 229
14 106349419 0 1 1 1 99 61 224 0 160 224
14 106349456 0 1 1 1 109 64 231 0 173 231
14 106349457 0 1 1 1 101 66 214 30 167 244
14 106349462 0 1 1 1 109 69 234 34 178 268
14 106349478 0 1 1 1 121 63 280 0 184 280
14 106349515 0 1 1 1 84 54 216 0 138 216
14 106349557 0 1 1 1 32 45 87 0 77 87
14 106349561 0 1 1 1 25 42 68 0 67 68
14 106349578 0 1 1 1 23 37 63 0 60 63
14 106349609 0 1 1 1 26 29 54 4 55 58
14 106349626 0 1 1 1 27 29 66 0 56 66
14 106349771 0 1 1 1 13 13 24 3 26 27
14 106349805 0 1 1 1 12 7 32 0 19 32
14 106349834 0 1 1 1 13 7 24 0 20 24
14 106403054 0 1 0 1 15 12 76 79 27 155
14 106470092 0 1 0 0 2 11 0 54 13 54
14 106470098 0 1 0 0 2 14 0 60 16 60
14 106470099 0 1 0 0 2 12 0 61 14 61
14 106470101 0 1 0 0 2 14 0 61 16 61
14 106470102 0 1 0 0 2 15 0 67 17 67
14 106470125 0 1 0 0 6 20 0 90 26 90
14 106470154 0 1 0 0 6 27 0 127 33 127
14 106470162 0 1 0 0 6 27 0 141 33 141
14 106470164 0 1 0 0 6 29 0 143 35 143
14 106470166 0 1 0 0 6 29 0 144 35 144
14 106470167 0 1 0 0 6 28 0 146 34 146
14 106470185 0 1 0 0 7 30 0 170 37 170
14 106470842 0 1 0 0 3 19 0 101 22 101
14 106484225 0 1 0 1 5 17 52 43 22 95
14 106511086 0 1 0 0 6 58 1 302 64 303
14 106511104 0 1 0 0 7 70 1 363 77 364
14 106511115 0 1 0 0 11 84 0 392 95 392
14 106511175 0 1 0 0 19 141 0 683 160 683
14 106511183 0 1 0 0 18 148 0 707 166 707
14 106511189 0 1 0 0 18 162 0 722 180 722
14 106537634 0 1 0 1 6 7 32 45 13 77
14 106537669 0 1 0 1 7 10 38 59 17 97
14 106537731 0 1 0 1 9 24 35 95 33 130
14 106537796 0 1 0 1 6 41 34 194 47 228
14 106537827 0 1 0 1 24 51 45 229 75 274
14 106537884 0 1 0 1 33 98 143 341 131 484
14 106537943 0 1 0 1 52 91 233 366 143 599
14 106538007 0 1 0 1 21 45 82 290 66 372
14 106538008 0 1 0 1 18 46 77 284 64 361
14 106538009 0 1 0 1 18 44 79 280 62 359
14 106538013 0 1 0 1 18 43 76 272 61 348
14 106538061 0 1 0 1 27 46 118 199 73 317
14 106556917 0 1 0 1 13 16 81 66 29 147
14 106557129 0 1 0 1 51 41 228 257 92 485
14 106565708 0 1 0 1 7 8 23 34 15 57
14 106579121 0 1 0 1 32 38 119 132 70 251
14 106579222 0 1 0 1 25 27 123 88 52 211
14 106586538 0 1 0 1 24 47 138 205 71 343
14 106592521 0 1 0 1 9 8 42 28 17 70
14 106592660 0 1 0 1 22 19 136 168 41 304
14 106592662 0 1 0 1 23 22 141 174 45 315
14 106592891 0 1 0 1 20 88 83 366 108 449
14 106592935 0 1 0 1 9 61 24 206 70 230
14 106592950 0 1 0 1 15 40 53 140 55 193
14 106592994 0 1 0 1 9 52 39 201 61 240
14 106593002 0 1 0 1 9 54 38 199 63 237
14 106593020 0 1 0 1 11 55 43 206 66 249
14 106593055 0 1 0 1 23 49 90 193 72 283
14 106593086 0 1 0 1 34 39 109 163 73 272
14 106622553 0 1 0 1 85 96 393 365 181 758
14 106622776 0 1 0 1 49 32 223 173 81 396
14 106627081 0 1 0 1 4 10 15 82 14 97
14 106627121 0 1 0 1 7 18 21 79 25 100
14 106627133 0 1 0 1 8 20 25 80 28 105
14 106627169 0 1 0 1 4 26 34 112 30 146
14 106627183 0 1 0 1 4 33 36 124 37 160
14 106627185 0 1 0 1 5 38 33 129 43 162
14 106627187 0 1 0 1 5 37 34 131 42 165
14 106627206 0 1 0 1 9 37 50 168 46 218
14 106627215 0 1 0 0 4 46 0 227 50 227
14 106627281 0 1 0 1 28 58 32 266 86 298
14 106627384 0 1 0 1 47 140 62 528 187 590
14 106627385 0 1 0 1 47 140 59 517 187 576
14 106627393 0 1 0 1 47 140 62 536 187 598
14 106627394 0 1 0 1 47 141 61 521 188 582
14 106627419 0 1 0 0 56 154 39 559 210 598
14 106627421 0 1 0 0 54 156 40 570 210 610
14 106627583 0 1 0 1 9 64 36 223 73 259
14 106627586 0 1 0 1 10 68 36 221 78 257
14 106627597 0 1 0 1 13 61 35 220 74 255
14 106627628 0 1 0 1 7 41 30 151 48 181
14 106627657 0 1 0 1 8 33 26 134 41 160
14 106627720 0 1 0 1 8 9 32 84 17 116
14 106631280 0 1 0 1 7 41 21 241 48 262
14 106631284 0 1 0 1 25 28 112 153 53 265
14 106631326 0 1 0 1 10 49 38 299 59 337
14 106631364 0 1 0 1 31 43 143 197 74 340
14 106631371 0 1 0 1 12 57 49 296 69 345
14 106631380 0 1 0 1 11 52 46 286 63 332
14 106631387 0 1 0 1 23 36 140 180 59 320
14 106631392 0 1 0 1 9 56 40 278 65 318
14 106631568 0 1 0 1 25 17 119 104 42 223
14 106631573 0 1 0 1 27 17 126 99 44 225
14 106639148 0 1 0 1 6 31 46 131 37 177
14 106639151 0 1 0 1 15 26 56 129 41 185
14 106639240 0 1 0 0 13 85 17 430 98 447
14 106639254 0 1 0 1 34 73 184 299 107 483
14 106639255 0 1 0 1 35 68 183 298 103 481
14 106639262 0 1 0 0 16 88 28 470 104 498
14 106639263 0 1 0 1 36 74 191 313 110 504
14 106639264 0 1 0 1 36 72 198 314 108 512
14 106639280 0 1 0 0 21 96 40 552 117 592
14 106639289 0 1 0 1 37 80 233 344 117 577
14 106639291 0 1 0 1 41 80 232 343 121 575
14 106639293 0 1 0 0 22 97 42 559 119 601
14 106639298 0 1 0 0 21 104 43 567 125 610
14 106639321 0 1 0 1 74 60 342 300 134 642
14 106639333 0 1 0 1 74 57 311 284 131 595
14 106639372 0 1 0 1 41 45 166 193 86 359
14 106639373 0 1 0 1 40 45 165 188 85 353
14 106639459 0 1 0 1 18 43 54 149 61 203
14 106639462 0 1 0 1 17 43 53 147 60 200
14 106639473 0 1 0 1 13 33 53 139 46 192
14 106639481 0 1 0 1 15 25 60 128 40 188
14 106639548 0 1 0 1 13 22 54 97 35 151
14 106639611 0 1 1 1 9 7 53 8 16 61
14 106643021 0 1 0 1 10 10 54 46 20 100
14 106643039 0 1 0 1 16 10 66 58 26 124
14 106643049 0 1 0 1 18 16 66 60 34 126
14 106643129 0 1 0 1 25 27 100 118 52 218
14 106643144 0 1 0 1 18 32 111 134 50 245
14 106643153 0 1 0 1 18 32 120 139 50 259
14 106643154 0 1 0 1 19 31 124 139 50 263
14 106643159 0 1 0 1 22 33 134 152 55 286
14 106643259 0 1 0 1 56 60 239 226 116 465
14 106643290 0 1 0 1 45 45 204 201 90 405
14 106643302 0 1 0 1 43 47 182 198 90 380
14 106643304 0 1 0 1 40 43 178 203 83 381
14 106643325 0 1 0 1 41 39 186 188 80 374
14 106643390 0 1 0 1 30 42 153 164 72 317
14 106643400 0 1 0 1 26 38 143 154 64 297
14 106643447 0 1 0 1 21 39 117 164 60 281
14 106643448 0 1 0 1 19 39 106 165 58 271
14 106643477 0 1 0 1 27 45 141 186 72 327
14 106643497 0 1 0 1 21 38 151 178 59 329
14 106643499 0 1 0 1 24 34 153 179 58 332
14 106643508 0 1 0 1 24 35 158 182 59 340
14 106643555 0 1 0 1 14 47 114 186 61 300
14 106643556 0 1 0 1 14 43 115 185 57 300
14 106643616 0 1 0 1 12 35 74 112 47 186
14 106643639 0 1 0 1 10 30 45 73 40 118
14 106643712 0 1 0 1 3 7 14 45 10 59
14 106657616 0 1 0 1 10 10 55 44 20 99
14 106657619 0 1 0 1 11 11 55 48 22 103
14 106657624 0 1 0 1 12 10 54 54 22 108
14 106657835 0 1 0 1 47 81 334 338 128 672
14 106657993 0 1 0 1 44 50 244 225 94 469
14 106658177 0 1 0 1 27 28 175 158 55 333
14 106666157 0 1 0 1 19 21 118 105 40 223
14 106666170 0 1 0 1 19 19 131 121 38 252
14 106666292 0 1 0 1 24 26 140 126 50 266
14 106675148 0 1 0 1 28 72 160 390 100 550
14 106675230 0 1 0 1 20 61 134 284 81 418
14 106675274 0 1 0 1 21 62 122 283 83 405
14 106675284 0 1 0 1 24 69 123 300 93 423
14 106675333 0 1 0 1 28 66 108 302 94 410
14 106675341 0 1 0 1 31 67 112 298 98 410
14 106675359 0 1 0 1 31 63 114 302 94 416
14 106675378 0 1 0 1 30 58 102 299 88 401
14 106675380 0 1 0 1 32 59 105 302 91 407
14 106675394 0 1 0 1 33 58 128 296 91 424
14 106680831 0 1 0 1 49 39 201 188 88 389
14 106680856 0 1 0 1 40 38 186 178 78 364
14 106703843 0 1 0 1 8 20 58 64 28 122
14 106704126 0 1 0 0 2 20 0 118 22 118
14 106714576 0 1 0 0 3 33 0 141 36 141
14 106714577 0 1 0 0 3 34 0 145 37 145
14 106714581 0 1 0 0 4 39 0 161 43 161
14 106714594 0 1 0 0 7 53 0 196 60 196
14 106714620 0 1 0 0 8 60 0 209 68 209
14 106714639 0 1 0 0 6 62 0 231 68 231
14 106714640 0 1 0 0 6 62 0 234 68 234
14 106714653 0 1 0 0 6 65 0 241 71 241
14 106714808 0 1 0 1 56 63 308 282 119 590
14 106714815 0 1 0 1 54 62 292 267 116 559
14 106714830 0 1 0 1 44 50 251 229 94 480
14 106714881 0 1 0 1 27 37 160 145 64 305
14 106715026 0 1 0 0 2 18 0 79 20 79
14 106715030 0 1 0 0 2 16 0 79 18 79
14 106715042 0 1 0 0 3 13 0 67 16 67
14 106715052 0 1 0 0 2 10 0 60 12 60
14 106715055 0 1 0 0 2 11 0 62 13 62
14 106715056 0 1 0 0 2 11 0 61 13 61
14 106723768 0 1 0 1 40 57 245 275 97 520
14 106762436 0 1 0 0 4 21 0 91 25 91
14 106762452 0 1 0 0 6 19 0 89 25 89
14 106762465 0 1 0 0 6 20 0 88 26 88
14 106762466 0 1 0 0 6 20 0 90 26 90
14 106762485 0 1 0 0 5 26 0 98 31 98
14 106762512 0 1 0 0 4 23 0 119 27 119
14 106762536 0 1 0 0 6 23 0 135 29 135
14 106762554 0 1 0 0 6 22 0 140 28 140
14 106762555 0 1 0 0 6 23 0 137 29 137
14 106762560 0 1 0 0 5 22 0 147 27 147
14 106762568 0 1 0 0 6 17 0 129 23 129
14 106762569 0 1 0 0 6 16 0 128 22 128
14 106762570 0 1 0 0 6 15 0 125 21 125
14 106762573 0 1 0 1 7 14 67 57 21 124
14 106762582 0 1 0 0 6 13 0 119 19 119
14 106762583 0 1 0 0 6 12 0 115 18 115
14 106762609 0 1 0 0 6 7 0 73 13 73
14 106762619 0 1 0 0 4 6 0 56 10 56
14 106775438 0 1 0 1 19 14 112 107 33 219
14 106790636 0 1 0 1 10 14 67 62 24 129
14 106790663 0 1 0 1 16 22 81 88 38 169
14 106802973 0 1 0 1 33 44 195 158 77 353
14 106810329 0 1 0 1 20 18 80 80 38 160
14 106867751 0 1 0 1 9 6 25 28 15 53
14 106872645 0 1 0 1 3 7 21 28 10 49
14 106872714 0 1 0 1 7 5 35 28 12 63
14 106872731 0 1 0 0 2 9 0 66 11 66
14 106872984 0 1 0 1 25 20 122 95 45 217
14 106874941 0 1 0 1 20 21 120 132 41 252
14 106874947 0 1 0 1 19 21 104 119 40 223
14 106874951 0 1 0 1 22 22 103 116 44 219
