chr pos bloodGT1 bloodGT2 tumorGT1 tumorGT2 AN BN AT BT sN sT
21 8228746 0 1 0 1 4 11 35 77 15 112
21 8228804 0 1 0 1 3 10 13 55 13 68
21 8230435 0 1 0 1 2 14 14 51 16 65
21 8420217 0 1 0 1 2 11 6 56 13 62
21 8761252 0 1 0 1 4 8 16 46 12 62
21 8761269 0 1 0 1 2 8 13 50 10 63
21 9034922 0 1 0 1 4 13 20 59 17 79
21 9034955 0 1 0 1 2 16 8 76 18 84
21 9034975 0 1 0 1 2 18 8 78 20 86
21 9034982 0 1 0 1 5 15 17 73 20 90
21 9034989 0 1 0 1 3 19 10 79 22 89
21 9035009 0 1 0 1 2 17 10 77 19 87
21 9035033 0 1 0 1 4 9 13 38 13 51
21 9068281 0 1 0 1 20 13 62 52 33 114
21 9068389 0 1 0 1 50 35 211 160 85 371
21 9068438 0 1 0 1 86 73 436 313 159 749
21 9068512 0 1 0 1 171 101 728 415 272 1143
21 9068542 0 1 0 1 130 70 592 317 200 909
21 9068551 0 1 0 1 120 61 578 301 181 879
21 9068564 0 1 0 1 111 58 513 272 169 785
21 9068583 0 1 0 1 86 45 397 187 131 584
21 9068759 0 1 0 1 4 8 49 23 12 72
21 9069319 0 1 0 1 2 13 7 51 15 58
21 9071517 0 1 1 1 9 8 57 5 17 62
21 9073118 0 1 0 1 8 9 25 28 17 53
21 9073148 0 1 0 1 8 13 38 28 21 66
21 9073163 0 1 0 1 2 22 9 69 24 78
21 9073176 0 1 0 1 13 15 53 45 28 98
21 9073209 0 1 0 1 13 18 60 69 31 129
21 9073251 0 1 0 1 14 14 49 71 28 120
21 9073265 0 1 0 1 13 15 61 70 28 131
21 9073273 0 1 0 1 12 15 52 67 27 119
21 9073284 0 1 0 1 12 13 50 53 25 103
21 9073305 0 1 0 1 13 9 46 35 22 81
21 9248852 0 1 0 1 4 13 4 38 17 42
21 9248853 0 1 0 1 3 15 8 35 18 43
21 9248868 0 1 0 1 4 19 5 49 23 54
21 9248873 0 1 0 1 2 23 12 55 25 67
21 9248993 0 1 0 1 10 42 28 179 52 207
21 9249060 0 1 0 1 4 30 12 110 34 122
21 9249068 0 1 0 1 3 28 9 91 31 100
21 9375577 0 1 0 0 3 8 0 61 11 61
21 9571249 0 1 0 1 3 15 7 46 18 53
21 9571299 0 1 0 1 8 18 29 48 26 77
21 9571323 0 1 0 1 5 21 25 59 26 84
21 9571334 0 1 0 1 8 20 30 66 28 96
21 9571339 0 1 0 1 10 19 30 68 29 98
21 9571366 0 1 0 1 2 23 10 87 25 97
21 9571386 0 1 0 1 3 17 15 80 20 95
21 9571405 0 1 0 1 3 14 12 74 17 86
21 9571424 0 1 0 1 4 12 17 65 16 82
21 9744383 0 1 0 1 5 4 22 14 9 36
21 9820694 0 1 0 1 2 8 17 24 10 41
21 9820696 0 1 0 1 2 9 15 38 11 53
21 9820698 0 1 0 1 2 9 16 32 11 48
21 9821638 0 1 0 1 6 5 29 14 11 43
21 9821646 0 1 0 1 6 7 16 25 13 41
21 9821659 0 1 0 1 2 10 5 46 12 51
21 9821706 0 1 0 1 4 13 6 57 17 63
21 9821713 0 1 0 1 3 14 7 60 17 67
21 9821722 0 1 0 1 4 11 7 51 15 58
21 9821753 0 1 0 1 2 7 23 29 9 52
21 9821778 0 1 0 1 4 7 11 37 11 48
21 9821784 0 1 1 1 7 3 38 5 10 43
21 9821812 0 1 0 0 2 9 0 46 11 46
21 10270254 0 1 0 0 2 8 0 43 10 43
21 10270277 0 1 0 1 4 7 9 37 11 46
21 10271824 0 1 1 1 7 3 66 13 10 79
21 10271998 0 1 0 1 3 16 27 61 19 88
21 10274013 0 1 0 1 4 11 7 29 15 36
21 10274038 0 1 0 1 4 12 9 33 16 42
21 10274058 0 1 0 1 3 14 8 37 17 45
21 10274102 0 1 0 1 4 6 20 14 10 34
21 10274105 0 1 0 1 3 7 19 15 10 34
21 10274140 0 1 0 1 6 8 36 20 14 56
21 10274149 0 1 0 1 10 8 55 21 18 76
21 10274156 0 1 0 1 4 13 19 58 17 77
21 10274177 0 1 0 1 11 7 59 24 18 83
21 10274196 0 1 0 0 2 18 0 74 20 74
21 10274197 0 1 0 1 10 12 50 21 22 71
21 10274210 0 1 0 1 10 9 45 25 19 70
21 10274215 0 1 0 0 2 17 0 73 19 73
21 10326111 0 1 0 1 4 8 24 43 12 67
21 10326144 0 1 0 1 4 17 22 60 21 82
21 10326156 0 1 0 1 4 15 19 53 19 72
21 10326170 0 1 0 1 3 13 18 47 16 65
21 10330681 0 1 0 1 13 37 46 145 50 191
21 10330758 0 1 0 1 14 30 55 139 44 194
21 10330760 0 1 0 1 14 31 52 144 45 196
21 10330812 0 1 0 1 14 23 83 142 37 225
21 10330869 0 1 0 1 10 22 73 109 32 182
21 10330947 0 1 0 1 10 17 43 84 27 127
21 10331176 0 1 0 1 22 24 76 110 46 186
21 10331432 0 1 0 1 6 36 18 155 42 173
21 10388137 0 1 0 1 4 8 14 20 12 34
21 10388145 0 1 0 1 3 8 18 27 11 45
21 10388258 0 1 0 1 13 14 47 30 27 77
21 10388270 0 1 1 1 12 10 46 14 22 60
21 10388323 0 1 0 1 3 20 9 54 23 63
21 10388343 0 1 0 1 2 16 7 51 18 58
21 10388387 0 1 0 0 2 10 0 45 12 45
21 10397484 0 1 0 1 5 7 22 30 12 52
21 10397502 0 1 0 1 7 10 32 39 17 71
21 10397507 0 1 0 1 9 11 33 39 20 72
21 10397547 0 1 0 1 8 20 27 70 28 97
21 10397564 0 1 0 1 12 16 37 49 28 86
21 10397565 0 1 0 1 12 18 38 48 30 86
21 10397566 0 1 0 1 12 18 39 49 30 88
21 10397696 0 1 0 1 25 16 98 68 41 166
21 10397711 0 1 0 1 6 42 47 132 48 179
21 10397713 0 1 0 1 17 29 54 128 46 182
21 10397729 0 1 0 1 15 39 56 145 54 201
21 10397754 0 1 0 1 19 38 66 175 57 241
21 10397761 0 1 0 1 20 49 77 194 69 271
21 10397774 0 1 0 1 26 53 103 215 79 318
21 10397775 0 1 0 1 11 67 52 266 78 318
21 10397848 0 1 0 1 26 33 110 119 59 229
21 10413594 0 1 0 1 5 17 27 50 22 77
21 10413630 0 1 0 1 10 20 41 93 30 134
21 10413729 0 1 0 1 14 50 64 243 64 307
21 10413734 0 1 0 1 15 48 53 253 63 306
21 10413753 0 1 0 1 16 50 56 227 66 283
21 10413831 0 1 0 1 9 38 65 188 47 253
21 10413875 0 1 0 1 4 32 13 144 36 157
21 10413881 0 1 0 1 4 31 13 128 35 141
21 10414738 0 1 0 1 6 5 16 39 11 55
21 10415652 0 1 0 1 6 8 8 19 14 27
21 10426849 0 1 0 1 4 5 24 26 9 50
21 10426864 0 1 0 1 6 6 29 23 12 52
21 10426897 0 1 0 1 4 9 12 31 13 43
21 10426909 0 1 0 1 2 14 6 48 16 54
21 10427060 0 1 0 1 7 3 23 9 10 32
21 10430132 0 1 0 1 4 6 12 33 10 45
21 10430157 0 1 0 1 3 11 7 42 14 49
21 10430197 0 1 0 1 6 13 10 57 19 67
21 10430236 0 1 0 1 4 15 17 47 19 64
21 10430246 0 1 0 1 8 8 37 23 16 60
21 10430329 0 1 1 1 5 5 27 9 10 36
21 10454108 0 1 0 1 27 30 58 102 57 160
21 10454231 0 1 0 1 28 58 146 130 86 276
21 10454338 0 1 0 1 6 22 41 54 28 95
21 10462629 0 1 0 1 2 9 10 41 11 51
21 10462694 0 1 0 1 13 22 56 87 35 143
21 10462954 0 1 0 1 49 47 200 291 96 491
21 10463053 0 1 0 1 68 30 297 156 98 453
21 10463093 0 1 0 1 8 48 53 256 56 309
21 10463114 0 1 0 1 9 34 42 206 43 248
21 10463230 0 1 0 1 2 8 8 23 10 31
21 10464875 0 1 0 1 3 19 15 127 22 142
21 10465016 0 1 0 1 28 29 129 176 57 305
21 10465086 0 1 0 1 8 22 19 167 30 186
21 10465149 0 1 0 1 13 13 37 50 26 87
21 10465626 0 1 0 1 5 10 4 29 15 33
21 10465681 0 1 0 1 7 6 23 19 13 42
21 10473007 0 1 0 1 29 13 110 80 42 190
21 10473113 0 1 0 1 65 29 245 161 94 406
21 10473159 0 1 0 1 15 66 51 320 81 371
21 10473305 0 1 0 1 31 170 117 677 201 794
21 10473315 0 1 0 1 34 185 119 716 219 835
21 10473378 0 1 0 1 68 239 283 920 307 1203
21 10473500 0 1 0 1 37 299 147 1156 336 1303
21 10473589 0 1 0 1 97 84 340 306 181 646
21 10473614 0 1 0 1 102 50 365 194 152 559
21 10473655 0 1 0 1 35 116 164 385 151 549
21 10473661 0 1 0 1 34 127 88 479 161 567
21 10473735 0 1 0 1 52 19 190 77 71 267
21 10485713 0 1 0 1 4 7 13 30 11 43
21 10491362 0 1 0 1 7 74 22 228 81 250
21 10491419 0 1 0 1 5 56 23 206 61 229
21 10538659 0 1 0 1 32 27 113 133 59 246
21 10538670 0 1 0 1 34 28 124 143 62 267
21 10541004 0 1 0 1 15 42 67 177 57 244
21 10552576 0 1 0 1 6 17 18 89 23 107
21 10552599 0 1 0 1 12 20 34 117 32 151
21 10569419 0 1 0 1 5 55 25 169 60 194
21 10569534 0 1 0 1 11 28 39 141 39 180
21 10569701 0 1 0 1 35 93 88 451 128 539
21 10569856 0 1 0 1 14 44 31 205 58 236
21 10570421 0 1 0 1 6 12 18 57 18 75
21 10577310 0 1 0 1 2 10 5 28 12 33
21 10577341 0 1 0 1 3 10 13 37 13 50
21 10578264 0 1 0 1 5 9 10 37 14 47
21 10589671 0 1 0 1 6 9 13 45 15 58
21 10592390 0 1 0 1 6 31 23 150 37 173
21 10592416 0 1 0 1 7 31 26 150 38 176
21 10592488 0 1 0 1 6 16 19 88 22 107
21 10596164 0 1 0 1 17 18 85 68 35 153
21 10596167 0 1 0 1 4 30 22 126 34 148
21 10596231 0 1 0 1 6 19 13 82 25 95
21 10597862 0 1 0 1 7 12 12 55 19 67
21 10598172 0 1 0 1 13 28 32 121 41 153
21 10602110 0 1 0 1 77 30 323 109 107 432
21 10602117 0 1 0 1 13 102 64 392 115 456
21 10602146 0 1 0 1 56 53 223 199 109 422
21 10602166 0 1 0 1 56 49 221 199 105 420
21 10602204 0 1 0 1 14 64 48 289 78 337
21 10602745 0 1 0 1 2 14 15 52 16 67
21 10602774 0 1 0 1 2 16 14 67 18 81
21 10603690 0 1 0 1 19 49 43 231 68 274
21 10605320 0 1 0 1 4 9 14 70 13 84
21 10613891 0 1 0 1 3 12 10 55 15 65
21 10649302 0 1 0 1 11 94 80 400 105 480
21 10649604 0 1 0 1 209 117 983 687 326 1670
21 10668989 0 1 0 1 2 18 5 29 20 34
21 10692831 0 1 0 1 4 7 22 47 11 69
21 10692881 0 1 0 1 5 11 7 60 16 67
21 10692896 0 1 0 1 9 7 45 20 16 65
21 10716700 0 1 0 1 2 10 3 27 12 30
21 10716825 0 1 0 1 3 17 10 86 20 96
21 10716840 0 1 0 1 3 17 11 86 20 97
21 10716843 0 1 0 1 3 20 9 89 23 98
21 10718280 0 1 1 1 8 5 33 8 13 41
21 10718293 0 1 0 1 3 12 4 45 15 49
21 10718369 0 1 0 1 3 14 8 42 17 50
21 10718376 0 1 0 1 7 3 22 18 10 40
21 10718405 0 1 0 1 13 11 61 44 24 105
21 10718406 0 1 0 1 13 8 57 41 21 98
21 10718435 0 1 1 1 29 10 134 21 39 155
21 10718439 0 1 0 1 4 36 21 138 40 159
21 10718451 0 1 0 1 7 36 25 143 43 168
21 10718476 0 1 0 1 7 42 29 140 49 169
21 10718488 0 1 0 1 6 44 22 163 50 185
21 10718500 0 1 0 1 6 36 14 127 42 141
21 10718532 0 1 0 1 14 21 45 85 35 130
21 10718545 0 1 0 1 6 28 23 96 34 119
21 10718551 0 1 0 1 6 30 21 93 36 114
21 10718572 0 1 0 1 8 15 17 69 23 86
21 10718613 0 1 0 1 5 14 17 56 19 73
21 10718618 0 1 0 1 4 11 13 52 15 65
21 10718620 0 1 0 1 3 15 13 54 18 67
21 10718632 0 1 0 1 4 12 9 43 16 52
21 10718635 0 1 0 1 3 14 7 45 17 52
21 10718658 0 1 0 1 2 10 5 31 12 36
21 10718666 0 1 0 1 2 11 4 24 13 28
21 13051691 0 1 0 1 3 7 5 27 10 32
21 13051721 0 1 0 1 5 11 16 39 16 55
21 13384574 0 1 0 1 18 13 105 77 31 182
21 13526823 0 1 0 1 21 30 67 140 51 207
21 13544175 0 1 0 1 16 9 52 32 25 84
21 13827002 0 1 0 1 6 17 38 74 23 112
21 13827019 0 1 0 1 6 20 48 90 26 138
21 13827076 0 1 0 1 4 18 36 98 22 134
21 13827107 0 1 0 1 5 19 25 86 24 111
21 13827113 0 1 0 1 2 18 11 77 20 88
21 13827115 0 1 0 1 2 19 9 83 21 92
21 13827116 0 1 0 1 2 19 9 81 21 90
21 13827124 0 1 0 1 2 19 9 81 21 90
21 13909532 0 1 0 0 4 7 3 54 11 57
21 13909549 0 1 0 1 3 7 12 45 10 57
21 13909592 0 1 0 1 2 5 10 41 7 51
21 13909601 0 1 0 1 2 9 18 35 11 53
21 13909621 0 1 0 1 2 9 8 35 11 43
21 13933980 0 1 0 1 8 3 45 36 11 81
21 13958155 0 1 0 1 4 8 17 21 12 38
21 13967424 0 1 0 1 10 7 20 15 17 35
21 13979932 0 1 0 1 14 8 51 67 22 118
21 14008197 0 1 0 1 10 10 47 44 20 91
21 14009552 0 1 0 1 11 8 29 19 19 48
21 14012214 0 1 0 1 15 12 43 47 27 90
21 14012241 0 1 0 1 8 12 37 32 20 69
21 14013702 0 1 0 1 5 7 60 53 12 113
21 14014627 0 1 0 1 7 5 14 20 12 34
21 14014629 0 1 0 1 7 6 13 21 13 34
21 14064284 0 1 0 1 4 6 22 20 10 42
21 14064360 0 1 0 1 9 13 47 51 22 98
21 14108836 0 1 0 1 4 10 23 20 14 43
21 14108847 0 1 0 1 3 10 24 20 13 44
21 14108913 0 1 0 1 13 18 57 65 31 122
21 14109044 0 1 0 1 23 18 92 89 41 181
21 14152522 0 1 0 1 18 21 69 77 39 146
21 14182017 0 1 0 1 5 8 22 16 13 38
21 14186025 0 1 0 1 16 18 61 77 34 138
21 14186143 0 1 0 1 11 20 59 73 31 132
21 14189460 0 1 0 1 5 11 32 33 16 65
21 14210899 0 1 0 1 32 28 167 161 60 328
21 14211011 0 1 0 1 15 21 123 111 36 234
21 14274118 0 1 0 1 23 28 111 96 51 207
21 14375865 0 1 0 1 18 15 104 106 33 210
21 14383028 0 1 0 1 24 23 99 136 47 235
21 14512634 0 1 0 1 14 8 68 52 22 120
21 14521246 0 1 0 1 14 12 58 43 26 101
21 14582207 0 1 0 1 37 41 146 170 78 316
21 14582272 0 1 0 1 44 57 182 152 101 334
21 14612543 0 1 0 1 7 14 64 49 21 113
21 14642929 0 1 0 1 4 7 43 37 11 80
21 14967968 0 1 0 1 47 34 130 176 81 306
21 15743206 0 1 0 1 34 31 128 127 65 255
21 15763053 0 1 0 1 14 18 60 72 32 132
21 15826970 0 1 0 1 8 16 52 69 24 121
21 15830461 0 1 0 1 8 15 56 60 23 116
21 15830493 0 1 0 1 11 16 68 72 27 140
21 15831329 0 1 0 1 7 8 22 23 15 45
21 15874699 0 1 0 1 13 6 20 33 19 53
21 17296460 0 1 0 1 6 4 35 28 10 63
21 17296557 0 1 0 1 5 5 20 18 10 38
21 17542052 0 1 0 1 15 7 55 40 22 95
21 17542870 0 1 0 1 11 6 40 31 17 71
21 17542900 0 1 0 1 15 8 47 47 23 94
21 17552030 0 1 0 0 2 11 0 70 13 70
21 17561510 0 1 0 1 32 41 157 144 73 301
21 18294584 0 1 0 1 23 20 90 81 43 171
21 18294593 0 1 0 1 20 24 79 84 44 163
21 18313088 0 1 0 1 11 30 92 116 41 208
21 18315059 0 1 0 1 9 10 47 48 19 95
21 18331979 0 1 0 1 9 6 15 23 15 38
21 18341504 0 1 0 1 33 23 89 90 56 179
21 18344027 0 1 0 0 2 17 0 97 19 97
21 18857643 0 1 0 1 3 7 10 25 10 35
21 18857850 0 1 0 1 13 28 85 131 41 216
21 18857976 0 1 0 1 18 23 87 112 41 199
21 18858054 0 1 0 1 16 21 101 107 37 208
21 18858072 0 1 0 1 20 18 103 114 38 217
21 18858178 0 1 0 1 17 19 96 107 36 203
21 19244974 0 1 0 1 8 8 55 43 16 98
21 19245707 0 1 0 1 18 15 74 79 33 153
21 19245939 0 1 0 1 15 6 70 54 21 124
21 19245968 0 1 0 1 11 7 59 49 18 108
21 21508930 0 1 0 1 7 10 43 31 17 74
21 21537795 0 1 0 1 5 5 19 20 10 39
21 21537802 0 1 0 1 5 5 19 22 10 41
21 23079450 0 1 0 1 9 14 54 35 23 89
21 23102922 0 1 0 1 7 5 27 29 12 56
21 23102962 0 1 0 1 6 4 24 30 10 54
21 23407780 0 1 0 1 7 6 32 16 13 48
21 25741666 0 1 0 0 2 16 0 125 18 125
21 25946103 0 1 0 1 14 7 30 29 21 59
21 25954545 0 1 0 1 12 10 57 56 22 113
21 25955861 0 1 0 1 12 18 73 85 30 158
21 26468474 0 1 0 1 35 27 151 163 62 314
21 26838338 0 1 0 1 17 15 76 79 32 155
21 26840441 0 1 0 1 38 30 124 174 68 298
21 26843740 0 1 0 1 17 16 74 72 33 146
21 26844355 0 1 0 1 24 31 128 137 55 265
21 26924005 0 1 0 1 14 23 100 124 37 224
21 26930036 0 1 0 1 24 28 92 121 52 213
21 26934854 0 1 0 1 9 12 55 64 21 119
21 26965979 0 1 0 1 54 43 250 239 97 489
21 26966104 0 1 0 1 31 50 174 222 81 396
21 26966461 0 1 0 0 2 13 0 55 15 55
21 27143593 0 1 0 1 13 16 59 77 29 136
21 27421010 0 1 0 0 2 14 0 67 16 67
21 28879766 0 1 0 1 19 25 88 57 44 145
21 28901785 0 1 0 1 5 9 32 33 14 65
21 28901876 0 1 0 1 4 11 42 59 15 101
21 28901883 0 1 0 1 4 9 35 51 13 86
21 28903316 0 1 0 1 7 11 47 50 18 97
21 28903383 0 1 0 1 12 17 67 54 29 121
21 28903564 0 1 0 1 11 11 35 38 22 73
21 28903568 0 1 0 1 11 11 40 33 22 73
21 28931363 0 1 0 1 7 3 37 30 10 67
21 28945885 0 1 0 1 6 9 63 78 15 141
21 28946144 0 1 0 1 8 20 56 66 28 122
21 28952322 0 1 0 1 19 20 99 76 39 175
21 28952433 0 1 0 1 16 15 66 52 31 118
21 29581392 0 1 0 0 2 18 0 99 20 99
21 29588811 0 1 0 1 9 5 42 49 14 91
21 29597579 0 1 0 0 2 21 0 125 23 125
21 29601153 0 1 0 1 15 13 45 67 28 112
21 29642978 0 1 0 1 30 27 106 108 57 214
21 29672957 0 1 0 0 2 15 0 90 17 90
21 30430450 0 1 0 1 31 20 155 130 51 285
21 30430841 0 1 0 1 15 11 37 51 26 88
21 30430892 0 1 0 1 9 11 16 27 20 43
21 30440454 0 1 0 1 41 36 177 155 77 332
21 30487358 0 1 0 1 21 19 95 116 40 211
21 30491989 0 1 0 1 47 60 209 281 107 490
21 30496968 0 1 0 1 42 39 183 189 81 372
21 30541681 0 1 0 1 48 32 174 218 80 392
21 30561407 0 1 0 1 30 15 103 101 45 204
21 30592597 0 1 0 1 38 54 181 249 92 430
21 30601023 0 1 0 1 13 10 42 35 23 77
21 30601086 0 1 0 1 18 26 89 96 44 185
21 30601366 0 1 0 1 8 4 30 17 12 47
21 30616337 0 1 0 1 24 25 105 94 49 199
21 30616796 0 1 0 1 7 12 37 29 19 66
21 30616801 0 1 0 1 6 11 32 26 17 58
21 30620460 0 1 0 1 7 5 19 26 12 45
21 30642851 0 1 0 1 17 14 63 56 31 119
21 30741924 0 1 0 1 2 15 26 93 17 119
21 30741934 0 1 0 1 6 22 16 115 28 131
21 30741956 0 1 0 1 11 16 39 91 27 130
21 30741957 0 1 0 1 13 12 52 79 25 131
21 30741969 0 1 0 1 16 17 69 70 33 139
21 30741978 0 1 0 1 4 27 31 117 31 148
21 30741980 0 1 0 1 16 17 74 72 33 146
21 30742019 0 1 0 1 16 16 68 61 32 129
21 30742020 0 1 0 1 16 15 65 65 31 130
21 30742062 0 1 0 1 8 26 51 109 34 160
21 30742072 0 1 0 1 9 27 39 133 36 172
21 30742090 0 1 0 1 14 37 35 185 51 220
21 30742092 0 1 0 1 12 39 67 137 51 204
21 30742109 0 1 0 1 38 19 133 88 57 221
21 30742110 0 1 0 1 37 24 127 90 61 217
21 30742111 0 1 0 1 11 54 38 220 65 258
21 30742122 0 1 0 1 11 48 40 215 59 255
21 30742132 0 1 0 1 9 58 43 219 67 262
21 30742158 0 1 0 1 11 71 50 275 82 325
21 30742162 0 1 0 1 15 66 76 248 81 324
21 30742180 0 1 0 1 7 61 24 254 68 278
21 30742192 0 1 0 1 13 47 46 219 60 265
21 30742200 0 1 0 1 6 44 30 191 50 221
21 30742214 0 1 0 1 20 32 72 147 52 219
21 30742234 0 1 0 1 6 40 26 176 46 202
21 30742246 0 1 0 1 15 22 71 104 37 175
21 30742252 0 1 0 1 3 23 22 131 26 153
21 30742258 0 1 0 1 3 28 14 136 31 150
21 30742272 0 1 0 1 14 13 69 69 27 138
21 30742276 0 1 0 1 4 22 15 112 26 127
21 30742296 0 1 0 1 2 19 8 81 21 89
21 30742298 0 1 0 1 4 22 20 74 26 94
21 30742306 0 1 0 1 5 19 13 73 24 86
21 30742324 0 1 0 1 3 14 21 37 17 58
21 30742335 0 1 0 1 4 9 7 38 13 45
21 30742462 0 1 0 1 3 7 6 30 10 36
21 30742464 0 1 0 1 7 3 19 19 10 38
21 30742486 0 1 0 1 2 14 16 37 16 53
21 30742516 0 1 0 1 4 11 10 41 15 51
21 30829504 0 1 0 1 22 33 105 144 55 249
21 30829517 0 1 0 1 19 36 119 154 55 273
21 30829548 0 1 0 1 24 43 136 181 67 317
21 30829633 0 1 0 1 34 31 142 159 65 301
21 30829787 0 1 0 1 15 21 54 69 36 123
21 30881310 0 1 0 1 54 42 260 250 96 510
21 30881647 0 1 0 1 20 10 59 38 30 97
21 31131190 0 1 0 0 2 19 0 72 21 72
21 31154207 0 1 0 1 22 19 93 93 41 186
21 31165174 0 1 0 1 5 10 40 35 15 75
21 31452787 0 1 0 1 9 5 37 24 14 61
21 31696649 0 1 0 1 13 22 71 81 35 152
21 31696813 0 1 0 1 6 5 24 28 11 52
21 31784778 0 1 0 0 2 17 0 95 19 95
21 31784846 0 1 0 0 2 19 0 103 21 103
21 31998587 0 1 0 1 42 45 222 220 87 442
21 32345681 0 1 0 0 2 14 0 74 16 74
21 32361152 0 1 0 1 2 11 8 35 13 43
21 32361154 0 1 0 1 2 9 12 29 11 41
21 32373597 0 1 0 0 2 22 0 98 24 98
21 32467684 0 1 0 1 5 10 33 45 15 78
21 32467900 0 1 0 1 4 10 28 39 14 67
21 32494970 0 1 0 1 13 16 88 87 29 175
21 32508404 0 1 0 1 4 6 27 29 10 56
21 32576746 0 1 0 1 41 46 174 202 87 376
21 32576749 0 1 0 1 44 45 185 218 89 403
21 32582453 0 1 0 1 23 28 75 94 51 169
21 32584052 0 1 0 1 11 13 47 60 24 107
21 32584269 0 1 0 1 20 18 89 94 38 183
21 32585224 0 1 0 0 2 16 0 62 18 62
21 32585524 0 1 0 1 8 3 30 41 11 71
21 32625156 0 1 0 1 3 8 13 20 11 33
21 32639102 0 1 0 1 12 8 53 60 20 113
21 32645547 0 1 0 1 9 13 43 42 22 85
21 32646127 0 1 0 1 15 17 68 70 32 138
21 32678632 0 1 0 1 14 15 65 91 29 156
21 32683983 0 1 0 1 9 16 43 60 25 103
21 32686897 0 1 0 1 6 9 16 27 15 43
21 32745838 0 1 0 1 6 3 12 19 9 31
21 32756406 0 1 0 1 15 10 36 49 25 85
21 32793553 0 1 0 1 10 8 42 39 18 81
21 32794032 0 1 0 1 68 69 302 248 137 550
21 32796871 0 1 0 1 13 9 62 50 22 112
21 32841958 0 1 0 0 2 9 0 81 11 81
21 33027093 0 1 0 1 55 48 225 251 103 476
21 33230629 0 1 0 1 21 23 91 96 44 187
21 33241950 0 1 0 1 19 22 74 68 41 142
21 33244908 0 1 0 1 9 15 64 63 24 127
21 33245424 0 1 0 1 13 9 56 43 22 99
21 33262760 0 1 0 1 11 10 30 42 21 72
21 33265726 0 1 0 1 5 5 31 20 10 51
21 33266554 0 1 0 1 16 13 60 53 29 113
21 33266749 0 1 0 0 2 8 0 55 10 55
21 33268483 0 1 0 1 15 20 82 91 35 173
21 33288381 0 1 0 1 2 10 22 34 12 56
21 33288406 0 1 0 1 8 8 19 24 16 43
21 33293855 0 1 0 1 5 5 25 19 10 44
21 33294085 0 1 0 1 7 9 44 38 16 82
21 33296671 0 1 0 1 12 5 25 17 17 42
21 33335502 0 1 0 1 7 7 37 46 14 83
21 33353821 0 1 0 1 14 12 60 56 26 116
21 33421399 0 1 0 1 13 9 32 44 22 76
21 33427043 0 1 0 1 13 16 53 65 29 118
21 33432659 0 1 0 1 28 35 173 169 63 342
21 33432698 0 1 0 1 33 37 168 199 70 367
21 33432890 0 1 0 1 9 9 39 43 18 82
21 33450945 0 1 0 1 11 8 45 41 19 86
21 33465316 0 1 0 1 10 15 76 67 25 143
21 33465479 0 1 0 1 10 9 49 35 19 84
21 33467226 0 1 0 1 5 8 36 48 13 84
21 33509678 0 1 0 0 2 14 0 55 16 55
21 33529747 0 1 0 1 8 9 42 43 17 85
21 33529748 0 1 0 1 8 7 46 45 15 91
21 33596197 0 1 0 1 10 10 71 65 20 136
21 33603544 0 1 0 1 12 17 69 69 29 138
21 33766022 0 1 0 1 15 19 68 82 34 150
21 33829643 0 1 0 1 8 6 23 22 14 45
21 33834576 0 1 0 1 7 10 27 23 17 50
21 33856649 0 1 0 1 20 16 86 60 36 146
21 33858617 0 1 0 1 14 11 62 48 25 110
21 33865045 0 1 0 1 13 15 68 63 28 131
21 33865304 0 1 0 1 21 21 93 88 42 181
21 33875307 0 1 0 1 8 4 48 42 12 90
21 33875569 0 1 0 1 7 19 62 60 26 122
21 33888177 0 1 0 1 28 33 113 134 61 247
21 33903905 0 1 0 1 12 12 54 50 24 104
21 33908879 0 1 0 1 8 15 36 35 23 71
21 33909089 0 1 0 1 16 20 87 101 36 188
21 33912430 0 1 0 1 12 12 50 55 24 105
21 33949502 0 1 0 1 18 10 49 63 28 112
21 33949550 0 1 0 1 10 7 23 43 17 66
21 33962264 0 1 0 1 57 56 237 256 113 493
21 34370423 0 1 0 1 18 29 85 70 47 155
21 34521439 0 1 0 1 31 28 170 153 59 323
21 34521830 0 1 0 1 9 13 57 38 22 95
21 34707992 0 1 0 1 19 18 71 53 37 124
21 34708610 0 1 0 1 6 8 31 26 14 57
21 35038609 0 1 0 1 2 12 5 50 14 55
21 35038611 0 1 0 1 2 11 7 47 13 54
21 35038613 0 1 0 1 2 9 16 33 11 49
21 35048739 0 1 0 1 20 22 90 80 42 170
21 35599882 0 1 0 0 2 20 0 82 22 82
21 35720682 0 1 0 1 15 11 38 48 26 86
21 36040454 0 1 0 1 11 8 54 48 19 102
21 36045699 0 1 0 1 18 15 102 104 33 206
21 36048352 0 1 0 1 15 27 99 107 42 206
21 36048487 0 1 0 1 8 5 25 35 13 60
21 36053657 0 1 0 1 12 18 56 56 30 112
21 36053673 0 1 0 1 12 16 45 53 28 98
21 36058967 0 1 0 1 4 8 24 28 12 52
21 36070334 0 1 0 1 55 70 204 356 125 560
21 36071182 0 1 0 1 25 26 131 122 51 253
21 36071267 0 1 0 1 16 28 105 76 44 181
21 36071373 0 1 0 1 13 7 41 49 20 90
21 36071822 0 1 0 1 18 34 114 135 52 249
21 36072398 0 1 0 1 33 33 132 131 66 263
21 36072675 0 1 0 1 40 37 160 246 77 406
21 36164737 0 1 0 0 2 19 0 91 21 91
21 36227805 0 1 0 1 13 28 107 119 41 226
21 36237273 0 1 0 1 50 55 208 209 105 417
21 36244844 0 1 0 1 10 8 32 34 18 66
21 36245426 0 1 0 1 30 47 214 210 77 424
21 36247426 0 1 0 1 7 8 61 29 15 90
21 36277884 0 1 0 1 8 4 16 22 12 38
21 36277937 0 1 0 1 8 12 37 45 20 82
21 36281407 0 1 0 1 8 7 30 40 15 70
21 36281644 0 1 0 1 9 11 45 43 20 88
21 36287863 0 1 0 1 2 9 21 19 11 40
21 36288882 0 1 0 1 13 21 72 67 34 139
21 36289107 0 1 0 1 21 22 103 87 43 190
21 36292074 0 1 0 1 6 8 30 42 14 72
21 36292203 0 1 0 1 8 11 39 61 19 100
21 36295281 0 1 0 1 12 10 28 51 22 79
21 36333779 0 1 0 0 7 6 3 46 13 49
21 36333789 0 1 0 1 5 5 24 41 10 65
21 36338766 0 1 0 1 13 12 50 60 25 110
21 36341634 0 1 0 1 9 19 60 77 28 137
21 36359832 0 1 0 1 9 5 31 37 14 68
21 36362126 0 1 0 1 17 19 71 97 36 168
21 36362168 0 1 0 1 21 24 83 119 45 202
21 36364140 0 1 0 1 26 29 135 147 55 282
21 36364324 0 1 0 1 19 26 116 168 45 284
21 36368970 0 1 0 1 8 9 16 38 17 54
21 36375309 0 1 0 1 10 11 25 39 21 64
21 36399288 0 1 0 1 10 12 25 33 22 58
21 36399706 0 1 0 1 10 20 74 113 30 187
21 36408580 0 1 0 1 7 9 46 53 16 99
21 36741697 0 1 0 1 12 6 33 44 18 77
21 36744739 0 1 0 1 23 27 119 145 50 264
21 36756821 0 1 0 1 13 23 69 77 36 146
21 36759871 0 1 0 1 16 11 41 74 27 115
21 36767331 0 1 0 1 19 15 52 62 34 114
21 36930469 0 1 0 1 17 17 42 56 34 98
21 37013506 0 1 0 1 17 22 71 126 39 197
21 37017854 0 1 0 0 2 23 0 127 25 127
21 37067204 0 1 0 1 20 24 85 62 44 147
21 37067386 0 1 0 1 11 10 57 53 21 110
21 37072581 0 1 0 1 19 23 110 102 42 212
21 37072695 0 1 0 1 7 5 37 39 12 76
21 37087425 0 1 0 1 41 49 186 190 90 376
21 37097820 0 1 0 1 8 3 33 29 11 62
21 37121973 0 1 0 1 15 12 62 71 27 133
21 37126285 0 1 0 1 5 6 24 22 11 46
21 37128979 0 1 0 1 7 7 35 36 14 71
21 37144721 0 1 0 1 11 12 59 57 23 116
21 37159569 0 1 0 1 26 27 103 83 53 186
21 37167542 0 1 0 1 20 20 76 92 40 168
21 37191424 0 1 0 1 11 10 66 74 21 140
21 37216697 0 1 0 1 9 8 36 52 17 88
21 37478338 0 1 0 1 4 7 35 37 11 72
21 37486636 0 1 0 1 8 10 45 41 18 86
21 37493205 0 1 0 1 14 37 102 98 51 200
21 37625399 0 1 0 1 45 69 251 221 114 472
21 38238556 0 1 0 0 2 20 0 101 22 101
21 38575773 0 1 0 1 32 36 107 137 68 244
21 38805401 0 1 0 1 28 21 111 114 49 225
21 38813153 0 1 0 0 2 23 0 97 25 97
21 38819465 0 1 0 1 34 56 174 204 90 378
21 38819507 0 1 0 1 41 52 193 215 93 408
21 38819714 0 1 0 1 25 42 116 180 67 296
21 38878842 0 1 0 1 23 17 75 84 40 159
21 39127708 0 1 0 1 2 20 14 57 22 71
21 39127715 0 1 0 1 2 17 15 60 19 75
21 39175461 0 1 0 1 7 7 26 29 14 55
21 39180381 0 1 0 1 17 23 91 85 40 176
21 39181919 0 1 0 1 10 12 29 39 22 68
21 39202626 0 1 0 1 3 7 29 16 10 45
21 39213707 0 1 0 1 4 9 14 13 13 27
21 39232503 0 1 0 1 12 15 80 78 27 158
21 39274304 0 1 0 1 9 27 54 76 36 130
21 39298534 0 1 0 1 14 11 59 54 25 113
21 39314094 0 1 0 1 39 41 202 234 80 436
21 39314456 0 1 0 1 23 15 88 103 38 191
21 39317236 0 1 0 1 11 10 58 48 21 106
21 39343241 0 1 0 1 9 4 17 21 13 38
21 39347315 0 1 0 1 6 4 17 18 10 35
21 39349685 0 1 0 1 4 8 33 43 12 76
21 39499641 0 1 0 1 4 7 17 24 11 41
21 39526917 0 1 0 1 12 7 35 33 19 68
21 39527250 0 1 0 1 8 10 49 49 18 98
21 39597694 0 1 0 1 11 16 61 44 27 105
21 39605899 0 1 0 1 19 16 64 84 35 148
21 39606188 0 1 0 1 18 12 58 52 30 110
21 39657904 0 1 0 1 30 42 161 145 72 306
21 39660813 0 1 0 1 23 55 147 173 78 320
21 39660877 0 1 0 1 25 63 165 174 88 339
21 39765435 0 1 0 1 14 13 33 39 27 72
21 39765580 0 1 0 1 37 31 154 186 68 340
21 39770876 0 1 0 1 2 8 20 20 10 40
21 39771013 0 1 0 1 16 17 63 69 33 132
21 39771319 0 1 0 1 15 13 70 70 28 140
21 39779076 0 1 0 1 16 11 61 64 27 125
21 39793781 0 1 0 1 6 15 56 46 21 102
21 39793850 0 1 0 1 6 4 25 38 10 63
21 39801156 0 1 0 1 22 13 83 76 35 159
21 39898596 0 1 0 1 7 12 45 28 19 73
21 39925933 0 1 0 1 23 16 78 82 39 160
21 40189120 0 1 0 1 31 28 85 101 59 186
21 40353376 0 1 0 1 4 7 30 27 11 57
21 40708914 0 1 0 1 9 6 41 34 15 75
21 41363792 0 1 0 1 72 77 290 341 149 631
21 41377262 0 1 0 1 7 16 30 57 23 87
21 41437279 0 1 0 1 10 7 38 51 17 89
21 41440964 0 1 0 1 22 26 100 127 48 227
21 41441084 0 1 0 1 6 8 24 26 14 50
21 41445427 0 1 0 1 7 6 64 53 13 117
21 41445655 0 1 0 1 6 12 26 25 18 51
21 41446003 0 1 0 1 23 9 68 78 32 146
21 41446179 0 1 0 1 12 11 35 29 23 64
21 41446205 0 1 0 1 8 7 32 19 15 51
21 41449338 0 1 0 1 11 10 33 26 21 59
21 41451056 0 1 0 1 17 21 73 54 38 127
21 41452522 0 1 0 1 6 7 23 21 13 44
21 41452734 0 1 0 1 29 17 118 109 46 227
21 41452806 0 1 0 1 28 26 105 130 54 235
21 41452947 0 1 0 1 6 10 33 41 16 74
21 41468245 0 1 0 1 7 10 35 36 17 71
21 41468653 0 1 0 1 4 7 49 38 11 87
21 41472035 0 1 0 1 14 8 39 51 22 90
21 41473447 0 1 0 1 11 11 57 83 22 140
21 41476757 0 1 0 1 7 8 27 25 15 52
21 41480384 0 1 0 1 16 24 52 52 40 104
21 41480393 0 1 0 1 23 16 62 54 39 116
21 41480570 0 1 0 1 28 44 123 160 72 283
21 41488558 0 1 0 1 23 16 71 123 39 194
21 41488666 0 1 0 1 8 4 38 13 12 51
21 41740862 0 1 0 1 13 11 48 67 24 115
21 41741645 0 1 0 1 67 76 277 275 143 552
21 41741717 0 1 0 1 75 73 262 290 148 552
21 41741990 0 1 0 1 30 27 136 102 57 238
21 41742040 0 1 0 1 16 20 90 67 36 157
21 41744072 0 1 0 1 13 23 76 84 36 160
21 41801666 0 1 0 1 53 34 180 185 87 365
21 41802619 0 1 0 1 14 17 68 83 31 151
21 41804523 0 1 0 1 37 39 144 149 76 293
21 41806076 0 1 0 1 2 9 6 57 11 63
21 41806079 0 1 0 0 2 10 0 65 12 65
21 41806126 0 1 0 1 2 9 5 38 11 43
21 41810915 0 1 0 1 15 11 79 94 26 173
21 41810940 0 1 0 1 9 13 72 52 22 124
21 41810986 0 1 0 1 4 9 41 46 13 87
21 41815820 0 1 0 1 64 54 262 269 118 531
21 41815928 0 1 0 1 23 23 81 90 46 171
21 41815959 0 1 0 1 12 11 60 53 23 113
21 41819465 0 1 0 1 5 4 35 18 9 53
21 41820000 0 1 0 1 5 10 24 30 15 54
21 41821851 0 1 0 1 14 10 61 47 24 108
21 41835250 0 1 0 1 16 18 71 65 34 136
21 41835400 0 1 0 1 51 37 196 241 88 437
21 41879315 0 1 0 0 2 17 0 82 19 82
21 41894948 0 1 0 1 19 28 123 123 47 246
21 41907684 0 1 0 1 10 7 43 46 17 89
21 41907747 0 1 0 1 15 17 84 65 32 149
21 41918066 0 1 0 1 7 10 49 38 17 87
21 41918291 0 1 0 1 9 9 26 30 18 56
21 41918824 0 1 0 1 11 11 25 40 22 65
21 41918839 0 1 0 1 17 12 35 47 29 82
21 41919045 0 1 0 1 14 19 56 88 33 144
21 41921937 0 1 0 1 19 20 85 112 39 197
21 42022263 0 1 0 1 29 27 124 126 56 250
21 42075908 0 1 0 1 24 24 76 80 48 156
21 42076272 0 1 0 1 80 82 363 320 162 683
21 42090317 0 1 0 1 19 22 77 87 41 164
21 42090327 0 1 0 1 18 20 77 85 38 162
21 42090404 0 1 0 1 12 9 49 53 21 102
21 42093879 0 1 0 1 34 37 133 136 71 269
21 42098922 0 1 0 1 19 18 94 109 37 203
21 42101428 0 1 0 1 4 7 21 13 11 34
21 42101537 0 1 0 1 20 10 57 53 30 110
21 42101792 0 1 0 1 9 15 95 82 24 177
21 42103744 0 1 0 1 29 63 214 202 92 416
21 42103831 0 1 0 1 61 42 218 262 103 480
21 42103862 0 1 0 1 42 57 237 209 99 446
21 42108457 0 1 0 1 33 44 145 149 77 294
21 42109318 0 1 0 1 6 5 18 29 11 47
21 42109532 0 1 0 1 41 41 163 137 82 300
21 42110746 0 1 0 1 15 11 76 51 26 127
21 42110787 0 1 0 1 19 25 104 108 44 212
21 42111443 0 1 0 1 46 44 150 203 90 353
21 42111738 0 1 0 1 27 28 119 119 55 238
21 42113965 0 1 0 1 7 16 58 50 23 108
21 42122643 0 1 0 1 9 5 18 19 14 37
21 42127763 0 1 0 1 14 33 101 95 47 196
21 42128129 0 1 0 1 27 18 82 87 45 169
21 42137384 0 1 0 1 10 9 44 45 19 89
21 42137449 0 1 0 1 25 15 84 99 40 183
21 42137626 0 1 0 1 27 11 90 113 38 203
21 42289942 0 1 0 1 16 10 52 37 26 89
21 42289986 0 1 0 1 27 16 83 63 43 146
21 42294407 0 1 0 1 6 5 26 16 11 42
21 42300415 0 1 0 1 16 20 60 79 36 139
21 42346451 0 1 0 1 13 28 83 84 41 167
21 42372760 0 1 0 1 13 23 80 95 36 175
21 42375537 0 1 0 0 2 19 0 77 21 77
21 42380429 0 1 0 1 7 4 23 25 11 48
21 42382666 0 1 0 1 14 8 55 50 22 105
21 42383058 0 1 0 1 33 34 190 147 67 337
21 42385273 0 1 0 1 11 12 61 57 23 118
21 42385528 0 1 0 1 26 28 153 171 54 324
21 42388945 0 1 0 0 2 23 0 128 25 128
21 42403801 0 1 0 1 8 15 45 51 23 96
21 42404014 0 1 0 1 8 9 34 59 17 93
21 42406235 0 1 0 1 56 49 258 252 105 510
21 42406282 0 1 0 1 52 41 238 240 93 478
21 42409649 0 1 0 1 13 12 94 82 25 176
21 42416281 0 1 0 1 3 7 27 35 10 62
21 42426620 0 1 0 1 25 17 94 75 42 169
21 42432037 0 1 0 1 12 21 58 75 33 133
21 42432051 0 1 0 1 15 22 75 85 37 160
21 42432123 0 1 0 1 30 29 129 162 59 291
21 42432246 0 1 0 1 41 56 182 218 97 400
21 42442356 0 1 0 1 5 9 28 30 14 58
21 42443411 0 1 0 1 18 31 112 117 49 229
21 42444409 0 1 0 1 6 5 35 33 11 68
21 42446949 0 1 0 1 14 8 45 48 22 93
21 42485777 0 1 0 1 18 30 118 123 48 241
21 42486241 0 1 0 1 18 16 87 91 34 178
21 42493260 0 1 0 1 5 18 49 52 23 101
21 42496229 0 1 0 1 11 14 69 58 25 127
21 42518563 0 1 0 1 30 34 151 161 64 312
21 42534670 0 1 0 0 2 10 0 99 12 99
21 42543291 0 1 0 1 5 14 55 44 19 99
21 42546861 0 1 0 1 10 7 30 30 17 60
21 42547016 0 1 0 1 29 25 136 118 54 254
21 42561831 0 1 0 1 8 6 35 37 14 72
21 42561847 0 1 0 1 11 8 39 40 19 79
21 42561851 0 1 0 1 11 8 44 44 19 88
21 42687718 0 1 0 1 5 7 20 28 12 48
21 42688118 0 1 0 1 19 16 85 103 35 188
21 42688133 0 1 0 1 13 11 75 78 24 153
21 42697315 0 1 0 1 22 19 67 118 41 185
21 42743729 0 1 0 1 21 25 94 129 46 223
21 42754165 0 1 0 1 4 6 39 28 10 67
21 42758882 0 1 0 1 10 6 14 17 16 31
21 42760333 0 1 0 1 52 45 227 227 97 454
21 42770570 0 1 0 1 13 15 67 58 28 125
21 42772423 0 1 0 0 2 20 0 89 22 89
21 42775264 0 1 0 1 24 27 96 103 51 199
21 42775419 0 1 0 0 2 13 0 51 15 51
21 42775427 0 1 0 1 5 10 5 25 15 30
21 42850119 0 1 0 1 28 27 137 155 55 292
21 42850292 0 1 0 1 16 13 75 74 29 149
21 42852217 0 1 0 1 14 16 46 72 30 118
21 42853748 0 1 0 1 44 47 208 276 91 484
21 42854697 0 1 0 1 24 23 154 138 47 292
21 42854735 0 1 0 1 23 20 100 111 43 211
21 42855869 0 1 0 1 14 19 48 56 33 104
21 42859738 0 1 0 1 18 14 54 60 32 114
21 42873634 0 1 0 1 46 49 251 311 95 562
21 42876824 0 1 0 1 5 8 29 36 13 65
21 42903480 0 1 0 1 15 23 109 106 38 215
21 42904255 0 1 0 1 31 27 163 138 58 301
21 42906905 0 1 0 1 24 25 97 104 49 201
21 42908720 0 1 0 1 14 15 42 54 29 96
21 42918928 0 1 0 1 29 21 151 156 50 307
21 43010215 0 1 0 1 9 6 33 48 15 81
21 43028608 0 1 0 1 8 5 35 34 13 69
21 43028985 0 1 0 1 17 8 35 54 25 89
21 43032345 0 1 0 1 7 12 19 26 19 45
21 43262507 0 1 0 1 5 9 23 43 14 66
21 43262515 0 1 0 1 2 14 19 52 16 71
21 43262547 0 1 0 1 3 22 9 86 25 95
21 43262563 0 1 0 1 12 8 37 33 20 70
21 43262590 0 1 0 1 2 12 31 30 14 61
21 43262593 0 1 0 1 2 20 12 48 22 60
21 43262614 0 1 0 1 8 15 32 53 23 85
21 43262620 0 1 0 1 6 11 22 52 17 74
21 43262643 0 1 0 1 3 26 15 86 29 101
21 43262656 0 1 0 1 11 11 22 62 22 84
21 43262673 0 1 0 1 2 20 8 60 22 68
21 43262686 0 1 0 1 4 27 12 124 31 136
21 43262751 0 1 0 1 7 24 40 82 31 122
21 43262762 0 1 0 1 2 15 13 77 17 90
21 43262793 0 1 0 1 8 3 9 33 11 42
21 43737247 0 1 0 1 5 8 26 33 13 59
21 43750404 0 1 0 1 39 20 128 115 59 243
21 43750699 0 1 0 1 17 19 78 71 36 149
21 43750811 0 1 0 1 5 7 22 17 12 39
21 43752498 0 1 0 1 41 42 147 172 83 319
21 43755690 0 1 0 1 46 38 167 183 84 350
21 43789561 0 1 0 1 24 22 83 116 46 199
21 43789678 0 1 0 1 28 29 129 137 57 266
21 43789833 0 1 0 1 6 7 25 26 13 51
21 43791174 0 1 0 1 24 30 117 91 54 208
21 43791595 0 1 0 1 7 5 15 29 12 44
21 43792745 0 1 0 1 28 39 171 118 67 289
21 43793177 0 1 0 1 16 20 64 53 36 117
21 43794981 0 1 0 1 7 7 20 16 14 36
21 43795165 0 1 0 1 45 41 188 251 86 439
21 43795170 0 1 0 1 47 41 193 250 88 443
21 43795291 0 1 0 1 53 65 242 284 118 526
21 43797569 0 1 0 1 41 40 166 181 81 347
21 43797678 0 1 0 1 35 38 134 143 73 277
21 43797764 0 1 0 1 14 18 68 78 32 146
21 43797782 0 1 0 1 16 16 67 71 32 138
21 43798048 0 1 0 1 38 24 192 135 62 327
21 43799441 0 1 0 1 3 8 11 37 11 48
21 43799643 0 1 0 1 12 10 64 61 22 125
21 43799674 0 1 0 1 10 13 44 44 23 88
21 43799771 0 1 0 1 4 7 21 14 11 35
21 43800689 0 1 0 1 12 13 53 47 25 100
21 43802631 0 1 0 1 6 5 19 19 11 38
21 44032368 0 1 0 1 4 8 20 16 12 36
21 44062919 0 1 0 1 8 16 54 41 24 95
21 44074302 0 1 0 1 28 40 164 149 68 313
21 44083240 0 1 0 1 23 36 129 117 59 246
21 44083913 0 1 0 1 7 10 36 41 17 77
21 44086938 0 1 0 1 12 22 96 79 34 175
21 44089769 0 1 0 1 29 24 125 107 53 232
21 44092213 0 1 0 1 8 9 54 54 17 108
21 44256262 0 1 0 0 2 20 0 81 22 81
21 44261270 0 1 0 1 8 8 27 37 16 64
21 44288314 0 1 0 1 34 47 182 238 81 420
21 44288394 0 1 0 1 50 57 239 272 107 511
21 44290224 0 1 0 1 11 9 40 59 20 99
21 44290527 0 1 0 1 17 17 70 69 34 139
21 44293094 0 1 0 1 18 13 85 64 31 149
21 44297529 0 1 0 1 23 25 105 86 48 191
21 44297667 0 1 0 1 31 26 98 97 57 195
21 44305172 0 1 0 1 16 12 30 31 28 61
21 44305173 0 1 0 1 18 11 33 32 29 65
21 44305181 0 1 0 1 18 12 46 35 30 81
21 44305621 0 1 0 1 6 7 28 22 13 50
21 44305634 0 1 0 1 6 7 28 23 13 51
21 44305641 0 1 0 1 8 7 26 27 15 53
21 44305832 0 1 0 1 27 36 108 140 63 248
21 44305974 0 1 0 1 18 17 52 72 35 124
21 44305975 0 1 0 1 17 17 50 70 34 120
21 44306027 0 1 0 1 7 7 39 39 14 78
21 44306597 0 1 0 1 12 8 46 49 20 95
21 44306621 0 1 0 1 12 8 53 55 20 108
21 44306811 0 1 0 1 14 17 62 75 31 137
21 44306812 0 1 0 1 14 16 60 73 30 133
21 44306907 0 1 0 1 3 8 27 33 11 60
21 44312233 0 1 0 1 22 28 114 115 50 229
21 44313189 0 1 0 1 27 26 102 110 53 212
21 44316112 0 1 0 1 7 6 57 40 13 97
21 44322232 0 1 0 1 14 12 80 64 26 144
21 44335510 0 1 0 1 36 29 140 129 65 269
21 44339243 0 1 0 0 2 14 0 86 16 86
21 44499853 0 1 0 0 2 21 0 147 23 147
21 44521878 0 1 0 1 18 23 69 59 41 128
21 44539260 0 1 0 0 2 18 0 101 20 101
21 44539429 0 1 0 1 34 22 121 129 56 250
21 44558207 0 1 0 1 32 31 136 168 63 304
21 44558616 0 1 0 1 38 44 209 189 82 398
21 44558620 0 1 0 1 38 47 211 195 85 406
21 44558704 0 1 0 1 61 61 235 290 122 525
21 44558709 0 1 0 1 57 58 198 265 115 463
21 44573850 0 1 0 1 62 62 289 291 124 580
21 44573942 0 1 0 1 29 48 134 223 77 357
21 44573974 0 1 0 1 31 38 151 191 69 342
21 44574611 0 1 0 1 67 86 330 348 153 678
21 44579776 0 1 0 1 5 13 58 57 18 115
21 44579839 0 1 0 1 37 15 96 86 52 182
21 44579876 0 1 0 1 24 37 135 128 61 263
21 44580031 0 1 0 1 61 61 325 316 122 641
21 44580717 0 1 0 1 16 13 76 81 29 157
21 44591268 0 1 0 1 3 9 25 53 12 78
21 44591289 0 1 0 1 2 12 13 66 14 79
21 44592378 0 1 0 1 24 33 115 166 57 281
21 44617060 0 1 0 0 2 20 0 93 22 93
21 44627501 0 1 0 1 117 96 424 475 213 899
21 44627716 0 1 0 1 82 94 455 424 176 879
21 44627793 0 1 0 1 62 68 326 328 130 654
21 44627940 0 1 0 1 49 32 159 160 81 319
21 44628008 0 1 0 1 43 25 145 136 68 281
21 44628054 0 1 0 1 31 18 110 107 49 217
21 44637474 0 1 0 1 35 47 156 175 82 331
21 44637476 0 1 0 1 36 48 154 172 84 326
21 44637631 0 1 0 1 44 65 268 303 109 571
21 44637673 0 1 0 1 61 85 296 367 146 663
21 44637889 0 1 0 1 57 75 299 337 132 636
21 44638041 0 1 0 1 21 33 125 157 54 282
21 44646402 0 1 0 1 28 39 155 178 67 333
21 44646847 0 1 0 1 101 112 431 506 213 937
21 44654187 0 1 0 1 14 10 65 81 24 146
21 44654285 0 1 0 1 15 20 93 114 35 207
21 44657895 0 1 0 1 12 14 62 51 26 113
21 44658029 0 1 0 1 37 41 160 197 78 357
21 44658303 0 1 0 1 18 15 78 71 33 149
21 44666460 0 1 0 1 24 22 111 110 46 221
21 44666801 0 1 0 1 68 65 258 311 133 569
21 44666802 0 1 0 1 66 65 249 300 131 549
21 44666840 0 1 0 1 56 50 173 215 106 388
21 44666841 0 1 0 1 55 50 172 209 105 381
21 44666951 0 1 0 1 8 10 38 77 18 115
21 44666967 0 1 0 1 5 9 29 70 14 99
21 44676314 0 1 0 1 16 17 89 65 33 154
21 44676740 0 1 0 1 17 15 67 76 32 143
21 44676814 0 1 0 1 19 18 86 96 37 182
21 44677087 0 1 0 1 16 9 58 45 25 103
21 44681773 0 1 0 1 13 13 65 60 26 125
21 44682175 0 1 0 1 18 19 77 90 37 167
21 44702416 0 1 0 1 44 41 178 219 85 397
21 44702743 0 1 0 1 20 14 73 84 34 157
21 44808613 0 1 0 1 17 21 83 102 38 185
21 44817930 0 1 0 0 2 11 0 58 13 58
21 44886201 0 1 0 1 6 7 19 21 13 40
21 44886519 0 1 0 1 20 29 114 103 49 217
21 44891898 0 1 0 1 30 41 150 184 71 334
21 44893527 0 1 0 1 32 40 132 119 72 251
21 44895107 0 1 0 1 31 32 117 134 63 251
21 44895176 0 1 0 1 14 12 68 67 26 135
21 44900488 0 1 0 1 7 9 46 47 16 93
21 44901762 0 1 0 1 75 69 252 298 144 550
21 44901903 0 1 0 1 15 20 70 77 35 147
21 44906900 0 1 0 1 22 23 105 116 45 221
21 44907920 0 1 0 1 4 8 28 44 12 72
21 44908111 0 1 0 1 14 26 77 101 40 178
21 44908171 0 1 0 0 2 22 0 111 24 111
21 44908184 0 1 0 1 6 15 36 67 21 103
21 44972960 0 1 0 1 12 7 47 56 19 103
21 44973001 0 1 0 1 3 23 39 122 26 161
21 45152572 0 1 0 1 13 9 70 50 22 120
21 45180211 0 1 0 1 5 7 36 31 12 67
21 45204434 0 1 0 1 4 8 17 26 12 43
21 45221102 0 1 0 1 9 12 52 72 21 124
21 45222053 0 1 0 1 38 46 172 262 84 434
21 45265505 0 1 0 0 2 18 0 100 20 100
21 45265994 0 1 0 1 18 8 65 62 26 127
21 45276885 0 1 0 0 2 19 0 92 21 92
21 45278341 0 1 0 1 12 13 34 38 25 72
21 45278383 0 1 0 1 7 4 21 25 11 46
21 45278384 0 1 0 1 7 4 19 23 11 42
21 45282591 0 1 0 1 13 12 44 42 25 86
21 45282638 0 1 0 1 5 5 22 29 10 51
21 45285240 0 1 0 1 6 20 59 46 26 105
21 45285430 0 1 0 1 37 53 159 171 90 330
21 45285706 0 1 0 1 61 82 272 317 143 589
21 45405314 0 1 0 1 3 12 4 24 15 28
21 45405320 0 1 0 1 3 11 4 26 14 30
21 45456169 0 1 0 1 30 23 111 141 53 252
21 45456259 0 1 0 1 16 23 110 116 39 226
21 45456392 0 1 0 1 27 45 127 162 72 289
21 45456666 0 1 0 1 20 26 89 95 46 184
21 45476544 0 1 0 1 27 36 121 121 63 242
21 45476575 0 1 0 1 18 26 92 101 44 193
21 45477300 0 1 0 1 4 8 16 35 12 51
21 45478260 0 1 0 1 21 19 116 102 40 218
21 45480033 0 1 0 1 36 27 185 198 63 383
21 45480300 0 1 0 1 21 14 96 71 35 167
21 45480632 0 1 0 1 18 25 95 86 43 181
21 45482059 0 1 0 1 19 16 89 97 35 186
21 45482266 0 1 0 1 33 54 178 232 87 410
21 45482359 0 1 0 1 31 45 140 198 76 338
21 45482466 0 1 0 1 11 27 62 91 38 153
21 45482476 0 1 0 1 13 22 51 85 35 136
21 45486713 0 1 0 1 7 17 66 68 24 134
21 45486797 0 1 0 1 21 33 89 104 54 193
21 45487373 0 1 0 1 9 9 49 54 18 103
21 45487565 0 1 0 1 31 18 91 101 49 192
21 45487655 0 1 0 1 10 10 46 47 20 93
21 45488441 0 1 0 1 32 29 124 118 61 242
21 45489602 0 1 0 1 25 24 67 101 49 168
21 45490177 0 1 0 1 6 8 31 35 14 66
21 45490407 0 1 0 1 23 15 80 93 38 173
21 45490438 0 1 0 1 17 10 67 69 27 136
21 45490439 0 1 0 1 16 9 63 70 25 133
21 45490451 0 1 0 1 16 6 57 63 22 120
21 45490500 0 1 0 1 5 8 9 53 13 62
21 45490512 0 1 0 1 4 12 9 49 16 58
21 45491362 0 1 0 1 7 11 36 48 18 84
21 45493386 0 1 0 1 23 22 104 98 45 202
21 45493603 0 1 0 1 8 6 50 47 14 97
21 45494728 0 1 0 1 12 15 58 56 27 114
21 45495238 0 1 0 1 14 23 70 62 37 132
21 45498018 0 1 0 1 6 7 23 27 13 50
21 45498061 0 1 0 1 8 9 43 40 17 83
21 45498660 0 1 0 1 29 26 91 128 55 219
21 45504469 0 1 0 1 36 28 161 124 64 285
21 45505017 0 1 0 1 20 14 92 93 34 185
21 45506140 0 1 0 1 5 6 20 24 11 44
21 45509553 0 1 0 1 8 9 35 28 17 63
21 45511078 0 1 0 1 4 12 37 45 16 82
21 45511079 0 1 0 1 4 12 38 58 16 96
21 45512414 0 1 0 1 26 19 108 124 45 232
21 45512469 0 1 0 1 14 12 50 59 26 109
21 45514912 0 1 0 1 6 5 27 28 11 55
21 45514947 0 1 0 1 10 7 47 45 17 92
21 45530949 0 1 0 1 19 13 100 60 32 160
21 45531642 0 1 0 1 46 41 253 200 87 453
21 45532180 0 1 0 1 45 41 198 190 86 388
21 45534429 0 1 0 1 5 11 75 82 16 157
21 45537880 0 1 0 1 14 17 97 82 31 179
21 45538002 0 1 0 1 11 10 47 43 21 90
21 45989048 0 1 0 1 19 34 95 108 53 203
21 45989808 0 1 0 1 20 27 112 98 47 210
21 45997389 0 1 0 1 31 35 148 172 66 320
21 45999903 0 1 0 1 7 13 43 50 20 93
21 45999916 0 1 0 1 4 14 14 61 18 75
21 45999921 0 1 0 1 2 13 6 58 15 64
21 46112179 0 1 0 1 44 46 216 240 90 456
21 46112630 0 1 0 1 28 25 108 144 53 252
21 46116632 0 1 0 1 13 5 53 76 18 129
21 46116868 0 1 0 0 2 22 0 95 24 95
21 46117968 0 1 0 1 18 28 102 113 46 215
21 46118136 0 1 0 1 6 7 32 37 13 69
21 46119046 0 1 0 1 11 21 106 119 32 225
21 46119630 0 1 0 1 3 7 21 17 10 38
21 46119648 0 1 0 0 2 9 0 43 11 43
21 46119876 0 1 0 1 31 22 96 129 53 225
21 46120623 0 1 0 0 2 22 0 135 24 135
21 46120659 0 1 0 1 10 8 49 54 18 103
21 46122306 0 1 0 1 25 26 101 112 51 213
21 46122947 0 1 0 1 16 15 62 82 31 144
21 46124540 0 1 0 1 3 9 26 30 12 56
21 46124627 0 1 0 1 12 13 79 91 25 170
21 46125241 0 1 0 1 43 37 223 223 80 446
21 46125854 0 1 0 1 71 66 291 303 137 594
21 46125909 0 1 0 1 69 70 266 294 139 560
21 46125912 0 1 0 1 73 73 269 295 146 564
21 46125999 0 1 0 1 73 74 330 339 147 669
21 46126330 0 1 0 1 18 21 60 74 39 134
21 46131826 0 1 0 0 2 8 0 39 10 39
21 46131919 0 1 0 1 25 10 70 71 35 141
21 46138559 0 1 0 1 10 8 29 53 18 82
21 46139080 0 1 0 1 5 9 53 45 14 98
21 46151931 0 1 0 1 26 12 61 68 38 129
21 46155458 0 1 0 1 24 30 103 124 54 227
21 46161863 0 1 0 1 14 9 41 54 23 95
21 46162188 0 1 0 1 6 9 40 41 15 81
21 46188666 0 1 0 1 30 35 137 142 65 279
21 46189596 0 1 0 1 7 9 59 44 16 103
21 46189763 0 1 0 1 38 27 175 126 65 301
21 46192552 0 1 0 1 51 78 222 233 129 455
21 46192557 0 1 0 1 50 80 227 236 130 463
21 46192953 0 1 0 1 34 44 177 259 78 436
21 46193090 0 1 0 1 39 63 225 264 102 489
21 46193231 0 1 0 1 5 43 30 226 48 256
21 46193438 0 1 0 1 5 35 25 154 40 179
21 46193458 0 1 0 1 11 39 52 188 50 240
21 46193609 0 1 0 1 18 29 141 159 47 300
21 46193622 0 1 0 1 10 51 48 296 61 344
21 46193656 0 1 0 1 25 57 98 347 82 445
21 46194555 0 1 0 1 20 13 54 70 33 124
21 46196157 0 1 0 1 11 6 53 38 17 91
21 46196166 0 1 0 1 11 8 53 42 19 95
21 46207331 0 1 0 1 6 7 38 39 13 77
21 46208461 0 1 0 1 16 8 82 80 24 162
21 46210636 0 1 0 1 15 24 80 92 39 172
21 46213875 0 1 0 1 36 31 151 137 67 288
21 46219578 0 1 0 1 42 41 203 189 83 392
21 46222082 0 1 0 1 10 19 42 45 29 87
21 46222102 0 1 0 1 10 15 42 36 25 78
21 46222409 0 1 0 1 7 4 41 28 11 69
21 46222483 0 1 0 1 10 10 47 50 20 97
21 46236798 0 1 0 1 14 14 97 63 28 160
21 46254361 0 1 0 1 34 21 89 118 55 207
21 46256797 0 1 0 1 12 9 35 41 21 76
21 46257020 0 1 0 1 38 27 111 136 65 247
21 46261127 0 1 0 1 7 8 28 25 15 53
21 46265873 0 1 0 1 30 25 111 104 55 215
21 46266025 0 1 0 1 45 32 136 148 77 284
21 46267230 0 1 0 1 2 10 34 30 12 64
21 46272884 0 1 0 1 8 12 48 55 20 103
21 46275481 0 1 0 1 11 16 50 64 27 114
21 46275503 0 1 0 1 8 15 46 54 23 100
21 46277736 0 1 0 1 13 21 73 74 34 147
21 46283735 0 1 0 1 17 18 106 81 35 187
21 46284982 0 1 0 1 12 15 73 81 27 154
21 46285323 0 1 0 1 7 10 29 19 17 48
21 46287136 0 1 0 1 2 8 10 26 10 36
21 46287140 0 1 0 1 2 8 11 24 10 35
21 46291315 0 1 0 1 13 11 52 63 24 115
21 46295960 0 1 0 0 2 12 0 86 14 86
21 46314745 0 1 0 1 29 15 101 97 44 198
21 46346225 0 1 0 1 21 16 91 90 37 181
21 46346288 0 1 0 1 6 7 11 31 13 42
21 46346736 0 1 0 1 21 25 127 130 46 257
21 46353189 0 1 0 1 18 24 88 70 42 158
21 46391357 0 1 0 1 4 8 44 38 12 82
21 46401812 0 1 0 1 10 18 59 42 28 101
21 46416739 0 1 0 1 17 19 77 66 36 143
21 46430491 0 1 0 1 15 20 94 79 35 173
21 46430570 0 1 0 1 11 16 75 72 27 147
21 46431510 0 1 0 1 36 37 167 180 73 347
21 46431839 0 1 0 1 36 41 187 176 77 363
21 46436140 0 1 0 1 14 12 76 73 26 149
21 46436193 0 1 0 1 7 7 42 40 14 82
21 46438359 0 1 0 1 9 9 48 46 18 94
21 46440304 0 1 0 1 21 35 125 151 56 276
21 46442307 0 1 0 1 6 4 14 18 10 32
21 46444665 0 1 0 0 2 10 0 60 12 60
21 46444900 0 1 0 1 6 17 50 77 23 127
21 46444910 0 1 0 1 6 14 43 66 20 109
21 46458979 0 1 0 1 25 21 95 89 46 184
21 46484656 0 1 0 1 11 9 30 27 20 57
21 46484672 0 1 0 1 7 12 32 39 19 71
21 46490610 0 1 0 1 18 14 84 82 32 166
21 46490746 0 1 0 1 10 6 45 36 16 81
21 46511332 0 1 0 1 10 8 39 33 18 72
21 46511740 0 1 0 1 7 10 27 31 17 58
21 46532451 0 1 0 1 6 8 27 19 14 46
21 46533812 0 1 0 1 23 29 121 141 52 262
21 46534306 0 1 0 1 5 11 23 20 16 43
21 46537419 0 1 0 1 34 35 162 168 69 330
21 46538312 0 1 0 1 7 4 24 22 11 46
21 46538744 0 1 0 1 29 21 116 118 50 234
21 46539779 0 1 0 1 12 20 63 62 32 125
21 46539785 0 1 0 1 12 20 67 63 32 130
21 46541721 0 1 0 1 14 11 50 33 25 83
21 46541798 0 1 0 1 23 16 79 102 39 181
21 46551626 0 1 0 1 28 25 119 92 53 211
21 46554475 0 1 0 1 11 10 61 75 21 136
21 46554483 0 1 0 1 13 9 53 76 22 129
21 46560657 0 1 0 1 16 23 105 94 39 199
21 46563744 0 1 0 1 7 17 59 75 24 134
21 46566720 0 1 0 1 31 39 158 169 70 327
21 46602317 0 1 0 1 14 13 56 70 27 126
21 46643564 0 1 0 1 21 19 96 79 40 175
21 46643823 0 1 0 1 12 8 50 52 20 102
21 46644495 0 1 0 1 19 20 88 112 39 200
