chr pos bloodGT1 bloodGT2 tumorGT1 tumorGT2 AN BN AT BT sN sT
Y 10785259 0 1 0 1 2 14 8 69 16 77
Y 10785283 0 1 0 1 3 13 13 82 16 95
Y 10796678 0 1 0 1 5 21 9 64 26 73
Y 10796683 0 1 0 1 13 17 9 65 30 74
Y 10796688 0 1 0 1 6 27 18 61 33 79
Y 10999908 0 1 0 1 3 26 10 107 29 117
Y 10999930 0 1 0 1 3 13 8 75 16 83
Y 10999950 0 1 0 1 6 3 23 10 9 33
Y 11290955 0 1 0 1 7 3 27 12 10 39
Y 11290956 0 1 0 1 7 3 27 15 10 42
Y 11290978 0 1 0 1 3 13 15 39 16 54
Y 11291023 0 1 0 1 6 12 25 48 18 73
Y 11291073 0 1 0 1 4 12 17 44 16 61
Y 11291099 0 1 0 1 8 4 27 12 12 39
Y 11291102 0 1 0 1 7 3 25 12 10 37
Y 11294248 0 1 0 1 6 4 10 21 10 31
Y 11295675 0 1 0 1 3 8 9 20 11 29
Y 11295690 0 1 0 1 2 11 7 23 13 30
Y 11295705 0 1 0 1 4 9 9 24 13 33
Y 11295716 0 1 0 1 3 12 11 24 15 35
Y 11295719 0 1 0 1 4 10 9 22 14 31
Y 11295738 0 1 0 1 2 10 3 29 12 32
Y 11295753 0 1 0 1 3 7 9 21 10 30
Y 11297696 0 1 0 1 2 11 17 23 13 40
Y 11297702 0 1 0 1 2 8 7 29 10 36
Y 11302072 0 1 0 0 3 11 0 33 14 33
Y 11302987 0 1 0 1 2 8 6 24 10 30
Y 11303047 0 1 0 1 2 11 5 27 13 32
Y 11303057 0 1 0 1 4 9 7 21 13 28
Y 11305333 0 1 0 1 26 16 86 67 42 153
Y 11305337 0 1 0 1 31 13 89 61 44 150
Y 11305354 0 1 0 1 33 17 102 75 50 177
Y 11305358 0 1 0 1 30 14 100 71 44 171
Y 11305368 0 1 0 1 22 26 73 100 48 173
Y 11305370 0 1 0 1 35 13 106 69 48 175
Y 11305405 0 1 0 1 15 17 43 64 32 107
Y 11305408 0 1 0 1 15 17 38 69 32 107
Y 11305413 0 1 0 1 23 8 51 34 31 85
Y 11305414 0 1 0 1 20 9 51 40 29 91
Y 11305486 0 1 0 1 2 11 4 37 13 41
Y 11305511 0 1 0 1 4 12 6 46 16 52
Y 11305517 0 1 0 1 2 13 4 44 15 48
Y 11305518 0 1 0 1 2 12 5 51 14 56
Y 11305537 0 1 0 1 10 4 43 18 14 61
Y 11306351 0 1 0 1 2 8 7 36 10 43
Y 11306359 0 1 0 1 3 9 5 36 12 41
Y 11306374 0 1 0 1 5 5 13 24 10 37
Y 11306389 0 1 0 1 2 9 4 37 11 41
Y 11306538 0 1 0 1 2 8 5 46 10 51
Y 11306539 0 1 0 1 2 8 5 48 10 53
Y 11306543 0 1 0 0 2 8 0 53 10 53
Y 11306557 0 1 0 1 2 12 5 38 14 43
Y 11306558 0 1 0 1 3 11 4 38 14 42
Y 11306569 0 1 0 0 3 11 0 41 14 41
Y 11307544 0 1 0 1 4 6 7 35 10 42
Y 11307563 0 1 0 1 2 13 6 54 15 60
Y 11307580 0 1 0 1 3 18 8 81 21 89
Y 11307581 0 1 0 1 6 18 9 84 24 93
Y 11307590 0 1 0 1 2 21 12 75 23 87
Y 11307591 0 1 0 1 8 14 35 52 22 87
Y 11307607 0 1 0 1 2 21 11 87 23 98
Y 11307617 0 1 0 1 4 19 10 87 23 97
Y 11307618 0 1 0 1 6 18 14 80 24 94
Y 11307622 0 1 0 1 12 9 41 34 21 75
Y 11307636 0 1 0 1 2 21 9 80 23 89
Y 11307639 0 1 0 1 4 19 9 73 23 82
Y 11307656 0 1 1 1 8 3 35 10 11 45
Y 11308218 0 1 0 1 2 8 5 25 10 30
Y 11308788 0 1 0 1 2 8 7 52 10 59
Y 11309424 0 1 0 1 5 13 6 32 18 38
Y 11310675 0 1 0 1 2 8 5 52 10 57
Y 11312313 0 1 0 1 7 9 21 29 16 50
Y 11312371 0 1 0 1 6 5 23 20 11 43
Y 11312377 0 1 0 1 7 5 17 22 12 39
Y 11312483 0 1 0 1 5 11 24 46 16 70
Y 11312516 0 1 0 1 32 11 121 46 43 167
Y 11312520 0 1 0 1 32 14 141 50 46 191
Y 11312558 0 1 1 1 51 21 219 64 72 283
Y 11312560 0 1 0 1 45 27 171 109 72 280
Y 11312586 0 1 0 1 40 27 134 94 67 228
Y 11312590 0 1 0 1 49 18 164 55 67 219
Y 11312597 0 1 0 1 34 20 127 48 54 175
Y 11312600 0 1 0 1 32 20 115 59 52 174
Y 11312615 0 1 1 1 43 21 153 51 64 204
Y 11312664 0 1 0 1 21 19 60 56 40 116
Y 11312685 0 1 0 1 16 8 59 23 24 82
Y 11312689 0 1 1 1 15 6 59 18 21 77
Y 11312834 0 1 0 1 2 8 8 31 10 39
Y 11313448 0 1 0 0 2 8 0 33 10 33
Y 11314328 0 1 0 1 2 19 8 89 21 97
Y 11314330 0 1 0 1 5 16 16 79 21 95
Y 11314353 0 1 0 1 13 5 70 15 18 85
Y 11314356 0 1 0 1 2 20 8 79 22 87
Y 11314360 0 1 0 1 9 10 54 30 19 84
Y 11314361 0 1 0 1 4 13 19 69 17 88
Y 11314376 0 1 0 1 3 13 14 85 16 99
Y 11314382 0 1 0 1 7 10 8 84 17 92
Y 11314738 0 1 0 1 5 17 18 71 22 89
Y 11314752 0 1 0 1 3 27 12 102 30 114
Y 11314759 0 1 0 1 7 31 19 115 38 134
Y 11314772 0 1 0 1 6 28 30 123 34 153
Y 11314774 0 1 1 1 29 12 139 21 41 160
Y 11314790 0 1 0 1 13 68 43 258 81 301
Y 11314794 0 1 0 1 8 76 27 277 84 304
Y 11314805 0 1 0 1 10 73 43 258 83 301
Y 11314830 0 1 0 1 14 82 55 332 96 387
Y 11314831 0 1 0 1 19 75 89 259 94 348
Y 11314844 0 1 0 1 51 37 202 148 88 350
Y 11314845 0 1 0 1 10 81 33 352 91 385
Y 11314865 0 1 0 1 15 68 45 329 83 374
Y 11314868 0 1 0 1 8 64 33 312 72 345
Y 11314884 0 1 0 1 13 59 60 284 72 344
Y 11314890 0 1 0 1 31 36 145 160 67 305
Y 11314893 0 1 0 1 15 57 49 285 72 334
Y 11314894 0 1 0 1 15 61 50 298 76 348
Y 11314903 0 1 0 1 26 56 82 261 82 343
Y 11314907 0 1 0 1 14 66 38 299 80 337
Y 11314908 0 1 0 1 14 64 54 285 78 339
Y 11314917 0 1 0 1 9 65 39 308 74 347
Y 11314931 0 1 0 1 14 60 46 263 74 309
Y 11314941 0 1 0 1 5 57 36 238 62 274
Y 11314944 0 1 0 1 11 44 36 227 55 263
Y 11314945 0 1 0 1 11 47 26 224 58 250
Y 11314956 0 1 0 1 4 36 32 167 40 199
Y 11314957 0 1 0 1 4 36 20 165 40 185
Y 11314958 0 1 0 1 5 31 29 157 36 186
Y 11314967 0 1 0 1 3 26 18 154 29 172
Y 11314969 0 1 0 1 3 25 17 144 28 161
Y 11314981 0 1 0 1 5 11 14 41 16 55
Y 11315003 0 1 0 1 3 11 10 53 14 63
Y 11315013 0 1 0 1 4 5 16 28 9 44
Y 11315135 0 1 0 1 2 8 9 59 10 68
Y 11315138 0 1 0 1 3 8 20 48 11 68
Y 11315158 0 1 0 1 3 8 32 71 11 103
Y 11315172 0 1 0 1 2 11 26 76 13 102
Y 11315178 0 1 0 1 4 4 29 48 8 77
Y 11315181 0 1 0 0 2 14 0 103 16 103
Y 11315184 0 1 0 1 4 12 15 84 16 99
Y 11315185 0 1 0 1 2 15 15 90 17 105
Y 11315206 0 1 0 1 2 18 17 91 20 108
Y 11315207 0 1 0 1 3 18 9 100 21 109
Y 11315212 0 1 0 1 2 17 14 89 19 103
Y 11315217 0 1 0 1 2 14 13 84 16 97
Y 11315218 0 1 0 1 3 16 12 90 19 102
Y 11315226 0 1 0 1 11 6 34 57 17 91
Y 11315238 0 1 0 1 7 3 29 30 10 59
Y 11315240 0 1 0 1 7 4 22 31 11 53
Y 11315241 0 1 0 1 7 3 22 31 10 53
Y 11315242 0 1 0 1 4 8 28 28 12 56
Y 11316242 0 1 0 1 8 4 28 16 12 44
Y 11316249 0 1 0 1 2 9 4 42 11 46
Y 11316254 0 1 1 1 9 4 42 7 13 49
Y 11316268 0 1 0 1 2 12 8 42 14 50
Y 11316281 0 1 0 1 8 3 30 13 11 43
Y 11316293 0 1 0 1 3 7 7 34 10 41
Y 11318772 0 1 0 1 4 8 6 59 12 65
Y 11318814 0 1 0 0 2 11 0 66 13 66
Y 11318826 0 1 0 1 2 9 7 41 11 48
Y 11320854 0 1 0 1 2 9 5 37 11 42
Y 11320897 0 1 0 0 2 18 0 97 20 97
Y 11320917 0 1 0 1 3 13 9 81 16 90
Y 11320920 0 1 0 1 4 11 9 81 15 90
Y 11322538 0 1 0 1 2 12 12 32 14 44
Y 11322559 0 1 0 1 3 24 10 78 27 88
Y 11322563 0 1 0 1 4 19 10 80 23 90
Y 11322564 0 1 0 1 3 18 18 64 21 82
Y 11322566 0 1 0 1 5 18 11 77 23 88
Y 11322568 0 1 0 1 2 23 10 79 25 89
Y 11322570 0 1 0 1 8 23 28 65 31 93
Y 11322580 0 1 0 1 4 27 10 103 31 113
Y 11322581 0 1 0 1 3 23 15 96 26 111
Y 11322583 0 1 0 1 3 29 12 95 32 107
Y 11322584 0 1 0 1 4 28 17 94 32 111
Y 11322605 0 1 0 1 4 36 13 125 40 138
Y 11322607 0 1 0 1 4 28 16 117 32 133
Y 11322608 0 1 0 1 4 38 12 126 42 138
Y 11322616 0 1 0 1 21 14 85 48 35 133
Y 11322625 0 1 0 1 9 34 18 138 43 156
Y 11322635 0 1 0 1 5 35 35 119 40 154
Y 11322636 0 1 0 1 7 35 31 126 42 157
Y 11322637 0 1 0 1 6 37 21 136 43 157
Y 11322642 0 1 0 1 5 40 15 132 45 147
Y 11322661 0 1 0 1 9 29 19 110 38 129
Y 11322662 0 1 0 1 3 31 23 104 34 127
Y 11322694 0 1 0 1 10 22 18 100 32 118
Y 11322717 0 1 0 1 7 19 11 90 26 101
Y 11322738 0 1 0 1 2 23 14 71 25 85
Y 11322766 0 1 0 1 2 18 9 64 20 73
Y 11322791 0 1 0 1 7 4 19 14 11 33
Y 11323256 0 1 0 1 8 3 18 18 11 36
Y 11323262 0 1 0 1 2 10 8 39 12 47
Y 11323301 0 1 0 1 6 8 10 47 14 57
Y 11323308 0 1 0 1 4 12 8 56 16 64
Y 11323326 0 1 0 1 2 9 12 56 11 68
Y 11323328 0 1 0 1 3 11 8 70 14 78
Y 11323356 0 1 0 0 2 18 0 107 20 107
Y 11323365 0 1 0 1 8 11 68 27 19 95
Y 11323373 0 1 0 1 2 16 12 86 18 98
Y 11323376 0 1 0 1 13 6 54 58 19 112
Y 11323389 0 1 0 1 2 23 11 110 25 121
Y 11323394 0 1 0 1 4 20 11 110 24 121
Y 11323397 0 1 0 1 3 21 16 110 24 126
Y 11323403 0 1 0 1 2 21 15 104 23 119
Y 11323405 0 1 0 1 2 21 10 106 23 116
Y 11323419 0 1 0 1 4 17 9 90 21 99
Y 11323425 0 1 0 1 2 19 9 85 21 94
Y 11323444 0 1 0 1 7 4 23 9 11 32
Y 11323446 0 1 0 1 4 9 11 22 13 33
Y 11323450 0 1 0 0 3 11 0 47 14 47
Y 11323460 0 1 0 1 7 8 30 11 15 41
Y 11323461 0 1 0 1 3 12 5 43 15 48
Y 11323468 0 1 0 1 6 10 8 42 16 50
Y 11323485 0 1 0 1 2 11 8 50 13 58
Y 11323490 0 1 0 0 2 10 0 58 12 58
Y 11323499 0 1 0 1 6 5 21 30 11 51
Y 11324675 0 1 0 1 8 5 24 27 13 51
Y 11324686 0 1 0 1 2 12 7 48 14 55
Y 11324698 0 1 0 0 2 10 0 52 12 52
Y 11326409 0 1 0 1 5 5 23 8 10 31
Y 11327621 0 1 0 1 3 16 6 54 19 60
Y 11327624 0 1 0 1 2 20 6 65 22 71
Y 11327693 0 1 0 0 5 23 2 89 28 91
Y 11329903 0 1 0 1 12 10 47 29 22 76
Y 11329913 0 1 0 1 4 18 29 45 22 74
Y 11329937 0 1 0 1 13 10 50 39 23 89
Y 11329940 0 1 0 1 15 8 53 38 23 91
Y 11329943 0 1 0 1 6 16 21 65 22 86
Y 11329952 0 1 0 1 18 7 60 41 25 101
Y 11329961 0 1 0 1 5 21 18 82 26 100
Y 11329962 0 1 0 1 6 20 23 78 26 101
Y 11329975 0 1 0 0 2 22 0 93 24 93
Y 11329978 0 1 0 1 14 7 48 35 21 83
Y 11329996 0 1 0 1 4 21 10 64 25 74
Y 11330063 0 1 0 1 2 12 7 44 14 51
Y 11332029 0 1 0 0 3 6 2 55 9 57
Y 11332073 0 1 0 1 2 10 9 50 12 59
Y 11332080 0 1 0 0 2 7 0 48 9 48
Y 11332091 0 1 0 1 3 11 33 48 14 81
Y 11332102 0 1 0 1 7 16 23 100 23 123
Y 11332113 0 1 0 1 2 22 18 102 24 120
Y 11332118 0 1 0 1 4 18 15 93 22 108
Y 11332119 0 1 0 1 3 20 15 97 23 112
Y 11332126 0 1 0 1 3 18 11 101 21 112
Y 11332141 0 1 0 1 3 18 13 97 21 110
Y 11332148 0 1 0 1 4 16 22 90 20 112
Y 11332162 0 1 0 1 4 14 21 88 18 109
Y 11332177 0 1 0 1 4 8 15 64 12 79
Y 11332181 0 1 0 1 2 13 10 70 15 80
Y 11332182 0 1 0 1 11 4 32 44 15 76
Y 11332194 0 1 0 1 8 7 31 28 15 59
Y 11332214 0 1 0 1 9 7 40 36 16 76
Y 11332224 0 1 0 0 2 14 0 80 16 80
Y 11332234 0 1 0 0 2 18 0 82 20 82
Y 11332241 0 1 0 1 5 13 7 74 18 81
Y 11332448 0 1 0 1 2 10 5 43 12 48
Y 11332455 0 1 0 1 2 12 8 41 14 49
Y 11332458 0 1 0 1 6 7 6 42 13 48
Y 11332461 0 1 0 1 5 9 13 40 14 53
Y 11332469 0 1 0 1 2 14 7 43 16 50
Y 11332472 0 1 0 1 9 6 10 37 15 47
Y 11332476 0 1 0 1 2 12 4 43 14 47
Y 11332493 0 1 0 1 8 4 7 31 12 38
Y 11332494 0 1 0 1 8 3 9 29 11 38
Y 11332597 0 1 0 1 4 4 15 47 8 62
Y 11332611 0 1 0 0 2 7 0 77 9 77
Y 11332623 0 1 0 1 2 10 18 45 12 63
Y 11332637 0 1 0 1 2 9 6 47 11 53
Y 11332654 0 1 1 1 6 4 40 6 10 46
Y 11332662 0 1 0 1 2 13 10 62 15 72
Y 11332680 0 1 0 1 2 15 9 66 17 75
Y 11332694 0 1 0 1 2 16 17 50 18 67
Y 11332696 0 1 0 1 8 7 16 45 15 61
Y 11332708 0 1 0 1 3 15 8 44 18 52
Y 11332718 0 1 0 1 3 15 14 41 18 55
Y 11332723 0 1 0 1 3 14 5 48 17 53
Y 11332734 0 1 0 1 2 15 9 35 17 44
Y 11332738 0 1 0 1 5 15 5 51 20 56
Y 11332753 0 1 0 1 11 6 27 15 17 42
Y 11332774 0 1 0 1 4 9 5 31 13 36
Y 11332775 0 1 0 1 3 11 11 28 14 39
Y 11332781 0 1 0 0 2 12 0 50 14 50
Y 11332797 0 1 0 1 2 17 6 55 19 61
Y 11332798 0 1 0 1 3 16 8 55 19 63
Y 11332801 0 1 0 1 7 16 22 37 23 59
Y 11332804 0 1 0 1 8 10 18 49 18 67
Y 11332808 0 1 0 1 12 9 45 20 21 65
Y 11332818 0 1 0 1 6 18 17 65 24 82
Y 11332826 0 1 0 1 9 13 19 65 22 84
Y 11332827 0 1 0 1 3 22 14 81 25 95
Y 11332834 0 1 0 1 9 10 42 36 19 78
Y 11332851 0 1 0 1 4 30 15 135 34 150
Y 11332865 0 1 0 1 10 23 48 92 33 140
Y 11332867 0 1 0 1 4 29 12 128 33 140
Y 11332868 0 1 0 1 3 31 12 125 34 137
Y 11332870 0 1 0 1 7 23 22 104 30 126
Y 11332871 0 1 0 1 3 28 15 112 31 127
Y 11332879 0 1 0 1 4 26 29 95 30 124
Y 11332880 0 1 0 1 4 26 22 103 30 125
Y 11332882 0 1 0 1 8 21 14 104 29 118
Y 11332884 0 1 0 1 3 23 10 94 26 104
Y 11332885 0 1 0 1 4 21 29 60 25 89
Y 11332893 0 1 0 1 7 17 24 76 24 100
Y 11332894 0 1 0 1 2 23 18 97 25 115
Y 11332895 0 1 0 1 3 22 13 103 25 116
Y 11332904 0 1 0 1 6 19 22 76 25 98
Y 11332922 0 1 0 1 7 14 37 48 21 85
Y 11332923 0 1 0 1 2 17 11 68 19 79
Y 11332924 0 1 0 1 5 14 14 69 19 83
Y 11332925 0 1 1 1 14 6 69 15 20 84
Y 11332930 0 1 0 1 6 16 13 91 22 104
Y 11332947 0 1 0 1 3 14 14 85 17 99
Y 11332966 0 1 0 1 7 29 21 116 36 137
Y 11332973 0 1 0 1 6 29 17 100 35 117
Y 11332978 0 1 0 1 6 30 23 100 36 123
Y 11332988 0 1 0 1 4 31 20 103 35 123
Y 11332999 0 1 0 1 4 28 29 76 32 105
Y 11333005 0 1 0 1 10 12 39 43 22 82
Y 11333028 0 1 0 1 4 7 13 33 11 46
Y 11333032 0 1 0 1 3 8 4 28 11 32
Y 11333067 0 1 0 1 4 28 13 113 32 126
Y 11333071 0 1 0 1 19 13 66 52 32 118
Y 11333079 0 1 0 1 6 35 23 114 41 137
Y 11333080 0 1 0 1 4 36 18 127 40 145
Y 11333102 0 1 0 1 3 32 13 122 35 135
Y 11333112 0 1 0 1 6 31 16 134 37 150
Y 11333113 0 1 0 1 5 29 16 130 34 146
Y 11333118 0 1 0 1 10 22 40 98 32 138
Y 11333129 0 1 0 1 5 27 24 114 32 138
Y 11333150 0 1 0 1 2 8 7 64 10 71
Y 11333175 0 1 0 1 10 29 36 140 39 176
Y 11333194 0 1 0 1 6 61 50 261 67 311
Y 11333195 0 1 0 1 6 60 40 277 66 317
Y 11333203 0 1 0 1 11 53 34 304 64 338
Y 11333229 0 1 0 1 20 47 60 270 67 330
Y 11333237 0 1 0 1 6 50 30 240 56 270
Y 11333239 0 1 0 1 8 47 23 235 55 258
Y 11333248 0 1 0 1 5 42 25 184 47 209
Y 11333257 0 1 1 1 15 11 121 26 26 147
Y 11333259 0 1 0 1 8 17 12 136 25 148
Y 11333343 0 1 0 1 4 6 18 21 10 39
Y 11333353 0 1 0 1 6 7 34 17 13 51
Y 11333355 0 1 0 1 3 10 10 44 13 54
Y 11333357 0 1 0 1 6 7 21 37 13 58
Y 11333358 0 1 0 1 2 13 6 61 15 67
Y 11333359 0 1 0 1 2 15 7 65 17 72
Y 11333380 0 1 0 1 4 20 13 98 24 111
Y 11333398 0 1 0 1 7 18 23 109 25 132
Y 11333409 0 1 0 1 9 26 39 142 35 181
Y 11333410 0 1 0 1 6 29 17 173 35 190
Y 11333414 0 1 0 1 4 34 19 183 38 202
Y 11333419 0 1 0 1 4 37 24 195 41 219
Y 11333434 0 1 0 1 7 37 46 247 44 293
Y 11333435 0 1 0 1 6 38 49 241 44 290
Y 11333461 0 1 0 1 7 49 28 290 56 318
Y 11333466 0 1 0 1 5 54 32 273 59 305
Y 11333467 0 1 0 1 12 44 81 229 56 310
Y 11333484 0 1 0 1 9 47 66 231 56 297
Y 11333485 0 1 0 1 10 44 40 251 54 291
Y 11333489 0 1 0 1 7 46 38 238 53 276
Y 11333490 0 1 0 1 4 44 26 259 48 285
Y 11333502 0 1 0 1 7 45 41 209 52 250
Y 11333511 0 1 0 1 8 35 37 181 43 218
Y 11333512 0 1 0 1 11 35 49 162 46 211
Y 11333530 0 1 0 1 26 13 107 38 39 145
Y 11333535 0 1 0 1 3 34 11 115 37 126
Y 11333539 0 1 0 1 4 26 17 91 30 108
Y 11333540 0 1 0 1 5 24 13 90 29 103
Y 11333544 0 1 0 1 14 11 49 31 25 80
Y 11333563 0 1 0 1 3 9 6 53 12 59
Y 11333564 0 1 0 1 2 14 11 48 16 59
Y 11333594 0 1 0 1 4 15 14 46 19 60
Y 11333602 0 1 0 1 5 9 38 23 14 61
Y 11333604 0 1 0 1 2 17 6 62 19 68
Y 11333605 0 1 0 1 7 14 15 51 21 66
Y 11333606 0 1 0 1 4 18 9 60 22 69
Y 11333622 0 1 0 1 2 21 8 61 23 69
Y 11333627 0 1 0 1 6 18 20 57 24 77
Y 11333647 0 1 0 1 6 30 13 107 36 120
Y 11333654 0 1 0 1 12 22 48 58 34 106
Y 11333681 0 1 0 1 3 31 22 82 34 104
Y 11333682 0 1 0 1 6 30 12 97 36 109
Y 11333683 0 1 0 1 7 28 18 89 35 107
Y 11333691 0 1 0 1 16 7 70 21 23 91
Y 11333693 0 1 0 1 6 28 17 99 34 116
Y 11333695 0 1 0 1 7 26 28 89 33 117
Y 11333716 0 1 0 1 5 40 17 118 45 135
Y 11333719 0 1 0 1 7 36 12 113 43 125
Y 11333723 0 1 0 1 8 39 16 125 47 141
Y 11333742 0 1 0 1 9 40 17 146 49 163
Y 11333749 0 1 0 1 27 17 117 36 44 153
Y 11333751 0 1 0 1 8 45 16 153 53 169
Y 11333758 0 1 0 1 10 48 33 147 58 180
Y 11333769 0 1 0 1 14 47 34 174 61 208
Y 11333770 0 1 0 1 7 56 32 176 63 208
Y 11333799 0 1 0 1 32 20 114 90 52 204
Y 11333800 0 1 0 1 8 52 27 183 60 210
Y 11333815 0 1 0 1 10 40 30 175 50 205
Y 11333831 0 1 0 1 9 38 26 161 47 187
Y 11333832 0 1 0 1 4 42 19 166 46 185
Y 11333839 0 1 0 1 8 34 44 141 42 185
Y 11333847 0 1 0 1 5 37 35 131 42 166
Y 11333848 0 1 0 1 8 25 17 147 33 164
Y 11333851 0 1 0 1 4 23 16 135 27 151
Y 11333854 0 1 0 1 5 20 15 146 25 161
Y 11333856 0 1 0 1 3 24 15 139 27 154
Y 11333857 0 1 0 1 3 26 23 151 29 174
Y 11333863 0 1 0 1 9 27 30 164 36 194
Y 11333871 0 1 0 1 4 41 17 190 45 207
Y 11333872 0 1 0 1 10 31 29 168 41 197
Y 11333877 0 1 0 1 4 37 19 162 41 181
Y 11333894 0 1 0 1 5 41 30 196 46 226
Y 11333896 0 1 0 1 5 46 34 203 51 237
Y 11333928 0 1 0 1 4 43 22 191 47 213
Y 11333929 0 1 0 1 5 44 34 195 49 229
Y 11333946 0 1 0 1 2 15 6 61 17 67
Y 11333951 0 1 0 1 3 13 5 49 16 54
Y 11333952 0 1 0 1 6 6 24 25 12 49
Y 11333958 0 1 0 1 5 12 11 39 17 50
Y 11333959 0 1 0 1 12 7 24 29 19 53
Y 11333968 0 1 0 1 4 36 24 155 40 179
Y 11333977 0 1 0 1 10 33 31 182 43 213
Y 11334006 0 1 0 1 5 40 33 169 45 202
Y 11334011 0 1 0 1 25 16 111 68 41 179
Y 11334012 0 1 0 1 19 20 82 95 39 177
Y 11334013 0 1 0 1 6 37 19 164 43 183
Y 11334020 0 1 0 1 4 37 32 153 41 185
Y 11334021 0 1 0 1 5 32 17 146 37 163
Y 11334029 0 1 0 1 25 14 81 97 39 178
Y 11334034 0 1 0 1 11 37 30 222 48 252
Y 11334054 0 1 0 1 9 38 71 157 47 228
Y 11334073 0 1 0 1 7 34 30 204 41 234
Y 11334074 0 1 0 1 8 33 28 198 41 226
Y 11334079 0 1 0 1 4 34 30 186 38 216
Y 11334080 0 1 0 1 6 29 26 168 35 194
Y 11334081 0 1 0 1 5 28 38 161 33 199
Y 11334084 0 1 0 1 3 29 22 176 32 198
Y 11334099 0 1 0 1 4 23 17 146 27 163
Y 11334102 0 1 0 1 17 9 91 58 26 149
Y 11334103 0 1 0 1 3 25 21 160 28 181
Y 11334137 0 1 0 1 15 14 80 61 29 141
Y 11334144 0 1 0 1 20 8 88 46 28 134
Y 11334147 0 1 0 1 13 17 86 44 30 130
Y 11334159 0 1 0 1 4 30 17 125 34 142
Y 11334162 0 1 0 0 9 27 8 153 36 161
Y 11334176 0 1 0 1 10 29 23 141 39 164
Y 11334195 0 1 0 1 5 31 21 137 36 158
Y 11334225 0 1 1 1 17 7 93 10 24 103
Y 11334230 0 1 0 1 17 6 69 20 23 89
Y 11334245 0 1 0 0 3 20 0 89 23 89
Y 11334257 0 1 0 1 5 20 13 62 25 75
Y 11643693 0 1 0 1 2 16 4 41 18 45
Y 11643725 0 1 0 0 3 12 0 46 15 46
Y 11643726 0 1 0 1 5 7 10 27 12 37
Y 11721935 0 1 0 1 14 9 28 27 23 55
Y 11721940 0 1 0 1 7 37 29 92 44 121
Y 11721947 0 1 0 1 15 72 52 279 87 331
Y 11722012 0 1 1 1 120 68 598 157 188 755
Y 11722024 0 1 0 1 39 120 128 620 159 748
Y 11722025 0 1 0 1 24 139 87 599 163 686
Y 11722050 0 1 0 1 8 65 25 236 73 261
Y 11722091 0 1 0 1 4 28 15 104 32 119
Y 11722097 0 1 0 1 14 20 41 80 34 121
Y 11722099 0 1 0 1 7 28 16 106 35 122
Y 11722100 0 1 0 1 6 26 14 99 32 113
Y 11722112 0 1 0 1 11 10 48 40 21 88
Y 11722122 0 1 0 1 5 11 10 61 16 71
Y 11723311 0 1 0 1 2 8 3 30 10 33
Y 11747669 0 1 0 1 2 16 10 60 18 70
Y 11747683 0 1 0 1 3 19 9 83 22 92
Y 11747688 0 1 0 1 5 20 22 65 25 87
Y 11747749 0 1 0 0 2 11 0 47 13 47
Y 26440648 0 1 0 1 5 13 6 32 18 38
Y 56832419 0 1 0 1 2 8 4 36 10 40
Y 56832430 0 1 0 1 2 9 4 36 11 40
Y 56832454 0 1 1 1 6 6 30 7 12 37
Y 56834006 0 1 0 1 3 8 7 27 11 34
Y 56834012 0 1 0 1 3 9 7 27 12 34
Y 56834028 0 1 0 1 3 8 4 30 11 34
Y 56834565 0 1 0 1 2 7 4 35 9 39
Y 56836813 0 1 0 1 8 3 21 11 11 32
Y 56836820 0 1 0 1 2 9 7 27 11 34
Y 56855282 0 1 0 1 2 8 22 33 10 55
Y 56855325 0 1 0 1 5 12 13 78 17 91
Y 56855347 0 1 0 1 3 16 20 76 19 96
Y 56855380 0 1 0 1 4 19 21 76 23 97
Y 56855457 0 1 0 1 2 15 12 59 17 71
Y 56855461 0 1 0 1 4 13 29 41 17 70
Y 56871103 0 1 0 1 6 7 18 17 13 35
