chr pos bloodGT1 bloodGT2 tumorGT1 tumorGT2 AN BN AT BT sN sT
22 10685500 0 1 0 1 4 7 23 26 11 49
22 10685603 0 1 0 1 10 43 59 212 53 271
22 10685693 0 1 0 1 26 24 89 122 50 211
22 10685824 0 1 0 1 6 13 47 62 19 109
22 10685838 0 1 0 1 4 12 39 50 16 89
22 10700081 0 1 0 1 4 12 32 46 16 78
22 10703585 0 1 0 1 16 28 69 99 44 168
22 10703631 0 1 0 1 15 37 63 168 52 231
22 10741924 0 1 0 1 2 18 12 136 20 148
22 10741950 0 1 0 1 7 22 54 111 29 165
22 10742002 0 1 0 1 29 25 140 129 54 269
22 10742073 0 1 0 1 29 70 130 322 99 452
22 10742088 0 1 0 1 32 63 142 316 95 458
22 10742140 0 1 0 1 25 41 161 165 66 326
22 10742153 0 1 0 1 9 43 38 228 52 266
22 10742271 0 1 0 1 17 10 53 44 27 97
22 10742274 0 1 0 1 7 18 25 63 25 88
22 10742283 0 1 0 1 5 21 13 81 26 94
22 10742356 0 1 0 1 3 7 20 35 10 55
22 10752615 0 1 0 1 2 13 12 80 15 92
22 10752675 0 1 0 1 8 23 46 128 31 174
22 10752736 0 1 0 1 17 48 89 244 65 333
22 10753022 0 1 0 1 5 37 18 138 42 156
22 10753035 0 1 0 1 11 24 45 86 35 131
22 10753085 0 1 0 1 5 6 19 27 11 46
22 10753092 0 1 0 1 3 9 11 30 12 41
22 10940563 0 1 0 1 4 31 13 102 35 115
22 10940571 0 1 0 1 5 34 15 109 39 124
22 10940603 0 1 0 1 5 32 16 108 37 124
22 10940604 0 1 0 1 5 32 16 102 37 118
22 10940609 0 1 0 1 5 30 16 105 35 121
22 10941923 0 1 0 1 7 12 18 66 19 84
22 10941931 0 1 0 1 7 9 20 54 16 74
22 10941938 0 1 0 1 7 9 21 44 16 65
22 10941966 0 1 0 1 8 4 30 24 12 54
22 10941982 0 1 0 1 9 4 25 23 13 48
22 10941990 0 1 0 1 9 4 33 18 13 51
22 10941995 0 1 0 1 3 8 14 38 11 52
22 10944825 0 1 0 1 4 6 26 15 10 41
22 10947467 0 1 0 0 2 20 0 86 22 86
22 10949197 0 1 0 1 3 15 19 82 18 101
22 10949210 0 1 0 1 4 17 19 91 21 110
22 10949395 0 1 0 1 3 9 14 48 12 62
22 10959110 0 1 0 1 2 15 5 56 17 61
22 10960433 0 1 0 1 3 18 26 132 21 158
22 10960436 0 1 0 1 4 19 22 134 23 156
22 10960489 0 1 0 1 18 13 82 63 31 145
22 10960554 0 1 0 1 4 23 15 94 27 109
22 10960571 0 1 0 1 3 20 14 90 23 104
22 10960572 0 1 0 1 3 18 15 90 21 105
22 10960606 0 1 0 1 3 15 12 75 18 87
22 10960638 0 1 0 1 4 10 8 59 14 67
22 10961411 0 1 0 1 2 7 16 43 9 59
22 10965068 0 1 0 1 3 13 8 31 16 39
22 10965101 0 1 0 1 5 15 14 47 20 61
22 10965117 0 1 0 1 5 18 18 56 23 74
22 10965137 0 1 0 1 5 17 18 64 22 82
22 10965144 0 1 0 0 2 20 0 82 22 82
22 10965160 0 1 0 1 5 20 17 66 25 83
22 10965172 0 1 0 1 9 11 51 32 20 83
22 10965178 0 1 0 1 4 18 14 62 22 76
22 10965180 0 1 0 1 4 17 14 58 21 72
22 10965209 0 1 0 1 2 11 8 43 13 51
22 10965216 0 1 0 1 2 12 5 40 14 45
22 10965231 0 1 0 1 2 12 5 44 14 49
22 11036979 0 1 0 1 4 7 22 9 11 31
22 11040922 0 1 0 1 3 9 13 15 12 28
22 11040997 0 1 0 1 6 8 33 28 14 61
22 11041003 0 1 0 1 4 8 5 55 12 60
22 11041210 0 1 0 1 4 6 15 35 10 50
22 11050486 0 1 0 1 5 27 13 140 32 153
22 11050488 0 1 0 1 7 25 36 117 32 153
22 11050504 0 1 0 1 10 26 39 133 36 172
22 11050529 0 1 0 1 11 27 45 125 38 170
22 11050536 0 1 0 1 12 26 46 136 38 182
22 11050549 0 1 0 1 11 27 45 120 38 165
22 11050622 0 1 0 1 9 6 27 23 15 50
22 11066249 0 1 0 1 10 4 21 19 14 40
22 11066385 0 1 0 1 4 20 19 122 24 141
22 11066411 0 1 0 1 10 16 66 101 26 167
22 11066446 0 1 0 1 17 16 100 104 33 204
22 11066465 0 1 0 1 14 18 100 104 32 204
22 11066466 0 1 0 1 10 21 85 126 31 211
22 11066573 0 1 0 1 11 49 111 201 60 312
22 11066582 0 1 0 1 8 49 80 206 57 286
22 11066602 0 1 0 1 16 35 57 212 51 269
22 11066611 0 1 0 1 32 22 171 75 54 246
22 11066624 0 1 0 1 10 35 36 203 45 239
22 11066628 0 1 0 1 4 42 32 187 46 219
22 11066636 0 1 0 1 11 30 50 170 41 220
22 11066643 0 1 0 1 12 25 61 148 37 209
22 11066652 0 1 0 1 12 24 50 134 36 184
22 11066653 0 1 0 1 27 11 125 63 38 188
22 11066715 0 1 0 1 4 18 14 84 22 98
22 11066725 0 1 0 1 10 8 47 30 18 77
22 11066726 0 1 0 1 9 9 46 33 18 79
22 11066797 0 1 0 1 8 7 19 17 15 36
22 11066798 0 1 0 1 9 9 23 18 18 41
22 11068044 0 1 1 1 8 3 80 9 11 89
22 11068074 0 1 0 1 6 4 52 44 10 96
22 11068089 0 1 0 1 4 7 25 69 11 94
22 11068101 0 1 0 1 8 3 67 31 11 98
22 11068117 0 1 0 1 3 9 13 87 12 100
22 11068129 0 1 0 1 3 8 40 56 11 96
22 11068158 0 1 0 1 5 7 21 61 12 82
22 11068161 0 1 0 1 8 4 54 25 12 79
22 11253082 0 1 0 1 4 7 24 27 11 51
22 11253243 0 1 0 1 9 8 15 12 17 27
22 11253512 0 1 0 0 2 10 0 49 12 49
22 11253513 0 1 0 0 2 11 0 54 13 54
22 11279296 0 1 0 1 3 7 19 34 10 53
22 11285062 0 1 0 1 8 21 27 101 29 128
22 11285120 0 1 0 1 16 24 52 132 40 184
22 11285138 0 1 0 1 17 23 47 143 40 190
22 11285172 0 1 0 1 8 23 19 131 31 150
22 11285175 0 1 0 1 6 21 19 133 27 152
22 11285333 0 1 0 1 7 15 13 78 22 91
22 11285349 0 1 0 1 7 13 17 69 20 86
22 11285409 0 1 0 1 2 13 12 58 15 70
22 11286454 0 1 0 1 2 11 16 43 13 59
22 11286476 0 1 0 1 2 9 13 39 11 52
22 11286483 0 1 0 1 2 9 11 40 11 51
22 11318976 0 1 0 1 13 17 50 52 30 102
22 11319132 0 1 0 1 3 25 13 90 28 103
22 11360942 0 1 0 1 7 4 19 12 11 31
22 11477360 0 1 0 1 2 11 14 41 13 55
22 11477380 0 1 0 1 2 11 16 46 13 62
22 11477414 0 1 0 1 2 8 17 49 10 66
22 11477429 0 1 0 1 2 13 15 58 15 73
22 11477463 0 1 0 1 2 11 13 57 13 70
22 11477474 0 1 0 1 2 12 13 59 14 72
22 11477479 0 1 0 1 2 13 13 57 15 70
22 11477482 0 1 0 1 2 13 13 61 15 74
22 11561762 0 1 0 1 7 6 37 34 13 71
22 11597003 0 1 0 1 3 10 20 42 13 62
22 11597016 0 1 0 1 2 12 10 54 14 64
22 11597017 0 1 0 1 3 9 20 42 12 62
22 11597032 0 1 0 1 3 10 23 40 13 63
22 11598366 0 1 0 1 12 10 77 49 22 126
22 11628665 0 1 0 1 35 38 208 170 73 378
22 11628948 0 1 0 1 6 12 46 37 18 83
22 11629318 0 1 0 1 27 20 108 109 47 217
22 11629409 0 1 0 1 10 24 26 130 34 156
22 12601253 0 1 0 1 31 27 143 103 58 246
22 12602430 0 1 0 1 10 11 44 32 21 76
22 12602521 0 1 0 1 5 9 41 58 14 99
22 12603224 0 1 0 1 2 8 10 28 10 38
22 12604659 0 1 0 1 2 10 4 26 12 30
22 12604681 0 1 0 1 3 11 4 45 14 49
22 12616347 0 1 0 1 11 12 24 24 23 48
22 12618174 0 1 0 1 4 21 23 93 25 116
22 12618193 0 1 0 1 2 20 15 92 22 107
22 12620843 0 1 1 1 25 11 81 23 36 104
22 12620947 0 1 0 1 11 31 26 127 42 153
22 12623342 0 1 0 1 12 9 51 39 21 90
22 12623583 0 1 0 1 3 8 14 43 11 57
22 12624180 0 1 0 1 13 15 31 116 28 147
22 12625466 0 1 0 1 4 41 25 170 45 195
22 12625534 0 1 0 1 3 30 12 131 33 143
22 12626690 0 1 0 1 3 29 26 91 32 117
22 12692877 0 1 0 1 4 9 11 46 13 57
22 12692890 0 1 0 1 2 8 8 45 10 53
22 12692916 0 1 0 1 7 4 22 19 11 41
22 12693442 0 1 0 0 3 9 0 30 12 30
22 12693446 0 1 0 1 6 4 14 16 10 30
22 12693485 0 1 0 1 2 11 4 30 13 34
22 12693671 0 1 0 1 4 9 10 73 13 83
22 12693673 0 1 0 1 2 17 19 80 19 99
22 12693682 0 1 0 1 2 19 9 90 21 99
22 12693683 0 1 0 1 4 17 17 94 21 111
22 12693687 0 1 0 1 2 20 17 96 22 113
22 12693688 0 1 0 1 4 17 19 95 21 114
22 12693690 0 1 0 1 11 12 37 82 23 119
22 12693698 0 1 0 1 9 19 17 110 28 127
22 12693713 0 1 0 1 3 25 21 109 28 130
22 12693714 0 1 0 1 3 24 16 106 27 122
22 12693715 0 1 0 1 6 23 29 104 29 133
22 12693730 0 1 0 1 8 23 34 109 31 143
22 12693733 0 1 0 1 18 12 52 96 30 148
22 12693738 0 1 0 1 15 19 76 76 34 152
22 12693768 0 1 0 1 4 39 14 158 43 172
22 12693772 0 1 0 1 9 31 30 143 40 173
22 12693787 0 1 0 1 4 28 25 129 32 154
22 12693792 0 1 0 1 6 27 17 140 33 157
22 12693795 0 1 1 1 19 9 118 29 28 147
22 12693796 0 1 0 1 8 25 29 150 33 179
22 12693797 0 1 0 1 6 29 27 156 35 183
22 12693801 0 1 0 1 6 40 25 175 46 200
22 12693814 0 1 0 1 26 13 131 41 39 172
22 12693823 0 1 0 1 6 50 21 199 56 220
22 12693824 0 1 0 1 7 48 32 199 55 231
22 12693828 0 1 0 1 7 50 43 189 57 232
22 12693831 0 1 0 1 11 46 38 185 57 223
22 12693832 0 1 0 1 10 44 32 176 54 208
22 12693851 0 1 0 1 15 28 45 137 43 182
22 12693852 0 1 0 1 8 32 22 156 40 178
22 12693853 0 1 0 1 5 31 31 142 36 173
22 12693862 0 1 0 1 6 27 18 131 33 149
22 12693863 0 1 0 1 16 15 86 62 31 148
22 12693870 0 1 0 1 5 26 12 127 31 139
22 12693871 0 1 0 1 10 20 21 111 30 132
22 12693873 0 1 0 1 3 27 11 115 30 126
22 12693874 0 1 0 1 18 10 59 53 28 112
22 12693875 0 1 0 1 5 23 21 92 28 113
22 12693876 0 1 0 1 3 27 17 100 30 117
22 12693881 0 1 0 1 5 22 15 86 27 101
22 12693882 0 1 0 1 6 19 31 62 25 93
22 12693883 0 1 0 1 11 8 68 31 19 99
22 12693888 0 1 0 1 5 17 23 64 22 87
22 12693896 0 1 0 1 8 18 13 98 26 111
22 12693907 0 1 0 1 10 6 37 39 16 76
22 12693915 0 1 0 1 3 17 7 76 20 83
22 12693924 0 1 0 1 3 25 17 90 28 107
22 12693935 0 1 0 1 3 27 9 99 30 108
22 12693947 0 1 0 1 4 29 23 75 33 98
22 12693955 0 1 0 1 5 30 12 82 35 94
22 12693956 0 1 0 1 18 17 57 32 35 89
22 12693959 0 1 0 1 4 31 8 85 35 93
22 12693969 0 1 0 1 9 19 34 44 28 78
22 12693973 0 1 0 1 5 28 8 69 33 77
22 12693977 0 1 0 1 24 11 62 23 35 85
22 12693978 0 1 0 1 19 14 59 24 33 83
22 12693988 0 1 0 1 6 34 13 83 40 96
22 12693990 0 1 0 1 6 34 12 76 40 88
22 12693994 0 1 0 1 21 20 49 57 41 106
22 12694026 0 1 0 1 7 18 11 52 25 63
22 15528179 0 1 0 1 5 29 27 109 34 136
22 15528424 0 1 0 1 7 52 42 196 59 238
22 15528446 0 1 0 1 6 44 33 155 50 188
22 15528913 0 1 0 1 36 47 143 168 83 311
22 15562588 0 1 0 1 5 13 14 45 18 59
22 15562606 0 1 0 1 5 10 18 43 15 61
22 15562642 0 1 0 1 5 8 14 29 13 43
22 15563285 0 1 0 1 8 9 33 45 17 78
22 15563496 0 1 0 1 9 30 35 121 39 156
22 15563583 0 1 0 1 19 76 108 333 95 441
22 15563615 0 1 0 1 39 77 230 380 116 610
22 15563665 0 1 0 1 13 140 99 675 153 774
22 15563718 0 1 0 1 24 74 153 370 98 523
22 15563763 0 1 0 1 21 28 129 129 49 258
22 15573123 0 1 0 1 4 28 11 97 32 108
22 15573203 0 1 0 1 6 38 17 134 44 151
22 15573224 0 1 0 1 7 32 14 128 39 142
22 15575606 0 1 0 1 2 11 19 26 13 45
22 15575613 0 1 0 1 3 13 14 32 16 46
22 15575667 0 1 0 1 4 13 31 49 17 80
22 15575675 0 1 0 1 7 11 15 69 18 84
22 15628250 0 1 0 1 2 8 10 50 10 60
22 15698544 0 1 0 1 2 16 11 96 18 107
22 15700008 0 1 0 1 4 8 18 40 12 58
22 15721451 0 1 0 1 17 44 80 158 61 238
22 15721533 0 1 0 1 7 20 39 93 27 132
22 15721611 0 1 0 1 2 10 13 39 12 52
22 15721885 0 1 0 1 5 14 8 90 19 98
22 15722072 0 1 0 1 18 66 95 477 84 572
22 15722098 0 1 0 1 17 88 109 575 105 684
22 15722114 0 1 0 1 18 95 99 608 113 707
22 15722137 0 1 0 1 15 85 79 527 100 606
22 15722216 0 1 0 1 9 28 39 155 37 194
22 15722241 0 1 0 1 7 28 21 166 35 187
22 15722253 0 1 0 1 5 28 25 130 33 155
22 15722318 0 1 0 1 3 14 23 90 17 113
22 15722437 0 1 0 1 7 6 29 22 13 51
22 15748194 0 1 0 1 3 8 5 24 11 29
22 15820050 0 1 0 1 3 9 33 46 12 79
22 15820080 0 1 0 1 5 15 59 65 20 124
22 15820122 0 1 0 0 2 18 0 127 20 127
22 15820262 0 1 0 1 8 4 26 14 12 40
22 15854334 0 1 0 1 4 15 14 79 19 93
22 15854347 0 1 0 1 3 18 14 88 21 102
22 15854494 0 1 0 1 14 7 59 34 21 93
22 15854496 0 1 0 1 5 17 14 78 22 92
22 15854799 0 1 0 1 5 25 30 123 30 153
22 16136818 0 1 0 1 7 14 30 80 21 110
22 16136819 0 1 0 1 7 14 30 80 21 110
22 16136832 0 1 0 1 7 13 28 78 20 106
22 16137186 0 1 0 1 6 7 20 51 13 71
22 16140510 0 1 0 1 5 9 27 31 14 58
22 16140529 0 1 0 1 8 4 27 23 12 50
22 16196814 0 1 0 1 8 7 32 34 15 66
22 16196823 0 1 0 1 7 5 31 32 12 63
22 16197118 0 1 0 1 5 10 29 24 15 53
22 16197130 0 1 0 1 6 10 31 23 16 54
22 16354730 0 1 0 1 6 19 12 94 25 106
22 16354735 0 1 0 1 11 16 18 94 27 112
22 16390411 0 1 0 1 2 11 41 28 13 69
22 16429074 0 1 0 1 2 16 10 98 18 108
22 16429095 0 1 0 1 3 12 13 69 15 82
22 16433278 0 1 0 1 5 10 17 45 15 62
22 16433284 0 1 0 1 2 14 7 68 16 75
22 16433288 0 1 0 1 8 8 32 48 16 80
22 16433338 0 1 0 1 4 26 16 119 30 135
22 16433422 0 1 0 1 8 13 58 95 21 153
22 16433447 0 1 0 1 11 9 55 84 20 139
22 16433448 0 1 0 1 5 15 18 115 20 133
22 16439344 0 1 0 1 3 13 14 39 16 53
22 16439345 0 1 0 1 2 13 10 47 15 57
22 16439359 0 1 0 1 3 10 14 38 13 52
22 16439400 0 1 0 1 2 9 13 33 11 46
22 16439406 0 1 0 1 2 8 10 28 10 38
22 16472986 0 1 0 1 13 5 19 14 18 33
22 16573197 0 1 0 0 2 23 0 102 25 102
22 16574568 0 1 0 1 9 14 56 64 23 120
22 16579276 0 1 0 1 6 5 19 22 11 41
22 16591593 0 1 0 1 119 146 550 598 265 1148
22 16592176 0 1 0 1 41 37 191 234 78 425
22 16602262 0 1 0 1 22 9 61 57 31 118
22 16650526 0 1 0 1 6 7 36 32 13 68
22 16692122 0 1 0 1 30 22 89 95 52 184
22 16692233 0 1 0 1 9 10 37 37 19 74
22 16694664 0 1 0 1 41 39 154 171 80 325
22 16694891 0 1 0 1 6 8 42 44 14 86
22 16694927 0 1 0 1 6 6 28 38 12 66
22 16695138 0 1 0 1 4 13 54 34 17 88
22 16695374 0 1 0 0 2 21 0 109 23 109
22 16695488 0 1 0 1 13 11 47 42 24 89
22 16696792 0 1 0 1 3 8 24 30 11 54
22 16696856 0 1 0 1 8 8 47 57 16 104
22 16696904 0 1 0 1 11 10 54 67 21 121
22 16696923 0 1 0 1 12 9 62 73 21 135
22 16697125 0 1 0 1 16 18 79 84 34 163
22 16697294 0 1 0 1 25 30 112 190 55 302
22 16697314 0 1 0 1 23 28 118 177 51 295
22 16697323 0 1 0 1 24 29 133 174 53 307
22 16697340 0 1 0 1 27 29 133 152 56 285
22 16697442 0 1 0 1 26 36 170 179 62 349
22 16697589 0 1 0 1 61 59 281 319 120 600
22 16697794 0 1 0 1 64 56 218 216 120 434
22 16698034 0 1 0 1 28 38 133 113 66 246
22 16698096 0 1 0 1 14 32 95 87 46 182
22 16700530 0 1 0 1 6 9 15 25 15 40
22 16783675 0 1 0 1 9 10 42 42 19 84
22 16784014 0 1 0 1 23 27 89 102 50 191
22 16784234 0 1 0 1 15 16 57 58 31 115
22 16784304 0 1 0 1 16 19 70 81 35 151
22 16845952 0 1 0 1 6 12 62 51 18 113
22 16846178 0 1 0 1 9 8 38 33 17 71
22 16857904 0 1 0 1 12 9 39 45 21 84
22 16858113 0 1 0 1 9 9 41 35 18 76
22 16858150 0 1 0 1 6 8 34 36 14 70
22 16858178 0 1 0 1 7 7 34 33 14 67
22 16858239 0 1 0 1 7 11 31 36 18 67
22 16858254 0 1 0 1 7 14 36 40 21 76
22 16858514 0 1 0 1 8 8 46 31 16 77
22 16858722 0 1 0 1 6 10 29 24 16 53
22 16858784 0 1 0 1 9 13 40 29 22 69
22 16858785 0 1 0 1 9 13 39 31 22 70
22 16858954 0 1 0 1 19 14 72 65 33 137
22 16859475 0 1 0 1 11 21 83 63 32 146
22 16859908 0 1 0 1 19 10 51 54 29 105
22 16860016 0 1 0 1 8 9 35 33 17 68
22 16860344 0 1 0 1 9 13 74 70 22 144
22 16933495 0 1 0 1 5 15 25 27 20 52
22 16933504 0 1 0 1 4 19 28 29 23 57
22 16933779 0 1 0 1 19 27 67 82 46 149
22 16964612 0 1 0 1 12 14 40 47 26 87
22 16966101 0 1 0 1 12 17 93 72 29 165
22 16966548 0 1 0 1 10 4 35 35 14 70
22 16968186 0 1 0 1 22 22 79 107 44 186
22 16988136 0 1 0 1 15 19 76 92 34 168
22 16988159 0 1 0 1 17 19 72 90 36 162
22 17007837 0 1 0 1 5 5 30 15 10 45
22 17008114 0 1 0 0 2 21 0 82 23 82
22 17084998 0 1 0 1 13 15 104 68 28 172
22 17085042 0 1 0 1 25 22 153 88 47 241
22 17085084 0 1 0 1 18 14 126 74 32 200
22 17101886 0 1 0 1 15 23 79 78 38 157
22 17105705 0 1 0 1 10 5 45 34 15 79
22 17105741 0 1 0 1 6 5 41 28 11 69
22 17108262 0 1 0 1 10 11 65 63 21 128
22 17108319 0 1 0 1 11 14 87 112 25 199
22 17108677 0 1 0 1 52 70 298 263 122 561
22 17109379 0 1 0 1 23 32 118 127 55 245
22 17109854 0 1 0 1 19 15 84 93 34 177
22 17120087 0 1 0 1 51 60 205 230 111 435
22 17138402 0 1 0 1 23 16 72 100 39 172
22 17138826 0 1 0 1 25 26 96 89 51 185
22 17149499 0 1 0 1 3 11 18 21 14 39
22 17149596 0 1 0 1 10 12 63 72 22 135
22 17159155 0 1 0 1 6 5 37 39 11 76
22 17181701 0 1 0 1 13 8 33 32 21 65
22 17181789 0 1 0 1 7 14 44 51 21 95
22 17181809 0 1 0 1 12 16 54 61 28 115
22 17181903 0 1 0 1 13 35 113 128 48 241
22 17182027 0 1 0 1 13 39 97 129 52 226
22 17188261 0 1 0 1 11 7 43 41 18 84
22 17188579 0 1 0 1 7 3 36 25 10 61
22 17190243 0 1 0 1 24 44 135 136 68 271
22 17190373 0 1 0 0 2 19 0 80 21 80
22 17207323 0 1 0 1 7 7 38 34 14 72
22 17477717 0 1 0 1 27 12 107 92 39 199
22 17477845 0 1 0 1 18 9 40 40 27 80
22 17511820 0 1 0 1 17 21 68 94 38 162
22 17538820 0 1 0 1 10 11 30 28 21 58
22 17538915 0 1 0 1 14 14 28 36 28 64
22 17551859 0 1 0 1 12 14 58 61 26 119
22 17552541 0 1 0 1 5 6 21 18 11 39
22 17831938 0 1 0 0 2 23 0 101 25 101
22 17872000 0 1 0 1 57 43 202 185 100 387
22 17885782 0 1 0 1 25 34 96 120 59 216
22 17887150 0 1 0 1 22 17 75 88 39 163
22 17891384 0 1 0 1 20 17 55 66 37 121
22 17893845 0 1 0 0 2 17 0 81 19 81
22 17896687 0 1 0 1 38 47 169 182 85 351
22 17906782 0 1 0 1 13 23 70 63 36 133
22 17980842 0 1 0 1 18 11 53 66 29 119
22 17980981 0 1 0 1 37 23 120 133 60 253
22 18088242 0 1 0 1 36 26 119 118 62 237
22 18101667 0 1 0 1 6 9 33 29 15 62
22 18145948 0 1 0 1 24 18 97 94 42 191
22 18160399 0 1 0 1 9 5 23 19 14 42
22 18167094 0 1 0 1 23 17 126 111 40 237
22 18167155 0 1 0 1 40 48 203 234 88 437
22 18167915 0 1 0 1 56 49 285 293 105 578
22 18173093 0 1 0 1 65 69 247 260 134 507
22 18173426 0 1 0 1 5 6 37 37 11 74
22 18184900 0 1 0 1 24 35 90 145 59 235
22 18184963 0 1 0 1 24 58 89 198 82 287
22 18186038 0 1 0 1 30 63 126 280 93 406
22 18186053 0 1 0 1 9 79 44 402 88 446
22 18186065 0 1 0 1 17 64 106 326 81 432
22 18186111 0 1 0 1 38 33 214 119 71 333
22 18186145 0 1 0 1 11 54 76 243 65 319
22 18186210 0 1 0 1 7 53 55 239 60 294
22 18186231 0 1 0 1 21 32 87 182 53 269
22 18186366 0 1 0 1 9 58 68 276 67 344
22 18186384 0 1 0 1 45 19 200 87 64 287
22 18188614 0 1 0 1 12 39 30 174 51 204
22 18191280 0 1 0 1 3 12 21 80 15 101
22 18369758 0 1 0 1 12 21 44 73 33 117
22 18369909 0 1 0 1 15 10 58 80 25 138
22 18370073 0 1 0 1 10 48 42 163 58 205
22 18370109 0 1 0 1 13 43 46 149 56 195
22 18370160 0 1 0 1 5 31 23 153 36 176
22 18370246 0 1 0 1 8 20 48 123 28 171
22 18370427 0 1 0 1 10 42 42 231 52 273
22 18370618 0 1 0 1 16 97 83 456 113 539
22 18370631 0 1 0 1 20 94 91 421 114 512
22 18373376 0 1 0 1 6 45 41 201 51 242
22 18373513 0 1 0 1 3 17 13 96 20 109
22 18492187 0 1 0 1 6 38 45 199 44 244
22 18492247 0 1 0 1 20 80 105 350 100 455
22 18492251 0 1 0 1 18 82 104 385 100 489
22 18492263 0 1 0 1 29 98 108 461 127 569
22 18492290 0 1 0 1 23 119 69 529 142 598
22 18492299 0 1 0 1 21 109 93 429 130 522
22 18492481 0 1 0 1 11 30 49 123 41 172
22 18492707 0 1 0 1 5 27 47 123 32 170
22 18493332 0 1 0 1 15 17 36 76 32 112
22 18493402 0 1 0 1 13 54 53 166 67 219
22 18493661 0 1 0 1 7 31 64 134 38 198
22 18493673 0 1 0 1 10 20 44 123 30 167
22 18529098 0 1 0 1 5 22 18 118 27 136
22 18529141 0 1 0 1 7 18 18 91 25 109
22 18529199 0 1 0 1 5 7 8 47 12 55
22 18535659 0 1 0 1 3 21 12 66 24 78
22 18535708 0 1 0 1 6 28 22 89 34 111
22 18535839 0 1 0 1 43 105 191 531 148 722
22 18538824 0 1 0 1 8 36 41 136 44 177
22 18540550 0 1 0 1 64 73 252 269 137 521
22 18544635 0 1 0 1 6 24 46 86 30 132
22 18544659 0 1 0 1 13 31 74 114 44 188
22 18623228 0 1 0 1 8 5 34 22 13 56
22 18623339 0 1 0 1 31 19 131 119 50 250
22 18623358 0 1 0 1 37 23 148 140 60 288
22 18623438 0 1 0 1 21 40 89 117 61 206
22 18625125 0 1 0 1 6 42 69 214 48 283
22 18625145 0 1 0 1 6 45 45 209 51 254
22 18625154 0 1 0 1 5 47 36 220 52 256
22 18652666 0 1 0 0 2 21 0 112 23 112
22 18730055 0 1 0 1 3 13 6 42 16 48
22 18730180 0 1 0 1 7 27 26 140 34 166
22 18730279 0 1 0 1 4 11 6 36 15 42
22 18730479 0 1 0 1 2 10 8 36 12 44
22 18730520 0 1 0 1 13 13 34 42 26 76
22 18730529 0 1 0 1 3 22 10 80 25 90
22 18730533 0 1 0 1 3 22 8 86 25 94
22 18730546 0 1 0 1 4 22 11 96 26 107
22 18730568 0 1 0 1 8 18 23 69 26 92
22 18730595 0 1 0 1 17 16 61 56 33 117
22 18730631 0 1 0 1 13 13 46 52 26 98
22 18730656 0 1 0 1 15 11 46 35 26 81
22 18730671 0 1 0 0 2 16 0 64 18 64
22 18749563 0 1 0 1 17 8 48 18 25 66
22 18749613 0 1 0 1 3 30 15 100 33 115
22 18749766 0 1 0 1 24 37 125 186 61 311
22 18749836 0 1 0 1 26 29 101 143 55 244
22 18749842 0 1 0 1 4 46 24 222 50 246
22 18749887 0 1 0 1 15 14 51 96 29 147
22 18750740 0 1 0 1 2 8 12 43 10 55
22 18750772 0 1 1 1 12 5 50 11 17 61
22 18751064 0 1 0 1 2 18 9 64 20 73
22 18787403 0 1 0 1 10 13 38 55 23 93
22 18787890 0 1 0 1 31 51 81 192 82 273
22 18854941 0 1 0 1 3 13 9 70 16 79
22 18854983 0 1 0 1 8 3 23 15 11 38
22 18863717 0 1 0 1 6 9 19 41 15 60
22 18872950 0 1 0 1 2 13 7 42 15 49
22 18873011 0 1 0 1 3 28 12 105 31 117
22 18873091 0 1 0 1 6 29 27 151 35 178
22 18873281 0 1 0 1 6 11 23 67 17 90
22 18873416 0 1 0 1 2 14 22 63 16 85
22 18873425 0 1 0 1 5 11 12 79 16 91
22 18873481 0 1 0 1 5 8 33 56 13 89
22 18875870 0 1 0 1 4 7 27 24 11 51
22 18875952 0 1 0 1 4 8 16 53 12 69
22 18876007 0 1 0 1 6 18 24 100 24 124
22 18883402 0 1 0 1 4 12 8 53 16 61
22 18892533 0 1 0 1 4 8 7 23 12 30
22 18985958 0 1 0 1 22 22 83 74 44 157
22 18991892 0 1 0 1 16 11 59 60 27 119
22 18994584 0 1 0 1 7 4 16 19 11 35
22 19137425 0 1 0 1 21 22 99 74 43 173
22 19234736 0 1 0 1 22 18 85 81 40 166
22 19257900 0 1 0 0 2 22 0 100 24 100
22 19788496 0 1 0 1 19 13 80 77 32 157
22 19802018 0 1 0 1 20 16 50 49 36 99
22 19880248 0 1 0 1 20 22 72 107 42 179
22 19880391 0 1 0 1 19 22 73 74 41 147
22 19883308 0 1 0 1 24 19 56 58 43 114
22 19883574 0 1 0 1 14 15 68 47 29 115
22 19895107 0 1 0 1 34 23 131 134 57 265
22 19895461 0 1 0 1 40 28 160 132 68 292
22 19898025 0 1 0 1 17 19 79 70 36 149
22 19899274 0 1 0 1 17 16 57 52 33 109
22 19915373 0 1 0 1 13 15 43 24 28 67
22 19918988 0 1 0 1 38 24 130 130 62 260
22 19919576 0 1 0 1 29 32 165 143 61 308
22 19962712 0 1 0 1 54 44 179 211 98 390
22 19962905 0 1 0 1 11 9 57 71 20 128
22 19963684 0 1 0 1 33 58 176 245 91 421
22 19963748 0 1 0 1 57 41 221 176 98 397
22 19972851 0 1 0 1 49 62 232 249 111 481
22 20033366 0 1 0 1 26 31 104 108 57 212
22 20113818 0 1 0 0 2 8 0 57 10 57
22 20303476 0 1 0 1 2 12 9 40 14 49
22 20303736 0 1 0 1 20 59 78 274 79 352
22 20304870 0 1 0 1 6 12 27 25 18 52
22 20307897 0 1 0 1 24 29 115 110 53 225
22 20308003 0 1 0 1 26 11 89 81 37 170
22 20314753 0 1 0 1 26 28 93 116 54 209
22 20316141 0 1 0 1 31 27 117 124 58 241
22 20317834 0 1 0 1 14 17 73 77 31 150
22 20319733 0 1 0 1 33 34 114 128 67 242
22 20354776 0 1 0 1 18 24 89 112 42 201
22 20355272 0 1 0 1 21 23 69 107 44 176
22 20355842 0 1 0 1 3 20 22 86 23 108
22 20355923 0 1 0 1 4 24 19 137 28 156
22 20355929 0 1 0 1 14 12 83 57 26 140
22 20356077 0 1 0 1 9 24 67 104 33 171
22 20356096 0 1 0 1 25 13 99 72 38 171
22 20356347 0 1 0 1 5 31 17 98 36 115
22 20356410 0 1 0 1 7 23 20 85 30 105
22 20356440 0 1 0 1 4 38 32 144 42 176
22 20356453 0 1 0 1 4 30 29 117 34 146
22 20356486 0 1 0 1 7 47 38 200 54 238
22 20356519 0 1 0 1 10 28 48 132 38 180
22 20356531 0 1 0 1 6 25 32 145 31 177
22 20356546 0 1 0 1 12 24 47 97 36 144
22 20356549 0 1 0 1 6 30 25 124 36 149
22 20356550 0 1 0 1 8 22 20 112 30 132
22 20356554 0 1 0 1 6 25 25 108 31 133
22 20356557 0 1 0 1 3 26 17 127 29 144
22 20356642 0 1 0 1 9 4 27 19 13 46
22 20357007 0 1 0 1 8 35 40 149 43 189
22 20357055 0 1 0 1 3 33 27 160 36 187
22 20357187 0 1 0 1 15 6 66 36 21 102
22 20357188 0 1 0 1 16 11 59 54 27 113
22 20357228 0 1 0 1 4 20 12 128 24 140
22 20357581 0 1 0 1 3 25 11 91 28 102
22 20357587 0 1 0 1 6 18 25 69 24 94
22 20357594 0 1 0 1 8 17 27 58 25 85
22 20357600 0 1 0 1 18 7 58 20 25 78
22 20357606 0 1 0 1 6 16 17 59 22 76
22 20357610 0 1 0 1 7 16 27 49 23 76
22 20357621 0 1 0 1 3 13 23 43 16 66
22 20357667 0 1 0 1 13 5 62 23 18 85
22 20357695 0 1 0 1 11 6 53 24 17 77
22 20357757 0 1 0 1 9 10 20 24 19 44
22 20357793 0 1 0 1 5 11 19 59 16 78
22 20357841 0 1 0 1 5 15 36 86 20 122
22 20357864 0 1 0 1 6 14 34 71 20 105
22 20359175 0 1 0 1 4 13 6 47 17 53
22 20359674 0 1 0 1 2 16 19 69 18 88
22 20359713 0 1 0 1 9 5 70 45 14 115
22 20360039 0 1 0 1 19 35 75 151 54 226
22 20360058 0 1 0 1 9 39 17 185 48 202
22 20360105 0 1 0 1 5 53 32 222 58 254
22 20360114 0 1 0 1 5 56 18 200 61 218
22 20360187 0 1 0 1 7 43 27 156 50 183
22 20360213 0 1 0 1 16 23 49 100 39 149
22 20360285 0 1 0 1 13 23 57 105 36 162
22 20360328 0 1 0 1 25 25 96 103 50 199
22 20360375 0 1 0 1 7 46 19 196 53 215
22 20360382 0 1 0 1 6 42 26 160 48 186
22 20360396 0 1 0 1 13 43 73 144 56 217
22 20360448 0 1 0 1 4 32 23 133 36 156
22 20360451 0 1 0 1 17 25 37 114 42 151
22 20360612 0 1 0 1 13 19 27 111 32 138
22 20360625 0 1 0 1 14 21 43 91 35 134
22 20360637 0 1 0 1 15 13 50 70 28 120
22 20360649 0 1 0 1 9 16 30 84 25 114
22 20360654 0 1 0 1 3 18 13 106 21 119
22 20360664 0 1 0 1 3 18 17 88 21 105
22 20360675 0 1 0 1 13 11 39 70 24 109
22 20360678 0 1 0 1 11 9 38 76 20 114
22 20360780 0 1 0 1 18 41 56 201 59 257
22 20360797 0 1 0 1 5 47 26 184 52 210
22 20360867 0 1 0 1 23 13 86 80 36 166
22 20360916 0 1 0 1 10 32 37 153 42 190
22 20361218 0 1 0 1 25 42 173 156 67 329
22 20361361 0 1 0 1 26 23 80 116 49 196
22 20361430 0 1 0 1 4 19 18 103 23 121
22 20361447 0 1 0 1 14 14 56 66 28 122
22 20361457 0 1 0 1 6 19 15 118 25 133
22 20361538 0 1 0 1 6 24 25 126 30 151
22 20361650 0 1 0 1 7 28 33 128 35 161
22 20361663 0 1 0 1 13 17 55 75 30 130
22 20361673 0 1 0 1 14 26 49 92 40 141
22 20361690 0 1 0 1 5 30 18 101 35 119
22 20361820 0 1 0 1 24 19 84 130 43 214
22 20361864 0 1 0 1 30 19 120 114 49 234
22 20363826 0 1 0 1 12 10 29 42 22 71
22 20364402 0 1 0 1 36 30 176 190 66 366
22 20364436 0 1 0 1 22 21 101 114 43 215
22 20364496 0 1 0 1 3 11 23 55 14 78
22 20366768 0 1 0 1 7 76 33 327 83 360
22 20367493 0 1 0 1 14 14 68 54 28 122
22 20384769 0 1 0 1 8 13 47 53 21 100
22 20389481 0 1 0 1 10 8 30 30 18 60
22 20390911 0 1 0 1 27 22 64 63 49 127
22 20394752 0 1 0 1 20 19 105 69 39 174
22 20400808 0 1 0 1 45 50 133 138 95 271
22 20407094 0 1 0 1 11 12 36 36 23 72
22 20425314 0 1 0 1 11 4 39 33 15 72
22 20425478 0 1 0 1 19 21 51 67 40 118
22 20425532 0 1 0 1 12 19 56 61 31 117
22 20426101 0 1 0 0 2 11 0 80 13 80
22 20431352 0 1 0 1 15 18 107 102 33 209
22 20508359 0 1 0 1 51 54 157 173 105 330
22 20536972 0 1 0 1 7 10 49 39 17 88
22 20537258 0 1 0 1 25 38 97 108 63 205
22 20537281 0 1 0 1 21 34 87 96 55 183
22 20553016 0 1 0 1 10 6 23 24 16 47
22 20555387 0 1 0 1 6 7 39 26 13 65
22 20574999 0 1 0 1 19 21 64 70 40 134
22 20583314 0 1 0 1 5 9 30 42 14 72
22 20584488 0 1 0 1 29 25 100 114 54 214
22 20584836 0 1 0 1 26 33 135 138 59 273
22 20585921 0 1 0 1 4 11 42 29 15 71
22 20586507 0 1 0 1 33 36 147 157 69 304
22 20589868 0 1 0 1 5 6 39 21 11 60
22 20590546 0 1 0 1 15 9 66 56 24 122
22 20592015 0 1 0 1 8 7 34 56 15 90
22 20592116 0 1 0 1 3 7 14 21 10 35
22 20602750 0 1 0 1 6 6 43 37 12 80
22 20608283 0 1 0 1 10 5 23 27 15 50
22 20608300 0 1 0 0 2 13 0 56 15 56
22 20621403 0 1 0 1 10 19 55 50 29 105
22 20621751 0 1 0 1 9 9 26 25 18 51
22 20622790 0 1 0 1 5 5 46 31 10 77
22 20622818 0 1 0 0 2 11 0 80 13 80
22 20653198 0 1 0 1 11 21 66 64 32 130
22 20653439 0 1 0 1 13 5 37 42 18 79
22 20668020 0 1 0 1 10 34 52 180 44 232
22 20668258 0 1 0 1 3 7 17 23 10 40
22 20690416 0 1 0 1 11 4 43 31 15 74
22 20690429 0 1 0 1 12 6 49 41 18 90
22 20690437 0 1 0 1 13 7 48 42 20 90
22 20690527 0 1 0 1 19 12 78 67 31 145
22 20690655 0 1 0 1 15 11 69 87 26 156
22 20690724 0 1 0 1 16 22 85 97 38 182
22 20691109 0 1 0 1 18 23 92 86 41 178
22 20691329 0 1 0 1 32 51 147 158 83 305
22 20703127 0 1 0 1 21 45 37 198 66 235
22 20703170 0 1 0 1 12 25 20 130 37 150
22 20709625 0 1 0 1 3 14 8 59 17 67
22 20709708 0 1 0 1 4 14 20 62 18 82
22 20710068 0 1 0 1 35 34 153 151 69 304
22 20710515 0 1 0 1 17 26 65 146 43 211
22 20712412 0 1 0 1 9 75 24 263 84 287
22 20712501 0 1 0 1 42 64 159 203 106 362
22 20712609 0 1 0 1 12 26 55 104 38 159
22 20712642 0 1 0 1 13 29 30 111 42 141
22 20712648 0 1 0 1 7 29 30 100 36 130
22 20712654 0 1 0 1 8 28 27 99 36 126
22 20714371 0 1 0 1 8 9 34 60 17 94
22 20714590 0 1 0 1 68 54 280 327 122 607
22 20718834 0 1 0 1 30 32 103 124 62 227
22 20721249 0 1 0 1 20 18 58 60 38 118
22 20725621 0 1 0 1 6 8 25 21 14 46
22 20733473 0 1 0 1 9 13 42 45 22 87
22 20733858 0 1 0 1 13 9 56 75 22 131
22 20747824 0 1 0 0 2 11 0 48 13 48
22 20747855 0 1 0 0 2 9 0 44 11 44
22 20751068 0 1 0 1 6 7 19 17 13 36
22 20752865 0 1 0 1 13 15 51 54 28 105
22 20752895 0 1 0 1 21 19 68 77 40 145
22 20784256 0 1 0 1 31 36 142 159 67 301
22 20787012 0 1 0 1 25 22 85 90 47 175
22 20787104 0 1 0 1 7 9 35 64 16 99
22 20793005 0 1 0 1 9 14 53 35 23 88
22 20796022 0 1 0 0 2 22 0 88 24 88
22 20796052 0 1 0 1 10 17 52 58 27 110
22 20799755 0 1 0 1 23 29 108 109 52 217
22 20803058 0 1 0 1 20 25 130 126 45 256
22 20810770 0 1 0 1 12 12 44 33 24 77
22 20819583 0 1 0 1 10 8 37 53 18 90
22 20820024 0 1 0 1 10 6 15 21 16 36
22 20824435 0 1 0 1 16 15 34 33 31 67
22 20834444 0 1 0 1 13 13 28 48 26 76
22 20859092 0 1 0 1 39 43 132 128 82 260
22 20859128 0 1 0 1 49 45 190 168 94 358
22 20949530 0 1 0 1 16 12 39 56 28 95
22 20968121 0 1 0 1 7 8 27 36 15 63
22 20973545 0 1 0 1 13 11 46 49 24 95
22 20974834 0 1 0 1 7 7 42 49 14 91
22 20977629 0 1 0 1 28 22 71 88 50 159
22 20977833 0 1 0 1 52 68 294 292 120 586
22 20978120 0 1 0 1 9 11 55 47 20 102
22 20978151 0 1 0 1 7 6 28 35 13 63
22 20978152 0 1 0 1 6 8 29 28 14 57
22 20978154 0 1 0 1 7 6 29 26 13 55
22 20980584 0 1 0 1 11 13 39 43 24 82
22 20980635 0 1 0 1 17 14 75 68 31 143
22 20980970 0 1 0 1 28 29 139 141 57 280
22 20982260 0 1 0 1 7 6 25 33 13 58
22 20982977 0 1 0 1 22 17 93 81 39 174
22 20985799 0 1 0 1 29 39 111 116 68 227
22 20987880 0 1 0 1 11 4 29 20 15 49
22 20989706 0 1 0 1 11 10 29 27 21 56
22 20989729 0 1 1 1 8 10 58 6 18 64
22 20989737 0 1 0 0 8 12 0 56 20 56
22 20989743 0 1 0 1 9 5 31 19 14 50
22 20990303 0 1 0 1 6 6 23 33 12 56
22 20990595 0 1 0 1 17 18 91 97 35 188
22 20990631 0 1 0 1 9 12 50 65 21 115
22 20992430 0 1 0 1 25 25 102 129 50 231
22 20994452 0 1 0 1 13 14 62 73 27 135
22 20995290 0 1 0 1 17 21 108 99 38 207
22 20995387 0 1 0 1 11 23 72 91 34 163
22 20995388 0 1 0 1 12 25 72 97 37 169
22 20996591 0 1 0 1 18 15 57 59 33 116
22 20996647 0 1 0 1 25 22 83 80 47 163
22 21000681 0 1 0 1 43 37 192 192 80 384
22 21002249 0 1 0 1 21 18 87 99 39 186
22 21002717 0 1 0 1 11 9 35 49 20 84
22 21009017 0 1 0 1 23 10 49 81 33 130
22 21009103 0 1 0 1 22 16 64 69 38 133
22 21009163 0 1 0 1 20 16 81 57 36 138
22 21009455 0 1 0 1 19 15 86 107 34 193
22 21011785 0 1 0 1 12 12 62 60 24 122
22 21011821 0 1 0 1 11 8 48 55 19 103
22 21013175 0 1 0 1 6 11 53 40 17 93
22 21015387 0 1 0 1 2 15 33 31 17 64
22 21022782 0 1 0 1 32 20 86 74 52 160
22 21023012 0 1 0 1 63 59 214 198 122 412
22 21023669 0 1 0 1 12 7 41 35 19 76
22 21029140 0 1 0 1 20 24 62 72 44 134
22 21031696 0 1 0 1 42 40 186 178 82 364
22 21034316 0 1 0 1 5 6 24 21 11 45
22 21042239 0 1 0 1 27 26 104 117 53 221
22 21042318 0 1 0 1 37 41 175 181 78 356
22 21042362 0 1 0 1 46 49 199 188 95 387
22 21042536 0 1 0 1 5 8 40 30 13 70
22 21049071 0 1 0 1 10 41 38 173 51 211
22 21049086 0 1 0 1 9 43 43 162 52 205
22 21049087 0 1 0 1 10 44 44 164 54 208
22 21065378 0 1 0 1 3 16 6 60 19 66
22 21065510 0 1 0 1 45 34 186 159 79 345
22 21183401 0 1 0 1 9 13 31 74 22 105
22 21183439 0 1 0 1 2 8 4 41 10 45
22 21183608 0 1 0 1 3 28 16 161 31 177
22 21183683 0 1 0 1 2 21 21 127 23 148
22 21183710 0 1 0 1 5 15 29 83 20 112
22 21183757 0 1 0 1 9 52 51 230 61 281
22 21183790 0 1 0 1 11 56 45 289 67 334
22 21183860 0 1 0 1 9 63 31 271 72 302
22 21183872 0 1 0 1 8 82 26 295 90 321
22 21184034 0 1 0 1 5 12 22 45 17 67
22 21184061 0 1 0 1 3 8 8 45 11 53
22 21184115 0 1 0 1 2 15 10 55 17 65
22 21184157 0 1 0 1 8 11 21 33 19 54
22 21184168 0 1 0 1 7 7 14 29 14 43
22 21184176 0 1 0 1 2 9 10 25 11 35
22 21283598 0 1 0 1 10 7 47 37 17 84
22 21283656 0 1 0 1 16 22 73 83 38 156
22 21283820 0 1 0 1 5 14 31 58 19 89
22 21284178 0 1 0 1 2 13 37 96 15 133
22 21284187 0 1 0 1 11 9 34 112 20 146
22 21309112 0 1 0 1 2 17 13 88 19 101
22 21309166 0 1 0 1 3 16 14 46 19 60
22 21309193 0 1 0 1 2 16 17 68 18 85
22 21309194 0 1 0 1 2 18 7 78 20 85
22 21309232 0 1 0 0 2 17 0 68 19 68
22 21309236 0 1 0 1 3 17 16 52 20 68
22 21309264 0 1 0 0 2 16 0 95 18 95
22 21309383 0 1 0 1 6 13 17 92 19 109
22 21309394 0 1 0 1 2 19 12 106 21 118
22 21309403 0 1 0 1 7 8 39 70 15 109
22 21309416 0 1 0 1 3 11 15 89 14 104
22 21388395 0 1 0 1 4 6 21 16 10 37
22 21468303 0 1 0 1 6 67 36 250 73 286
22 21468376 0 1 0 1 24 57 89 225 81 314
22 21477913 0 1 0 1 10 37 41 126 47 167
22 21477952 0 1 0 1 11 23 45 85 34 130
22 21477958 0 1 0 1 10 21 43 83 31 126
22 21593178 0 1 0 1 14 13 36 45 27 81
22 21614424 0 1 0 0 2 9 0 63 11 63
22 21628603 0 1 0 1 19 26 102 141 45 243
22 21628971 0 1 0 1 27 36 113 125 63 238
22 21629916 0 1 0 1 8 3 31 22 11 53
22 21653076 0 1 0 0 2 19 0 72 21 72
22 21653101 0 1 0 0 2 12 0 54 14 54
22 21653137 0 1 0 1 4 7 22 16 11 38
22 21670167 0 1 0 1 8 6 27 27 14 54
22 21671187 0 1 0 1 16 16 70 100 32 170
22 21682543 0 1 0 1 19 16 87 90 35 177
22 21687149 0 1 0 1 16 16 54 64 32 118
22 21687790 0 1 0 1 15 6 39 43 21 82
22 21688629 0 1 0 1 9 14 61 58 23 119
22 21694481 0 1 0 1 9 10 38 34 19 72
22 21694573 0 1 0 1 20 18 133 112 38 245
22 21695494 0 1 0 1 9 14 69 73 23 142
22 21700991 0 1 0 1 11 11 39 54 22 93
22 21701105 0 1 0 1 25 26 100 120 51 220
22 21701292 0 1 0 1 7 6 23 20 13 43
22 21933490 0 1 0 1 65 62 303 321 127 624
22 21933592 0 1 0 1 59 49 293 318 108 611
22 21933639 0 1 0 1 46 35 220 236 81 456
22 21933937 0 1 0 1 11 5 24 43 16 67
22 21934188 0 1 0 1 23 26 102 116 49 218
22 21957510 0 1 0 1 5 6 20 16 11 36
22 21957943 0 1 0 1 33 85 130 307 118 437
22 21957978 0 1 0 1 15 49 51 194 64 245
22 21957979 0 1 0 1 13 47 50 191 60 241
22 21958104 0 1 0 1 7 27 27 59 34 86
22 21958130 0 1 0 1 18 8 26 31 26 57
22 21958418 0 1 0 1 12 15 52 53 27 105
22 21958756 0 1 0 1 11 6 27 29 17 56
22 21959297 0 1 0 1 9 8 60 62 17 122
22 21962168 0 1 0 1 7 5 13 15 12 28
22 21962259 0 1 0 1 11 18 57 54 29 111
22 21962965 0 1 0 1 24 15 66 66 39 132
22 21964166 0 1 0 1 46 50 162 194 96 356
22 21964299 0 1 0 1 37 33 125 162 70 287
22 21967766 0 1 0 1 17 25 74 80 42 154
22 21967820 0 1 0 1 10 15 55 50 25 105
22 21971252 0 1 0 1 6 5 25 25 11 50
22 21975479 0 1 0 1 6 4 37 39 10 76
22 21975735 0 1 0 1 14 19 75 56 33 131
22 22061139 0 1 0 0 2 8 0 52 10 52
22 22182414 0 1 0 1 5 5 25 28 10 53
22 22182456 0 1 0 1 7 6 30 28 13 58
22 22182550 0 1 0 1 10 10 44 67 20 111
22 22182566 0 1 0 1 10 10 52 63 20 115
22 22195678 0 1 0 1 11 5 36 26 16 62
22 22195939 0 1 0 1 60 56 225 183 116 408
22 22196001 0 1 0 1 46 58 196 228 104 424
22 22196110 0 1 0 1 40 26 142 150 66 292
22 22196360 0 1 0 1 30 23 89 112 53 201
22 22196484 0 1 0 1 7 8 43 38 15 81
22 22215058 0 1 0 1 37 54 161 175 91 336
22 22215164 0 1 0 1 35 33 150 160 68 310
22 22215250 0 1 0 1 19 20 88 93 39 181
22 22215368 0 1 0 1 7 7 26 21 14 47
22 22221664 0 1 0 1 7 13 22 43 20 65
22 22223476 0 1 0 1 18 9 47 45 27 92
22 22223992 0 1 0 1 7 40 18 184 47 202
22 22224015 0 1 0 1 8 40 21 194 48 215
22 22224050 0 1 0 1 12 34 43 162 46 205
22 22224051 0 1 0 1 12 32 40 160 44 200
22 22307109 0 1 0 1 4 45 31 224 49 255
22 22352950 0 1 0 1 12 9 39 43 21 82
22 22353000 0 1 0 1 3 27 22 108 30 130
22 22353002 0 1 0 1 4 29 23 112 33 135
22 22353012 0 1 0 1 3 34 19 126 37 145
22 22353039 0 1 0 1 24 20 90 76 44 166
22 22353080 0 1 0 1 35 31 126 130 66 256
22 22353094 0 1 0 1 41 40 138 173 81 311
22 22353125 0 1 0 1 50 40 210 152 90 362
22 22353145 0 1 0 1 14 85 63 313 99 376
22 22353179 0 1 0 1 11 76 49 278 87 327
22 22353207 0 1 0 1 39 36 149 122 75 271
22 22353209 0 1 0 1 31 46 117 150 77 267
22 22353216 0 1 0 1 11 67 26 247 78 273
22 22353228 0 1 0 1 29 39 128 136 68 264
22 22353249 0 1 0 1 25 35 116 114 60 230
22 22353253 0 1 0 1 25 35 119 114 60 233
22 22353260 0 1 0 1 29 31 118 107 60 225
22 22353273 0 1 0 1 23 24 112 92 47 204
22 22353290 0 1 0 1 21 27 95 86 48 181
22 22353291 0 1 0 1 20 27 96 86 47 182
22 22353298 0 1 0 1 20 27 98 83 47 181
22 22353348 0 1 0 1 34 22 118 105 56 223
22 22353365 0 1 0 1 32 25 127 104 57 231
22 22353380 0 1 0 1 41 25 131 118 66 249
22 22353434 0 1 0 1 39 31 125 137 70 262
22 22353466 0 1 0 1 41 31 117 126 72 243
22 22353472 0 1 0 1 40 34 119 121 74 240
22 22357913 0 1 0 1 35 57 133 218 92 351
22 22358119 0 1 0 1 29 47 183 199 76 382
22 22358394 0 1 0 1 22 19 66 68 41 134
22 22358462 0 1 0 1 14 7 39 38 21 77
22 22358483 0 1 0 1 12 7 29 31 19 60
22 22369496 0 1 0 1 20 18 67 76 38 143
22 22369973 0 1 0 1 25 24 125 91 49 216
22 22370026 0 1 0 1 27 25 112 96 52 208
22 22375990 0 1 0 1 5 11 45 44 16 89
22 22376265 0 1 0 1 32 57 153 242 89 395
22 22376327 0 1 0 1 7 58 62 264 65 326
22 22376333 0 1 0 1 6 56 60 261 62 321
22 22376418 0 1 0 1 10 62 63 293 72 356
22 22376419 0 1 0 1 12 61 65 288 73 353
22 22376430 0 1 0 1 12 64 69 302 76 371
22 22376431 0 1 0 1 12 63 70 296 75 366
22 22376460 0 1 0 1 17 69 82 330 86 412
22 22376482 0 1 0 1 13 83 69 361 96 430
22 22376483 0 1 0 1 13 81 67 372 94 439
22 22376484 0 1 0 1 14 81 73 375 95 448
22 22376491 0 1 0 1 16 77 92 377 93 469
22 22376500 0 1 0 1 16 74 103 368 90 471
22 22376522 0 1 0 1 17 76 105 337 93 442
22 22376611 0 1 0 1 7 37 27 147 44 174
22 22376632 0 1 0 1 7 28 24 123 35 147
22 22376635 0 1 0 1 6 29 25 121 35 146
22 22376640 0 1 0 1 7 28 23 105 35 128
22 22376646 0 1 0 1 7 26 22 98 33 120
22 22381367 0 1 0 1 46 43 245 264 89 509
22 22426259 0 1 0 0 5 8 0 37 13 37
22 22549566 0 1 1 1 8 11 56 0 19 56
22 22559582 0 1 1 1 15 12 49 0 27 49
22 22580334 0 1 0 0 20 23 0 117 43 117
22 22580424 0 1 0 0 6 13 0 48 19 48
22 22588905 0 1 0 0 8 8 1 34 16 35
22 22588914 0 1 0 0 8 7 1 32 15 33
22 22604686 0 1 0 0 7 11 0 41 18 41
22 22630104 0 1 0 0 28 25 0 120 53 120
22 22636020 0 1 0 1 7 4 20 13 11 33
22 22643396 0 1 0 1 6 12 33 13 18 46
22 22694840 0 1 1 1 9 7 53 0 16 53
22 22694853 0 1 1 1 4 10 52 0 14 52
22 22697904 0 1 1 1 30 14 74 0 44 74
22 22697977 0 1 1 1 42 51 164 0 93 164
22 22698282 0 1 1 1 16 36 103 2 52 105
22 22906669 0 1 0 1 16 74 77 267 90 344
22 22906870 0 1 0 1 3 9 28 21 12 49
22 22911133 0 1 0 1 5 15 43 47 20 90
22 22914089 0 1 0 1 12 12 32 49 24 81
22 22914108 0 1 0 1 17 17 46 59 34 105
22 22916061 0 1 0 1 9 6 29 30 15 59
22 22919554 0 1 0 1 5 8 18 33 13 51
22 22919647 0 1 0 1 12 6 45 65 18 110
22 22919684 0 1 0 1 17 15 59 81 32 140
22 22921536 0 1 0 1 25 12 91 85 37 176
22 23124490 0 1 0 0 2 22 0 93 24 93
22 23136508 0 1 0 1 18 23 82 91 41 173
22 23136650 0 1 0 1 8 8 31 19 16 50
22 23140273 0 1 0 1 15 16 72 80 31 152
22 23140296 0 1 0 1 17 19 90 90 36 180
22 23140531 0 1 0 1 6 3 21 14 9 35
22 23146588 0 1 0 1 51 42 153 118 93 271
22 23146855 0 1 0 1 10 14 32 42 24 74
22 23150049 0 1 0 1 21 27 94 114 48 208
22 23152646 0 1 0 1 14 26 80 92 40 172
22 23152717 0 1 0 1 8 12 38 45 20 83
22 23253570 0 1 0 1 14 11 33 48 25 81
22 23264330 0 1 0 0 2 15 0 75 17 75
22 23268691 0 1 0 1 14 13 45 38 27 83
22 23271352 0 1 0 1 8 14 68 47 22 115
22 23285182 0 1 0 1 15 19 49 58 34 107
22 23290146 0 1 0 1 17 27 97 76 44 173
22 23290478 0 1 0 1 31 30 124 127 61 251
22 23359617 0 1 0 1 2 9 19 22 11 41
22 23393578 0 1 0 1 11 10 38 35 21 73
22 23394026 0 1 0 1 6 9 33 39 15 72
22 23394054 0 1 0 1 5 8 22 29 13 51
22 23399623 0 1 0 1 9 6 41 41 15 82
22 23399831 0 1 0 1 47 37 177 186 84 363
22 23399918 0 1 0 1 46 40 160 190 86 350
22 23400121 0 1 0 1 85 92 366 347 177 713
22 23400636 0 1 0 1 6 9 41 45 15 86
22 23401974 0 1 0 1 8 9 64 49 17 113
22 23437412 0 1 0 1 25 18 83 90 43 173
22 23473386 0 1 0 1 6 6 29 39 12 68
22 23473958 0 1 0 1 10 11 39 57 21 96
22 23483069 0 1 0 1 25 21 75 74 46 149
22 23573056 0 1 0 1 8 9 47 35 17 82
22 23573153 0 1 0 1 40 36 171 171 76 342
22 23573465 0 1 0 1 78 85 317 319 163 636
22 23638568 0 1 0 1 32 52 194 219 84 413
22 23638681 0 1 0 1 48 48 209 227 96 436
22 23638781 0 1 0 1 46 59 251 223 105 474
22 23640537 0 1 0 1 61 70 270 346 131 616
22 23640540 0 1 0 1 62 69 273 344 131 617
22 23640588 0 1 0 1 54 56 209 252 110 461
22 23649233 0 1 0 1 2 8 21 11 10 32
22 23652694 0 1 0 1 7 7 18 9 14 27
22 23652746 0 1 0 1 6 9 17 17 15 34
22 23652869 0 1 0 1 5 8 15 15 13 30
22 23653026 0 1 0 1 4 9 22 27 13 49
22 23653353 0 1 0 1 9 14 48 54 23 102
22 23653374 0 1 0 1 11 9 39 46 20 85
22 23653422 0 1 0 1 6 6 23 32 12 55
22 23659788 0 1 0 1 7 6 31 27 13 58
22 23659843 0 1 0 1 12 10 42 34 22 76
22 23670437 0 1 0 1 4 8 20 32 12 52
22 23692101 0 1 0 1 33 31 171 156 64 327
22 23692348 0 1 0 0 7 55 0 330 62 330
22 23693783 0 1 0 1 16 26 79 82 42 161
22 23696660 0 1 0 1 21 19 91 70 40 161
22 23752649 0 1 0 1 19 14 66 56 33 122
22 23752725 0 1 0 1 35 35 151 130 70 281
22 23754596 0 1 0 1 15 23 64 81 38 145
22 23780312 0 1 0 1 13 12 45 39 25 84
22 23793780 0 1 0 1 2 13 4 45 15 49
22 23816712 0 1 0 1 34 42 141 150 76 291
22 23837312 0 1 0 1 6 11 37 37 17 74
22 23857605 0 1 0 1 8 8 41 32 16 73
22 23861971 0 1 0 1 5 9 34 30 14 64
22 23868387 0 1 0 0 2 20 0 75 22 75
22 23875239 0 1 0 0 2 23 0 129 25 129
22 23882468 0 1 0 1 14 14 54 60 28 114
22 23882472 0 1 0 1 12 12 53 60 24 113
22 23894401 0 1 0 1 31 30 111 119 61 230
22 23894632 0 1 0 1 10 14 38 43 24 81
22 23895034 0 1 0 1 21 23 92 105 44 197
22 23895675 0 1 0 1 13 15 57 54 28 111
22 23895892 0 1 0 1 23 32 140 122 55 262
22 23949960 0 1 0 1 4 11 12 19 15 31
22 23949968 0 1 0 1 5 11 11 19 16 30
22 23971546 0 1 0 1 35 33 136 137 68 273
22 23977466 0 1 0 1 3 10 14 17 13 31
22 23977469 0 1 0 1 3 10 14 17 13 31
22 23977471 0 1 0 1 3 10 14 18 13 32
22 23977473 0 1 0 1 3 10 17 17 13 34
22 23977493 0 1 0 1 10 8 44 19 18 63
22 23998387 0 1 0 1 3 7 19 25 10 44
22 23998471 0 1 0 1 5 26 10 94 31 104
22 23998589 0 1 0 1 18 62 67 245 80 312
22 23998635 0 1 0 1 26 44 102 198 70 300
22 23998657 0 1 0 1 19 42 79 203 61 282
22 23998678 0 1 0 1 18 35 62 178 53 240
22 23998752 0 1 0 1 9 18 28 71 27 99
22 23998758 0 1 0 1 9 16 27 68 25 95
22 23998763 0 1 0 1 7 15 28 62 22 90
22 23998812 0 1 0 1 7 8 26 35 15 61
22 23998840 0 1 0 1 4 6 16 20 10 36
22 24000289 0 1 0 1 14 19 70 69 33 139
22 24003699 0 1 0 1 17 10 46 37 27 83
22 24003719 0 1 0 1 25 13 63 61 38 124
22 24003829 0 1 0 1 40 41 145 139 81 284
22 24003856 0 1 0 1 31 31 131 128 62 259
22 24003916 0 1 0 1 24 13 97 83 37 180
22 24003950 0 1 0 1 16 13 60 60 29 120
22 24003952 0 1 0 1 16 9 61 56 25 117
22 24003973 0 1 0 1 11 11 52 42 22 94
22 24003977 0 1 0 1 10 10 46 42 20 88
22 24004021 0 1 0 1 9 9 31 23 18 54
22 24049239 0 1 0 0 2 17 0 98 19 98
22 24164676 0 1 0 0 2 18 0 70 20 70
22 24183081 0 1 0 1 29 50 116 212 79 328
22 24225325 0 1 0 1 50 56 254 275 106 529
22 24226680 0 1 0 1 31 33 133 149 64 282
22 24233944 0 1 0 1 13 28 102 98 41 200
22 24248668 0 1 0 1 18 15 79 59 33 138
22 24249332 0 1 0 1 5 5 33 29 10 62
22 24259961 0 1 0 0 2 16 0 70 18 70
22 24260026 0 1 0 1 10 31 21 151 41 172
22 24260059 0 1 0 1 12 36 25 191 48 216
22 24260100 0 1 0 1 5 27 29 142 32 171
22 24260850 0 1 0 1 8 24 30 85 32 115
22 24260854 0 1 0 1 8 23 28 86 31 114
22 24260886 0 1 0 1 17 13 57 55 30 112
22 24260913 0 1 0 1 4 28 14 107 32 121
22 24260936 0 1 0 1 3 22 12 108 25 120
22 24260999 0 1 0 1 9 8 19 55 17 74
22 24261017 0 1 0 1 6 8 15 45 14 60
22 24261051 0 1 0 1 6 8 6 26 14 32
22 24261060 0 1 0 1 5 8 5 22 13 27
22 24541160 0 1 0 0 2 17 0 114 19 114
22 24607967 0 1 0 1 14 8 36 42 22 78
22 24615324 0 1 0 0 2 10 0 55 12 55
22 24648136 0 1 0 0 3 8 0 32 11 32
22 24648141 0 1 0 0 3 9 0 35 12 35
22 24649770 0 1 0 1 6 8 23 21 14 44
22 24649888 0 1 0 1 7 17 38 29 24 67
22 24657808 0 1 0 1 11 20 74 62 31 136
22 24686877 0 1 0 1 9 7 24 24 16 48
22 24687203 0 1 0 1 18 18 65 77 36 142
22 24687705 0 1 0 1 20 23 90 64 43 154
22 24687730 0 1 0 1 15 21 84 74 36 158
22 24695305 0 1 0 1 6 4 22 13 10 35
22 24703425 0 1 0 1 18 23 98 114 41 212
22 24728128 0 1 0 1 36 26 104 132 62 236
22 24749486 0 1 0 1 14 18 45 67 32 112
22 24749504 0 1 0 1 12 14 42 62 26 104
22 24755671 0 1 0 1 8 4 25 42 12 67
22 24755923 0 1 0 1 4 6 17 17 10 34
22 24760167 0 1 0 1 6 8 38 29 14 67
22 24762359 0 1 0 1 17 34 106 123 51 229
22 24762630 0 1 0 1 5 9 27 43 14 70
22 24850145 0 1 0 1 3 10 31 39 13 70
22 24854820 0 1 0 1 3 8 15 16 11 31
22 24856225 0 1 0 1 30 29 115 117 59 232
22 24879778 0 1 0 0 2 18 0 75 20 75
22 24886798 0 1 0 1 18 21 73 58 39 131
22 24893649 0 1 0 1 19 20 69 77 39 146
22 24901788 0 1 0 1 18 28 85 99 46 184
22 24924289 0 1 0 1 19 14 91 65 33 156
22 25028612 0 1 0 1 19 37 114 119 56 233
22 25029436 0 1 0 1 45 36 197 226 81 423
22 25032813 0 1 0 1 7 13 47 54 20 101
22 25041390 0 1 0 1 22 23 122 125 45 247
22 25070586 0 1 0 1 22 31 86 96 53 182
22 25177464 0 1 0 1 26 27 98 123 53 221
22 25177547 0 1 0 1 20 14 107 89 34 196
22 25201364 0 1 0 1 17 15 46 54 32 100
22 25221635 0 1 0 1 12 9 54 48 21 102
22 25225156 0 1 0 1 14 22 48 49 36 97
22 25231931 0 1 0 1 2 9 8 34 11 42
22 25761177 0 1 0 1 22 23 104 125 45 229
22 25763322 0 1 0 1 17 20 105 96 37 201
22 25768029 0 1 0 1 26 44 133 189 70 322
22 25768112 0 1 0 1 51 77 186 260 128 446
22 25777517 0 1 0 1 10 4 18 27 14 45
22 25777921 0 1 0 1 11 12 43 53 23 96
22 25785627 0 1 0 1 21 20 88 73 41 161
22 25797857 0 1 0 1 28 27 98 115 55 213
22 25798015 0 1 0 1 23 31 114 127 54 241
22 25798078 0 1 0 1 19 19 74 76 38 150
22 25798126 0 1 0 1 14 9 42 46 23 88
22 25823638 0 1 0 1 37 30 164 164 67 328
22 25826280 0 1 0 1 11 15 56 50 26 106
22 25826487 0 1 0 1 12 24 77 86 36 163
22 25826538 0 1 0 1 17 8 54 51 25 105
22 25828665 0 1 0 1 18 14 66 54 32 120
22 25832838 0 1 0 1 24 33 104 114 57 218
22 25843883 0 1 0 1 14 22 56 74 36 130
22 25843939 0 1 0 1 10 12 32 44 22 76
22 25843983 0 1 0 1 6 6 26 18 12 44
22 25877822 0 1 0 1 18 10 52 46 28 98
22 25877867 0 1 0 1 15 20 70 83 35 153
22 25877869 0 1 0 1 16 20 69 81 36 150
22 25877922 0 1 0 1 25 19 81 77 44 158
22 25877926 0 1 0 1 19 25 77 86 44 163
22 25902924 0 1 0 1 14 22 40 57 36 97
22 25908090 0 1 0 1 6 5 18 21 11 39
22 25921193 0 1 0 1 16 24 81 103 40 184
22 25947839 0 1 0 1 33 42 151 161 75 312
22 25948058 0 1 0 1 7 7 36 37 14 73
22 25992338 0 1 0 1 47 75 173 221 122 394
22 26003466 0 1 0 1 13 11 77 72 24 149
22 26027363 0 1 0 1 67 59 247 267 126 514
22 26292326 0 1 0 1 23 22 91 71 45 162
22 26292422 0 1 0 1 42 38 178 177 80 355
22 26299111 0 1 0 1 13 18 75 80 31 155
22 26306049 0 1 0 1 27 19 110 109 46 219
22 26310860 0 1 0 1 25 16 105 84 41 189
22 26310919 0 1 0 1 12 11 53 44 23 97
22 26311584 0 1 0 1 8 4 18 11 12 29
22 26311614 0 1 0 1 8 10 22 16 18 38
22 26311620 0 1 0 1 7 11 22 19 18 41
22 26313604 0 1 0 0 4 6 1 29 10 30
22 26314095 0 1 0 1 3 7 22 25 10 47
22 26433948 0 1 0 1 65 69 293 291 134 584
22 26434350 0 1 0 1 66 84 272 290 150 562
22 26442326 0 1 0 1 11 10 39 55 21 94
22 26464303 0 1 0 1 44 53 198 210 97 408
22 26486176 0 1 0 1 16 7 65 60 23 125
22 26496932 0 1 0 1 9 5 26 25 14 51
22 26498913 0 1 0 1 33 29 139 139 62 278
22 26503508 0 1 0 1 9 10 39 44 19 83
22 26528183 0 1 0 1 25 18 96 113 43 209
22 26528346 0 1 0 1 29 25 83 122 54 205
22 26528370 0 1 0 1 20 16 68 92 36 160
22 26528490 0 1 0 1 7 5 20 22 12 42
22 26540931 0 1 0 1 49 44 224 207 93 431
22 26541121 0 1 0 1 56 95 276 314 151 590
22 26561104 0 1 0 1 3 7 19 21 10 40
22 26623233 0 1 0 1 11 21 55 95 32 150
22 26717734 0 1 0 1 14 13 61 61 27 122
22 26717778 0 1 0 1 19 21 83 94 40 177
22 26717860 0 1 0 1 23 29 106 110 52 216
22 26887326 0 1 0 1 9 9 41 32 18 73
22 26887558 0 1 0 1 5 8 18 28 13 46
22 27049921 0 1 0 1 11 11 38 52 22 90
22 27060448 0 1 0 1 10 7 17 19 17 36
22 27060458 0 1 0 1 10 6 16 17 16 33
22 27799563 0 1 0 0 2 22 0 137 24 137
22 27897992 0 1 0 1 13 10 47 36 23 83
22 27982700 0 1 0 1 50 41 182 199 91 381
22 28014201 0 1 0 1 27 40 133 124 67 257
22 28695844 0 1 0 0 2 23 0 115 25 115
22 28724412 0 1 0 1 6 10 39 33 16 72
22 28730491 0 1 0 0 2 9 0 53 11 53
22 29049106 0 1 0 0 2 8 0 57 10 57
22 29060479 0 1 0 1 15 11 67 55 26 122
22 29099091 0 1 0 1 9 4 32 22 13 54
22 29232107 0 1 0 1 11 12 47 20 23 67
22 29254469 0 1 0 1 8 4 19 15 12 34
22 29260400 0 1 0 1 17 19 87 104 36 191
22 29263726 0 1 0 1 7 16 50 39 23 89
22 29268434 0 1 0 1 49 47 224 225 96 449
22 29273723 0 1 0 1 7 4 21 27 11 48
22 29292759 0 1 0 0 2 16 0 67 18 67
22 29308135 0 1 0 1 20 23 79 88 43 167
22 29311523 0 1 0 0 2 10 0 77 12 77
22 29329904 0 1 0 1 8 20 47 56 28 103
22 29331877 0 1 0 1 33 45 127 154 78 281
22 29341834 0 1 0 1 21 26 80 75 47 155
22 29350264 0 1 0 1 10 8 46 62 18 108
22 29359899 0 1 0 1 28 41 153 152 69 305
22 29363199 0 1 0 1 13 9 29 32 22 61
22 29423092 0 1 0 1 13 31 42 106 44 148
22 29437480 0 1 0 1 7 3 22 21 10 43
22 29439071 0 1 0 1 84 65 261 300 149 561
22 29441548 0 1 0 1 26 51 155 166 77 321
22 29441895 0 1 0 1 107 138 462 462 245 924
22 29442214 0 1 0 1 7 7 31 33 14 64
22 29480205 0 1 0 1 5 7 17 18 12 35
22 29483756 0 1 0 1 12 9 55 55 21 110
22 29489484 0 1 0 1 46 49 163 213 95 376
22 29489872 0 1 0 1 29 31 145 129 60 274
22 29490424 0 1 0 1 11 10 57 56 21 113
22 29490904 0 1 0 1 9 7 20 27 16 47
22 29508530 0 1 0 1 9 17 73 64 26 137
22 29512083 0 1 0 1 15 42 112 112 57 224
22 29516896 0 1 0 1 20 26 92 122 46 214
22 29519155 0 1 0 1 24 19 93 99 43 192
22 29528223 0 1 0 1 39 36 154 170 75 324
22 29529295 0 1 0 1 22 22 97 104 44 201
22 29536449 0 1 0 1 5 7 17 14 12 31
22 29558604 0 1 0 1 6 6 21 27 12 48
22 29561024 0 1 0 1 6 10 28 31 16 59
22 29561581 0 1 0 1 25 32 100 127 57 227
22 29561922 0 1 0 1 20 20 73 76 40 149
22 29570094 0 1 0 1 25 25 102 105 50 207
22 29642163 0 1 0 1 10 12 67 47 22 114
22 29672077 0 1 0 1 18 10 56 60 28 116
22 29822293 0 1 0 0 2 19 0 102 21 102
22 30112460 0 1 0 0 2 13 0 67 15 67
22 30246529 0 1 0 0 2 11 0 57 13 57
22 30264532 0 1 0 1 20 26 87 88 46 175
22 30264574 0 1 0 1 11 18 59 62 29 121
22 30265195 0 1 0 1 15 15 52 60 30 112
22 30287296 0 1 0 1 45 63 244 247 108 491
22 30289375 0 1 0 1 20 24 110 138 44 248
22 30289571 0 1 0 1 11 4 49 25 15 74
22 30295642 0 1 0 1 24 21 81 99 45 180
22 30295930 0 1 0 1 7 16 38 36 23 74
22 30304618 0 1 0 1 24 28 122 121 52 243
22 30334722 0 1 0 1 51 46 172 183 97 355
22 30335398 0 1 0 1 7 12 38 30 19 68
22 30337122 0 1 0 1 17 25 80 90 42 170
22 30338727 0 1 0 1 17 11 51 72 28 123
22 30340158 0 1 0 1 14 15 37 31 29 68
22 30340570 0 1 0 1 21 33 123 116 54 239
22 30342014 0 1 0 1 6 13 31 48 19 79
22 30342172 0 1 0 1 28 37 147 132 65 279
22 30342598 0 1 0 1 7 6 15 17 13 32
22 30346634 0 1 0 1 17 22 57 70 39 127
22 30356707 0 1 0 1 22 20 103 130 42 233
22 30365951 0 1 0 1 14 13 76 81 27 157
22 30366151 0 1 0 1 45 48 285 243 93 528
22 30369513 0 1 0 1 44 51 173 187 95 360
22 30370190 0 1 0 1 17 12 58 45 29 103
22 30371547 0 1 0 1 15 15 32 39 30 71
22 30371740 0 1 0 1 18 26 79 91 44 170
22 30371792 0 1 0 1 8 13 51 42 21 93
22 30373912 0 1 0 1 21 12 73 74 33 147
22 30373917 0 1 0 1 21 12 69 69 33 138
22 30374637 0 1 0 1 35 47 200 181 82 381
22 30375469 0 1 0 1 61 51 233 219 112 452
22 30379686 0 1 0 1 22 23 100 77 45 177
22 30380106 0 1 0 1 54 51 170 198 105 368
22 30380430 0 1 0 1 9 8 51 59 17 110
22 30386100 0 1 0 1 14 11 51 41 25 92
22 30397148 0 1 0 1 19 27 116 109 46 225
22 30406455 0 1 0 1 21 22 69 80 43 149
22 30407300 0 1 0 1 11 9 77 42 20 119
22 30424562 0 1 0 1 15 11 47 42 26 89
22 30427078 0 1 0 1 19 21 69 85 40 154
22 30427209 0 1 0 1 42 46 170 163 88 333
22 30461386 0 1 0 1 48 41 209 201 89 410
22 30461461 0 1 0 1 49 53 217 225 102 442
22 30461853 0 1 0 1 11 19 44 59 30 103
22 30466159 0 1 0 1 13 10 37 42 23 79
22 30466413 0 1 0 1 37 26 80 109 63 189
22 30467176 0 1 0 1 15 8 44 54 23 98
22 30468623 0 1 0 1 37 50 207 252 87 459
22 30468705 0 1 0 1 36 59 225 248 95 473
22 30468805 0 1 0 1 19 33 141 119 52 260
22 30468830 0 1 0 1 14 26 99 84 40 183
22 30468910 0 1 0 1 2 9 37 30 11 67
22 30492392 0 1 0 1 6 15 40 45 21 85
22 30503630 0 1 0 1 33 30 120 126 63 246
22 30531988 0 1 0 1 25 25 114 137 50 251
22 30591874 0 1 0 1 11 24 72 61 35 133
22 30592395 0 1 0 1 17 20 98 79 37 177
22 30607574 0 1 0 1 20 14 52 62 34 114
22 30613131 0 1 0 1 18 14 60 80 32 140
22 30614255 0 1 0 1 14 12 30 33 26 63
22 30614569 0 1 0 1 6 8 38 26 14 64
22 30615570 0 1 0 1 57 76 227 255 133 482
22 30615623 0 1 0 1 56 66 207 283 122 490
22 30615919 0 1 0 1 20 23 61 68 43 129
22 30617562 0 1 0 1 12 13 34 45 25 79
22 30622790 0 1 0 1 8 8 35 34 16 69
22 30622830 0 1 0 1 9 11 47 45 20 92
22 30622897 0 1 0 1 20 25 88 94 45 182
22 30626285 0 1 0 1 7 13 25 29 20 54
22 30636322 0 1 0 1 3 10 19 22 13 41
22 30636933 0 1 0 1 73 75 314 316 148 630
22 30664042 0 1 0 1 24 19 93 89 43 182
22 30889693 0 1 0 1 22 26 74 91 48 165
22 30890938 0 1 0 1 35 35 173 134 70 307
22 30906138 0 1 0 1 10 18 62 58 28 120
22 30906246 0 1 0 1 22 41 123 102 63 225
22 30933069 0 1 0 1 16 10 67 50 26 117
22 30933530 0 1 0 1 22 27 96 113 49 209
22 30933967 0 1 0 1 9 12 38 42 21 80
22 30937644 0 1 0 1 15 14 58 68 29 126
22 30939737 0 1 0 1 18 29 99 96 47 195
22 30940162 0 1 0 1 14 15 75 79 29 154
22 30946389 0 1 0 1 18 37 91 98 55 189
22 30958667 0 1 0 1 22 10 88 91 32 179
22 31093589 0 1 0 1 16 16 71 71 32 142
22 31095309 0 1 0 1 16 8 35 47 24 82
22 31096531 0 1 0 1 6 4 25 20 10 45
22 31097474 0 1 0 1 7 3 26 23 10 49
22 31098880 0 1 0 1 4 8 37 33 12 70
22 31101124 0 1 0 1 11 6 23 20 17 43
22 31104550 0 1 0 1 19 12 73 65 31 138
22 31105802 0 1 0 1 18 23 88 94 41 182
22 31105847 0 1 0 1 17 20 86 86 37 172
22 31122838 0 1 0 1 5 5 32 38 10 70
22 31125418 0 1 0 1 17 17 93 79 34 172
22 31126078 0 1 0 1 16 16 60 81 32 141
22 31132946 0 1 0 1 14 19 55 46 33 101
22 31133477 0 1 0 1 29 53 152 173 82 325
22 31136974 0 1 0 1 22 9 61 77 31 138
22 31137810 0 1 0 1 10 31 98 89 41 187
22 31139886 0 1 0 1 13 8 70 76 21 146
22 31160117 0 1 0 1 4 8 28 29 12 57
22 31204474 0 1 0 1 11 13 54 55 24 109
22 31206153 0 1 0 1 13 19 41 42 32 83
22 31206201 0 1 0 1 8 8 18 28 16 46
22 31262295 0 1 0 1 34 46 162 153 80 315
22 31267856 0 1 0 1 34 27 154 126 61 280
22 31268046 0 1 0 1 13 12 60 63 25 123
22 31276766 0 1 0 1 16 13 54 59 29 113
22 31283124 0 1 0 1 12 20 58 69 32 127
22 31283463 0 1 0 1 10 4 23 24 14 47
22 31289472 0 1 0 1 41 44 207 234 85 441
22 31345081 0 1 0 1 42 56 194 232 98 426
22 31399546 0 1 0 0 2 16 0 92 18 92
22 31403047 0 1 0 0 2 19 0 81 21 81
22 31403364 0 1 0 1 17 14 54 40 31 94
22 31423226 0 1 0 1 8 11 35 37 19 72
22 31423519 0 1 0 0 4 16 0 113 20 113
22 31423523 0 1 0 0 6 11 5 80 17 85
22 31442099 0 1 0 1 23 38 133 143 61 276
22 31447581 0 1 0 1 11 7 51 66 18 117
22 31448387 0 1 0 1 14 15 87 80 29 167
22 31546784 0 1 0 1 7 11 22 33 18 55
22 31561079 0 1 0 1 13 6 44 48 19 92
22 31578209 0 1 0 0 2 14 0 62 16 62
22 31602626 0 1 0 1 29 34 98 143 63 241
22 31606308 0 1 0 1 9 16 57 67 25 124
22 31650582 0 1 0 0 2 16 0 83 18 83
22 31688045 0 1 0 1 2 10 5 23 12 28
22 31701789 0 1 0 1 12 16 46 54 28 100
22 31836930 0 1 0 0 2 10 0 58 12 58
22 31938035 0 1 0 1 34 31 109 150 65 259
22 31938217 0 1 0 1 10 9 60 57 19 117
22 31938243 0 1 0 1 8 6 39 34 14 73
22 31944719 0 1 0 0 2 21 0 114 23 114
22 32158998 0 1 0 1 30 32 114 141 62 255
22 32183563 0 1 0 1 14 14 72 88 28 160
22 32183572 0 1 0 1 18 13 79 92 31 171
22 32183689 0 1 0 1 17 22 66 75 39 141
22 32183764 0 1 0 1 9 9 35 48 18 83
22 32190645 0 1 0 1 5 5 21 22 10 43
22 32190867 0 1 0 1 20 50 79 241 70 320
22 32190888 0 1 0 1 24 55 90 274 79 364
22 32190891 0 1 0 1 24 59 98 292 83 390
22 32190939 0 1 0 1 46 78 205 431 124 636
22 32191036 0 1 0 1 98 131 403 544 229 947
22 32191040 0 1 0 1 99 128 390 542 227 932
22 32191315 0 1 0 1 64 54 227 198 118 425
22 32191491 0 1 0 1 10 4 45 34 14 79
22 32193036 0 1 0 1 57 88 300 305 145 605
22 32193047 0 1 0 1 56 89 315 327 145 642
22 32194146 0 1 0 1 5 7 32 25 12 57
22 32194462 0 1 0 1 17 19 65 96 36 161
22 32194535 0 1 0 1 7 7 34 47 14 81
22 32221075 0 1 0 1 13 12 55 63 25 118
22 32225482 0 1 0 1 6 5 16 22 11 38
22 32225632 0 1 0 1 21 39 84 143 60 227
22 32230921 0 1 0 1 18 13 63 56 31 119
22 32237518 0 1 0 1 13 25 62 99 38 161
22 32238717 0 1 0 1 9 11 28 28 20 56
22 32255275 0 1 0 1 19 27 101 124 46 225
22 32269769 0 1 0 1 32 23 201 145 55 346
22 32269802 0 1 0 1 36 22 197 152 58 349
22 32270020 0 1 0 1 9 10 62 42 19 104
22 32271204 0 1 0 1 5 11 22 31 16 53
22 32271520 0 1 0 1 39 27 202 145 66 347
22 32271942 0 1 0 0 2 21 0 111 23 111
22 32272384 0 1 0 1 8 13 43 56 21 99
22 32312704 0 1 0 1 9 5 41 46 14 87
22 32360697 0 1 0 1 21 120 87 544 141 631
22 32360716 0 1 0 1 24 95 101 463 119 564
22 32360757 0 1 0 1 32 56 190 256 88 446
22 32387917 0 1 0 1 8 6 30 23 14 53
22 32395016 0 1 0 1 14 10 46 41 24 87
22 32399654 0 1 0 1 13 11 53 57 24 110
22 32399764 0 1 0 1 12 10 48 41 22 89
22 32400260 0 1 0 1 19 26 102 121 45 223
22 32408678 0 1 0 1 13 8 43 44 21 87
22 32415965 0 1 0 1 25 19 76 79 44 155
22 32475240 0 1 0 1 4 10 39 38 14 77
22 32475396 0 1 0 1 22 32 128 131 54 259
22 32475455 0 1 0 1 29 40 147 136 69 283
22 32479203 0 1 0 1 14 24 85 109 38 194
22 32491011 0 1 0 1 7 5 15 19 12 34
22 32491163 0 1 0 1 40 30 116 113 70 229
22 32541415 0 1 0 1 5 6 17 25 11 42
22 32541973 0 1 0 1 5 7 26 18 12 44
22 32857305 0 1 0 1 16 19 82 91 35 173
22 33006858 0 1 0 1 5 7 27 23 12 50
22 33166697 0 1 0 1 16 13 67 70 29 137
22 33436749 0 1 0 1 7 7 20 19 14 39
22 33604474 0 1 0 1 28 27 151 134 55 285
22 34589705 0 1 0 1 21 30 98 107 51 205
22 34590408 0 1 0 1 12 19 52 62 31 114
22 35067232 0 1 0 1 21 24 72 81 45 153
22 35082493 0 1 0 1 26 26 133 119 52 252
22 35085783 0 1 0 1 15 9 38 56 24 94
22 35330572 0 1 0 0 2 22 0 100 24 100
22 35345656 0 1 0 0 2 14 0 121 16 121
22 35718000 0 1 0 1 17 11 37 41 28 78
22 35718007 0 1 0 1 15 9 38 35 24 73
22 35720488 0 1 0 1 16 11 71 60 27 131
22 35726883 0 1 0 1 32 30 119 128 62 247
22 35728813 0 1 0 1 21 21 84 82 42 166
22 35939149 0 1 0 0 2 19 0 100 21 100
22 36141715 0 1 0 1 34 43 135 131 77 266
22 36191154 0 1 0 1 20 25 100 123 45 223
22 36191175 0 1 0 1 23 33 106 129 56 235
22 36191231 0 1 0 1 33 33 108 121 66 229
22 36191438 0 1 0 1 41 55 194 213 96 407
22 36191463 0 1 0 1 41 64 212 223 105 435
22 36191906 0 1 0 1 16 24 39 66 40 105
22 36195334 0 1 0 1 35 33 153 128 68 281
22 36196952 0 1 0 1 8 14 34 47 22 81
22 36197115 0 1 0 1 10 9 16 22 19 38
22 36199208 0 1 0 1 7 7 33 29 14 62
22 36201510 0 1 0 1 6 9 16 29 15 45
22 36201565 0 1 0 1 4 15 13 69 19 82
22 36201831 0 1 0 1 34 29 127 157 63 284
22 36201835 0 1 0 1 31 30 123 151 61 274
22 36202003 0 1 0 1 35 45 146 195 80 341
22 36202012 0 1 0 1 35 43 141 187 78 328
22 36202141 0 1 0 1 10 15 55 53 25 108
22 36236979 0 1 0 1 11 10 37 43 21 80
22 36237061 0 1 0 1 21 18 93 99 39 192
22 36237179 0 1 0 1 40 37 184 191 77 375
22 36237815 0 1 0 1 3 8 22 25 11 47
22 36238679 0 1 0 1 44 45 204 214 89 418
22 36239710 0 1 0 1 6 8 29 35 14 64
22 36254910 0 1 0 1 20 20 79 74 40 153
22 36255319 0 1 0 1 10 10 68 61 20 129
22 36255406 0 1 0 1 3 12 10 92 15 102
22 36255430 0 1 0 1 2 12 7 76 14 83
22 36255435 0 1 0 1 2 12 7 63 14 70
22 36283922 0 1 0 0 2 20 0 102 22 102
22 36288308 0 1 0 1 18 25 77 111 43 188
22 36288312 0 1 0 1 17 24 81 110 41 191
22 36293980 0 1 0 1 14 13 34 48 27 82
22 36295561 0 1 0 1 10 5 42 41 15 83
22 36299127 0 1 0 1 34 31 132 137 65 269
22 36299201 0 1 0 1 23 19 96 90 42 186
22 36309484 0 1 0 1 29 25 108 106 54 214
22 36312039 0 1 0 1 13 18 51 50 31 101
22 36314000 0 1 0 1 10 10 40 44 20 84
22 36316427 0 1 0 1 15 8 64 65 23 129
22 36320164 0 1 0 1 20 29 81 120 49 201
22 36320762 0 1 0 0 2 14 0 57 16 57
22 36326445 0 1 0 1 24 18 54 64 42 118
22 36327652 0 1 0 1 3 7 21 11 10 32
22 36348843 0 1 0 1 27 12 62 29 39 91
22 36348845 0 1 0 1 25 14 68 36 39 104
22 36468433 0 1 0 1 34 34 129 103 68 232
22 36468640 0 1 0 1 58 61 257 210 119 467
22 36476703 0 1 0 1 10 10 49 49 20 98
22 36493883 0 1 0 1 21 9 46 61 30 107
22 36498236 0 1 0 1 6 7 30 26 13 56
22 36504224 0 1 0 1 55 51 275 315 106 590
22 36516677 0 1 0 1 22 28 148 148 50 296
22 36523400 0 1 0 1 8 10 39 39 18 78
22 36524015 0 1 0 1 26 29 102 78 55 180
22 36537621 0 1 0 1 6 14 43 35 20 78
22 36587357 0 1 0 1 6 6 35 26 12 61
22 36587381 0 1 0 1 14 17 62 56 31 118
22 36758683 0 1 0 1 4 11 16 12 15 28
22 36775567 0 1 0 1 19 16 77 72 35 149
22 36811623 0 1 0 1 5 8 42 36 13 78
22 36861135 0 1 0 1 16 10 55 52 26 107
22 36923039 0 1 0 1 2 8 19 20 10 39
22 36923383 0 1 0 1 23 41 133 148 64 281
22 36923547 0 1 0 1 6 10 28 31 16 59
22 36923905 0 1 0 1 15 17 112 100 32 212
22 36930534 0 1 0 0 2 21 0 91 23 91
22 36932709 0 1 0 1 17 7 74 61 24 135
22 36932924 0 1 0 1 52 47 202 254 99 456
22 36933069 0 1 0 1 15 13 51 58 28 109
22 36934040 0 1 0 1 27 19 112 113 46 225
22 36935263 0 1 0 1 13 21 93 78 34 171
22 36937752 0 1 0 1 23 28 133 100 51 233
22 36991420 0 1 0 1 15 21 54 55 36 109
22 36991464 0 1 0 1 25 25 75 73 50 148
22 37011486 0 1 0 1 15 8 37 37 23 74
22 37024082 0 1 0 1 12 9 41 32 21 73
22 37029160 0 1 0 1 32 24 109 125 56 234
22 37029161 0 1 0 1 29 24 106 126 53 232
22 37057216 0 1 0 1 4 10 23 33 14 56
22 37062564 0 1 0 0 2 14 0 75 16 75
22 37066896 0 1 0 1 44 38 185 174 82 359
22 37073551 0 1 0 1 47 54 226 209 101 435
22 37073781 0 1 0 1 6 11 51 38 17 89
22 37074564 0 1 0 1 16 21 110 82 37 192
22 37074600 0 1 0 1 20 21 126 118 41 244
22 37075250 0 1 0 1 27 42 133 129 69 262
22 37084115 0 1 0 1 15 13 64 58 28 122
22 37084141 0 1 0 1 14 17 78 71 31 149
22 37084229 0 1 0 1 24 22 79 79 46 158
22 37085001 0 1 0 1 16 21 53 66 37 119
22 37089551 0 1 0 0 2 13 0 87 15 87
22 37089555 0 1 0 1 2 10 21 63 12 84
22 37098278 0 1 0 1 17 12 45 58 29 103
22 37098380 0 1 0 1 27 29 126 136 56 262
22 37132322 0 1 0 1 8 7 33 42 15 75
22 37132536 0 1 0 1 11 13 59 59 24 118
22 37132566 0 1 0 1 8 9 51 41 17 92
22 37135396 0 1 0 1 31 40 178 146 71 324
22 37136401 0 1 0 1 14 18 65 46 32 111
22 37137746 0 1 0 1 24 22 113 108 46 221
22 37137755 0 1 0 1 21 20 106 105 41 211
22 37184481 0 1 0 0 2 18 0 99 20 99
22 37206798 0 1 0 1 28 30 153 146 58 299
22 37303336 0 1 0 1 76 86 318 314 162 632
22 37304136 0 1 0 1 20 13 92 97 33 189
22 37311031 0 1 0 1 45 36 176 204 81 380
22 37311099 0 1 0 1 42 46 190 176 88 366
22 37374026 0 1 0 1 58 77 319 347 135 666
22 37374317 0 1 0 1 99 69 361 343 168 704
22 37375118 0 1 0 1 67 88 313 310 155 623
22 37496042 0 1 0 1 26 21 96 94 47 190
22 37508950 0 1 0 1 23 19 84 102 42 186
22 37510255 0 1 0 1 8 10 31 31 18 62
22 37568292 0 1 0 1 19 17 81 56 36 137
22 37570053 0 1 0 1 5 8 18 11 13 29
22 37619664 0 1 0 1 13 16 76 68 29 144
22 37629368 0 1 0 1 10 6 27 18 16 45
22 37631806 0 1 0 0 2 8 0 35 10 35
22 37647437 0 1 0 1 21 26 63 77 47 140
22 37650688 0 1 0 1 17 14 53 48 31 101
22 37655486 0 1 0 1 3 8 30 28 11 58
22 37655992 0 1 0 1 10 17 56 100 27 156
22 37665443 0 1 0 1 8 8 34 27 16 61
22 37665513 0 1 0 1 18 30 95 90 48 185
22 37678135 0 1 0 1 6 7 29 21 13 50
22 37678336 0 1 0 1 39 49 135 155 88 290
22 37678427 0 1 0 1 67 52 210 234 119 444
22 37687855 0 1 0 0 2 22 0 89 24 89
22 37690567 0 1 0 1 12 17 45 38 29 83
22 37725145 0 1 0 1 62 88 281 267 150 548
22 37726115 0 1 0 1 30 31 126 128 61 254
22 37726441 0 1 0 1 12 13 37 53 25 90
22 37726455 0 1 0 1 14 13 37 38 27 75
22 37733325 0 1 0 1 34 32 85 121 66 206
22 37750426 0 1 0 1 7 5 29 33 12 62
22 37750578 0 1 0 1 27 24 119 123 51 242
22 37757480 0 1 0 0 2 17 0 110 19 110
22 37758061 0 1 0 0 2 17 0 92 19 92
22 37831814 0 1 0 1 13 13 62 69 26 131
22 37863170 0 1 0 0 3 33 0 149 36 149
22 37886890 0 1 0 1 15 26 73 57 41 130
22 37985989 0 1 0 0 2 14 0 54 16 54
22 37986178 0 1 0 0 3 31 0 171 34 171
22 38059462 0 1 0 1 28 24 98 100 52 198
22 38078958 0 1 0 1 7 12 41 40 19 81
22 38081268 0 1 0 1 17 38 120 126 55 246
22 38087009 0 1 0 1 5 6 19 13 11 32
22 38107840 0 1 0 1 37 49 178 184 86 362
22 38107961 0 1 0 1 20 21 75 83 41 158
22 38107965 0 1 0 1 19 20 67 78 39 145
22 38108365 0 1 0 1 17 18 61 70 35 131
22 38109340 0 1 0 1 7 17 54 49 24 103
22 38127239 0 1 0 1 10 8 17 16 18 33
22 38143034 0 1 0 1 15 13 68 73 28 141
22 38167965 0 1 0 1 39 44 140 146 83 286
22 38215073 0 1 0 1 7 15 66 70 22 136
22 38221326 0 1 0 1 13 20 46 59 33 105
22 38370053 0 1 0 0 2 21 0 149 23 149
22 38427131 0 1 0 1 48 50 148 192 98 340
22 38479544 0 1 0 1 17 12 83 83 29 166
22 38538510 0 1 0 1 8 18 65 69 26 134
22 38562255 0 1 0 1 13 16 60 55 29 115
22 38568162 0 1 0 1 17 16 50 72 33 122
22 38586026 0 1 0 1 11 12 41 56 23 97
22 38586316 0 1 0 1 13 8 45 28 21 73
22 38586353 0 1 0 1 8 6 32 22 14 54
22 38607490 0 1 0 1 14 12 79 56 26 135
22 38607514 0 1 0 1 15 11 63 48 26 111
22 38620177 0 1 0 1 5 6 18 33 11 51
22 38638781 0 1 0 1 23 17 116 115 40 231
22 38670846 0 1 0 1 40 41 146 136 81 282
22 38682236 0 1 0 1 16 15 80 73 31 153
22 38699693 0 1 0 1 5 7 22 21 12 43
22 38699982 0 1 0 1 28 29 138 135 57 273
22 38705710 0 1 0 1 12 9 25 41 21 66
22 38724233 0 1 0 1 17 18 61 76 35 137
22 38726033 0 1 0 1 32 63 146 240 95 386
22 38729524 0 1 0 1 19 21 69 76 40 145
22 38729544 0 1 0 1 19 21 87 70 40 157
22 38730503 0 1 0 1 20 15 90 85 35 175
22 38737798 0 1 0 1 6 6 24 24 12 48
22 38738710 0 1 0 1 44 21 150 119 65 269
22 38742327 0 1 0 1 15 21 89 102 36 191
22 38745595 0 1 0 1 13 13 86 92 26 178
22 38751012 0 1 0 0 2 19 0 145 21 145
22 38752478 0 1 0 1 12 23 75 71 35 146
22 38754538 0 1 0 1 8 5 24 24 13 48
22 38866203 0 1 0 0 2 20 0 112 22 112
22 38949194 0 1 0 1 6 7 18 28 13 46
22 38949198 0 1 0 1 5 7 15 28 12 43
22 38959410 0 1 0 1 8 6 27 27 14 54
22 38959712 0 1 0 1 13 10 33 33 23 66
22 38961576 0 1 0 1 35 72 121 276 107 397
22 38961629 0 1 0 1 9 58 39 254 67 293
22 38982116 0 1 0 1 4 6 19 21 10 40
22 38985930 0 1 0 1 54 68 225 295 122 520
22 38991212 0 1 0 1 4 10 24 33 14 57
22 38991280 0 1 1 1 10 5 59 17 15 76
22 38991650 0 1 0 1 21 13 124 55 34 179
22 39017663 0 1 0 1 9 24 64 93 33 157
22 39018161 0 1 0 1 7 15 60 63 22 123
22 39018219 0 1 0 1 7 13 37 52 20 89
22 39023060 0 1 0 0 2 19 0 108 21 108
22 39032391 0 1 0 1 9 8 34 21 17 55
22 39044144 0 1 0 1 21 9 65 80 30 145
22 39045091 0 1 0 1 46 56 169 255 102 424
22 39045198 0 1 0 1 53 45 175 227 98 402
22 39049375 0 1 0 1 12 12 50 50 24 100
22 39049549 0 1 0 1 25 29 93 78 54 171
22 39052706 0 1 0 1 29 24 104 112 53 216
22 39052745 0 1 0 1 18 21 73 82 39 155
22 39052870 0 1 0 1 7 8 20 14 15 34
22 39081118 0 1 0 1 63 53 220 247 116 467
22 39083569 0 1 0 1 4 9 23 26 13 49
22 39100080 0 1 0 1 6 12 24 24 18 48
22 39100129 0 1 0 1 11 10 29 28 21 57
22 39100194 0 1 0 1 30 30 90 84 60 174
22 39100331 0 1 0 1 29 38 116 134 67 250
22 39100407 0 1 0 1 15 26 82 86 41 168
22 39101399 0 1 0 1 17 21 87 82 38 169
22 39101447 0 1 0 1 12 15 66 55 27 121
22 39101449 0 1 0 1 11 15 68 55 26 123
22 39101806 0 1 0 1 7 13 25 17 20 42
22 39102033 0 1 0 1 19 35 88 84 54 172
22 39103570 0 1 0 1 8 9 30 32 17 62
22 39103599 0 1 0 1 7 15 38 41 22 79
22 39103648 0 1 0 1 13 18 64 80 31 144
22 39103758 0 1 0 1 30 35 122 136 65 258
22 39103897 0 1 0 1 13 14 50 39 27 89
22 39155977 0 1 0 0 2 10 0 59 12 59
22 39226091 0 1 0 1 7 5 32 20 12 52
22 39233604 0 1 0 1 11 6 24 13 17 37
22 39235542 0 1 0 1 10 9 34 33 19 67
22 39240923 0 1 0 1 8 5 22 35 13 57
22 39240925 0 1 0 1 8 4 20 37 12 57
22 39243848 0 1 0 1 24 29 112 120 53 232
22 39260900 0 1 0 0 2 14 0 91 16 91
22 39313600 0 1 0 1 8 11 44 38 19 82
22 39313771 0 1 0 1 60 62 226 244 122 470
22 39314239 0 1 0 1 8 11 62 46 19 108
22 39317123 0 1 0 1 6 8 28 28 14 56
22 39318211 0 1 0 1 7 6 31 21 13 52
22 39318485 0 1 0 1 9 10 40 60 19 100
22 39318699 0 1 0 1 12 9 29 28 21 57
22 39319135 0 1 0 1 18 11 52 54 29 106
22 39375915 0 1 0 1 23 29 109 130 52 239
22 39381518 0 1 0 1 9 4 21 19 13 40
22 39399678 0 1 0 1 8 7 36 36 15 72
22 39427010 0 1 0 1 16 9 53 43 25 96
22 39487339 0 1 0 1 26 30 141 121 56 262
22 39570851 0 1 0 1 16 15 76 57 31 133
22 39573762 0 1 0 1 15 26 95 113 41 208
22 39619488 0 1 0 1 11 5 41 17 16 58
22 39634472 0 1 0 1 8 12 28 28 20 56
22 39647807 0 1 0 1 25 18 63 77 43 140
22 39650072 0 1 0 1 10 8 27 25 18 52
22 39662994 0 1 0 1 10 8 33 42 18 75
22 39664726 0 1 0 1 7 25 11 43 32 54
22 39665678 0 1 0 1 36 50 171 174 86 345
22 39668576 0 1 0 1 19 17 67 85 36 152
22 39672046 0 1 0 1 10 15 46 41 25 87
22 39672848 0 1 0 1 12 10 74 66 22 140
22 39673240 0 1 0 1 13 7 34 39 20 73
22 39679395 0 1 0 1 14 10 64 43 24 107
22 39821040 0 1 0 1 48 74 196 240 122 436
22 40021567 0 1 0 1 52 64 208 229 116 437
22 40156115 0 1 0 1 21 18 82 92 39 174
22 40273644 0 1 0 1 15 25 69 53 40 122
22 40277995 0 1 0 1 15 17 80 85 32 165
22 40280992 0 1 0 1 5 13 53 49 18 102
22 40280997 0 1 0 1 3 15 54 49 18 103
22 40285647 0 1 0 1 6 15 48 52 21 100
22 40285784 0 1 0 1 9 11 46 59 20 105
22 40301373 0 1 0 1 23 23 98 110 46 208
22 40312675 0 1 0 1 20 17 83 83 37 166
22 40359423 0 1 0 1 2 10 7 37 12 44
22 40407182 0 1 0 1 39 18 135 155 57 290
22 40418496 0 1 0 1 46 43 222 181 89 403
22 40436226 0 1 0 1 14 13 38 46 27 84
22 40799095 0 1 0 0 2 20 0 108 22 108
22 40827186 0 1 0 1 8 11 42 40 19 82
22 40856397 0 1 0 0 2 18 0 75 20 75
22 40869928 0 1 0 0 2 12 0 51 14 51
22 40967698 0 1 0 0 2 13 0 65 15 65
22 41190182 0 1 0 1 2 18 5 55 20 60
22 41190188 0 1 0 1 4 9 7 31 13 38
22 41240709 0 1 0 0 2 20 0 78 22 78
22 41249753 0 1 0 1 31 42 140 154 73 294
22 41256341 0 1 0 1 21 18 88 93 39 181
22 41256729 0 1 0 1 22 23 97 118 45 215
22 41264960 0 1 0 1 18 21 70 79 39 149
22 41265040 0 1 0 1 11 7 32 35 18 67
22 41268067 0 1 0 1 11 19 87 64 30 151
22 41346279 0 1 0 1 12 9 40 29 21 69
22 41468186 0 1 0 1 18 23 80 93 41 173
22 41620695 0 1 0 1 16 9 93 77 25 170
22 41663764 0 1 0 1 6 6 26 25 12 51
22 41748315 0 1 0 1 10 14 31 19 24 50
22 41794305 0 1 0 1 12 10 35 39 22 74
22 41878030 0 1 0 1 27 42 168 199 69 367
22 41898576 0 1 0 0 2 16 0 89 18 89
22 41905455 0 1 0 0 2 19 0 81 21 81
22 41946623 0 1 0 0 2 8 0 38 10 38
22 42001531 0 1 0 1 8 25 16 126 33 142
22 42001540 0 1 0 1 13 32 21 135 45 156
22 42001548 0 1 0 1 14 37 34 155 51 189
22 42001602 0 1 0 1 25 61 57 247 86 304
22 42001608 0 1 0 1 25 57 61 255 82 316
22 42001637 0 1 0 1 18 64 54 259 82 313
22 42001650 0 1 0 1 11 60 29 238 71 267
22 42001651 0 1 0 1 11 62 29 229 73 258
22 42128308 0 1 0 1 97 98 376 392 195 768
22 42140185 0 1 0 1 16 17 59 59 33 118
22 42140943 0 1 0 1 10 10 36 34 20 70
22 42141270 0 1 0 1 45 64 212 250 109 462
22 42150811 0 1 0 1 13 108 48 449 121 497
22 42150820 0 1 0 1 14 113 53 479 127 532
22 42151663 0 1 0 1 36 30 144 135 66 279
22 42514662 0 1 0 1 7 44 33 218 51 251
22 42571229 0 1 0 1 79 70 321 331 149 652
22 42571397 0 1 0 1 9 13 37 52 22 89
22 42573848 0 1 0 1 7 7 33 38 14 71
22 42573871 0 1 0 1 9 8 39 47 17 86
22 42574611 0 1 0 1 12 13 44 72 25 116
22 42574730 0 1 0 1 39 33 157 136 72 293
22 42574739 0 1 0 1 39 33 163 126 72 289
22 42575981 0 1 0 1 13 16 67 79 29 146
22 42576362 0 1 0 1 7 3 21 19 10 40
22 42576479 0 1 0 1 6 20 36 91 26 127
22 42576492 0 1 0 1 8 23 47 104 31 151
22 42576584 0 1 0 1 27 38 125 158 65 283
22 42578050 0 1 0 1 12 14 38 50 26 88
22 42580450 0 1 0 1 4 11 31 33 15 64
22 42585132 0 1 0 1 22 22 95 93 44 188
22 42585161 0 1 0 1 18 22 85 89 40 174
22 42585343 0 1 0 1 16 19 71 66 35 137
22 42585884 0 1 0 1 19 12 97 70 31 167
22 42591820 0 1 0 1 16 19 51 46 35 97
22 42592111 0 1 0 1 15 20 58 76 35 134
22 42614811 0 1 0 1 39 39 193 157 78 350
22 42614815 0 1 0 1 36 44 156 194 80 350
22 42619710 0 1 0 1 7 6 47 37 13 84
22 42627933 0 1 0 1 5 6 19 28 11 47
22 42630785 0 1 0 1 7 13 45 42 20 87
22 42631350 0 1 0 1 44 57 206 164 101 370
22 42636736 0 1 0 1 29 19 131 127 48 258
22 42693049 0 1 0 1 37 40 219 201 77 420
22 42785334 0 1 0 0 2 23 0 98 25 98
22 42786285 0 1 0 0 2 13 0 71 15 71
22 42797635 0 1 0 1 14 12 75 84 26 159
22 42799141 0 1 0 1 46 49 194 221 95 415
22 42799166 0 1 0 1 44 40 181 163 84 344
22 42807131 0 1 0 1 43 53 151 165 96 316
22 42817718 0 1 0 1 42 69 189 200 111 389
22 42827027 0 1 0 0 2 23 0 114 25 114
22 42876079 0 1 0 1 6 13 25 10 19 35
22 42876786 0 1 0 1 24 23 103 114 47 217
22 42882142 0 1 0 1 21 39 121 118 60 239
22 42882156 0 1 0 1 43 24 126 119 67 245
22 42882214 0 1 0 1 34 28 138 109 62 247
22 42890870 0 1 0 1 20 23 75 84 43 159
22 42893467 0 1 0 1 9 17 60 62 26 122
22 42893732 0 1 0 1 35 35 164 165 70 329
22 43018475 0 1 0 1 6 5 15 17 11 32
22 43124252 0 1 0 1 7 8 37 20 15 57
22 43124257 0 1 0 1 7 10 36 22 17 58
22 43133023 0 1 0 1 18 7 49 61 25 110
22 43133308 0 1 0 1 31 37 188 213 68 401
22 43133511 0 1 0 1 21 24 77 101 45 178
22 43167906 0 1 0 0 2 14 0 58 16 58
22 43179610 0 1 0 1 8 11 71 43 19 114
22 43179768 0 1 0 1 22 30 135 140 52 275
22 43180898 0 1 0 1 20 14 65 69 34 134
22 43214201 0 1 0 1 17 19 116 107 36 223
22 43223194 0 1 0 1 41 35 154 145 76 299
22 43223398 0 1 0 1 7 6 33 31 13 64
22 43227347 0 1 0 1 9 20 64 82 29 146
22 43227389 0 1 0 1 17 34 124 111 51 235
22 43229219 0 1 0 1 32 42 160 156 74 316
22 43231640 0 1 0 1 5 7 32 21 12 53
22 43231706 0 1 0 1 15 20 62 68 35 130
22 43258556 0 1 0 0 2 11 0 48 13 48
22 43434925 0 1 0 1 19 13 72 55 32 127
22 43434928 0 1 0 1 13 21 52 76 34 128
22 43434980 0 1 0 1 28 24 109 107 52 216
22 43434990 0 1 0 1 30 30 130 115 60 245
22 43435076 0 1 0 1 55 62 258 270 117 528
22 43435136 0 1 0 1 56 55 237 270 111 507
22 43498072 0 1 0 1 4 10 36 37 14 73
22 43540503 0 1 0 1 10 18 74 54 28 128
22 43580795 0 1 0 1 8 7 18 29 15 47
22 43608425 0 1 0 1 21 20 50 43 41 93
22 43626327 0 1 0 1 9 11 33 25 20 58
22 43626698 0 1 0 1 11 9 44 57 20 101
22 43635055 0 1 0 1 13 12 80 81 25 161
22 43672313 0 1 0 1 17 19 94 122 36 216
22 43683558 0 1 0 1 16 24 74 79 40 153
22 43683800 0 1 0 1 30 32 119 115 62 234
22 43716965 0 1 0 1 24 21 69 70 45 139
22 43782092 0 1 0 1 9 11 50 39 20 89
22 43782223 0 1 0 1 40 45 150 174 85 324
22 43840125 0 1 0 1 7 5 26 29 12 55
22 43881526 0 1 0 1 23 13 64 68 36 132
22 43886396 0 1 0 1 41 30 118 155 71 273
22 43886427 0 1 0 1 38 24 82 126 62 208
22 43887676 0 1 0 1 14 30 124 114 44 238
22 43889548 0 1 0 1 12 11 41 43 23 84
22 43891749 0 1 0 1 19 17 96 97 36 193
22 43927042 0 1 0 1 31 39 153 191 70 344
22 43927090 0 1 0 1 31 36 139 172 67 311
22 43928796 0 1 0 1 41 41 172 163 82 335
22 43928847 0 1 0 1 38 41 140 170 79 310
22 43928850 0 1 0 1 39 41 135 162 80 297
22 43928975 0 1 0 1 10 11 43 57 21 100
22 43932850 0 1 0 1 15 24 80 76 39 156
22 43936998 0 1 0 1 12 12 61 56 24 117
22 43937292 0 1 0 1 10 10 52 42 20 94
22 43939864 0 1 0 1 8 6 39 45 14 84
22 43940218 0 1 0 1 7 10 36 38 17 74
22 43946106 0 1 0 1 8 16 54 55 24 109
22 43955471 0 1 0 1 18 30 58 88 48 146
22 43963117 0 1 0 1 25 17 75 91 42 166
22 43972159 0 1 0 1 31 20 77 96 51 173
22 43972242 0 1 0 1 14 36 83 75 50 158
22 43983685 0 1 0 1 12 9 20 22 21 42
22 43983860 0 1 0 1 42 35 169 160 77 329
22 43984129 0 1 0 1 5 9 34 28 14 62
22 43989001 0 1 0 1 14 13 47 54 27 101
22 44024358 0 1 0 0 2 13 0 90 15 90
22 44069156 0 1 0 1 7 12 40 38 19 78
22 44168417 0 1 0 1 14 7 55 44 21 99
22 44168522 0 1 0 1 34 34 122 137 68 259
22 44186619 0 1 0 1 29 36 177 163 65 340
22 44190642 0 1 0 1 26 26 108 129 52 237
22 44198704 0 1 0 1 25 31 90 100 56 190
22 44206121 0 1 0 1 6 5 21 33 11 54
22 44206292 0 1 0 1 23 23 89 98 46 187
22 44206349 0 1 0 1 29 27 87 117 56 204
22 44249567 0 1 0 1 11 11 50 41 22 91
22 44365751 0 1 0 1 8 13 34 36 21 70
22 44365917 0 1 0 1 18 25 100 101 43 201
22 44736973 0 1 0 1 26 10 98 83 36 181
22 44801762 0 1 0 1 6 6 47 39 12 86
22 44802129 0 1 0 1 26 38 131 137 64 268
22 44814786 0 1 0 1 11 9 59 63 20 122
22 44845080 0 1 0 1 4 12 16 24 16 40
22 44847891 0 1 0 1 40 32 139 153 72 292
22 44849050 0 1 0 1 29 30 123 144 59 267
22 44859647 0 1 0 1 8 15 42 55 23 97
22 44859700 0 1 0 1 21 25 73 95 46 168
22 44859757 0 1 0 1 27 41 127 129 68 256
22 44862453 0 1 0 1 52 54 206 172 106 378
22 44862493 0 1 0 1 44 33 176 147 77 323
22 44862615 0 1 0 1 22 30 89 86 52 175
22 44865843 0 1 0 1 5 8 22 28 13 50
22 44865844 0 1 0 1 5 10 20 30 15 50
22 44883440 0 1 0 1 8 12 48 59 20 107
22 44888017 0 1 0 1 10 11 52 49 21 101
22 44891196 0 1 0 1 10 7 43 40 17 83
22 44891540 0 1 0 1 7 6 36 26 13 62
22 44913773 0 1 0 1 4 6 21 26 10 47
22 44916233 0 1 0 1 45 47 184 180 92 364
22 44916364 0 1 0 1 68 74 280 289 142 569
22 44916793 0 1 0 1 7 7 24 17 14 41
22 45008454 0 1 0 1 12 11 54 41 23 95
22 45170962 0 1 0 1 12 14 45 61 26 106
22 45171031 0 1 0 1 21 18 60 74 39 134
22 45171154 0 1 0 1 8 7 37 34 15 71
22 45171699 0 1 0 1 11 14 49 73 25 122
22 45181350 0 1 0 1 30 22 64 73 52 137
22 45183541 0 1 0 1 15 24 76 80 39 156
22 45197780 0 1 0 1 65 50 246 257 115 503
22 45205025 0 1 0 1 4 7 21 15 11 36
22 45205105 0 1 0 1 7 14 59 50 21 109
22 45207604 0 1 0 1 5 6 22 23 11 45
22 45207620 0 1 0 1 5 7 26 28 12 54
22 45207664 0 1 0 1 12 7 51 42 19 93
22 45207757 0 1 0 1 30 14 103 124 44 227
22 45212311 0 1 0 1 16 25 109 92 41 201
22 45226133 0 1 0 1 7 7 38 39 14 77
22 45284943 0 1 0 1 8 5 18 25 13 43
22 45287094 0 1 0 1 8 13 27 39 21 66
22 45287365 0 1 0 1 33 38 117 135 71 252
22 45287423 0 1 0 1 35 44 122 151 79 273
22 45289121 0 1 0 1 24 32 94 114 56 208
22 45371511 0 1 0 1 8 8 35 49 16 84
22 45371541 0 1 0 1 6 8 45 34 14 79
22 45413817 0 1 0 1 20 32 100 100 52 200
22 45417807 0 1 0 1 33 21 111 83 54 194
22 45426029 0 1 0 1 30 29 170 166 59 336
22 45426055 0 1 0 1 27 22 138 142 49 280
22 45426076 0 1 0 1 24 28 129 133 52 262
22 45502117 0 1 0 1 8 19 51 57 27 108
22 45502194 0 1 0 1 18 34 127 141 52 268
22 45502237 0 1 0 1 24 42 163 193 66 356
22 45502250 0 1 0 1 25 42 161 186 67 347
22 45502372 0 1 0 1 12 16 52 72 28 124
22 45517514 0 1 0 1 10 8 39 34 18 73
22 45518581 0 1 0 1 13 16 61 53 29 114
22 45531162 0 1 0 1 18 13 68 62 31 130
22 45533310 0 1 0 1 16 18 81 67 34 148
22 45533511 0 1 0 1 13 5 38 73 18 111
22 45535382 0 1 0 1 10 10 37 40 20 77
22 45562793 0 1 0 1 5 6 25 40 11 65
22 45562913 0 1 0 1 35 23 108 117 58 225
22 45718518 0 1 0 1 15 19 111 106 34 217
22 45823148 0 1 0 1 11 14 53 76 25 129
22 45931348 0 1 0 0 3 31 0 154 34 154
22 45931386 0 1 0 1 10 14 53 53 24 106
22 45972250 0 1 0 1 9 13 28 32 22 60
22 46006701 0 1 0 1 8 6 37 29 14 66
22 46006834 0 1 0 1 26 30 114 116 56 230
22 46054011 0 1 0 1 3 8 40 34 11 74
22 46103240 0 1 0 1 19 18 83 90 37 173
22 46105475 0 1 0 1 46 38 166 188 84 354
22 46109457 0 1 0 1 7 5 35 27 12 62
22 46112885 0 1 0 1 5 8 44 51 13 95
22 46215169 0 1 0 0 2 20 0 81 22 81
22 46364296 0 1 0 1 36 33 168 164 69 332
22 46366219 0 1 0 1 25 10 77 35 35 112
22 46367622 0 1 0 0 2 13 0 105 15 105
22 46409922 0 1 0 1 15 17 87 56 32 143
22 46464419 0 1 0 1 9 6 26 20 15 46
22 46481492 0 1 0 1 30 20 105 101 50 206
22 46534210 0 1 0 1 81 76 302 286 157 588
22 46661179 0 1 0 1 11 15 45 49 26 94
22 46661224 0 1 0 1 16 16 71 62 32 133
22 46661300 0 1 0 1 32 29 137 129 61 266
22 46663700 0 1 0 1 11 14 48 63 25 111
22 46666997 0 1 0 1 4 7 31 27 11 58
22 46671023 0 1 0 1 24 28 60 70 52 130
22 46676580 0 1 0 1 12 23 59 95 35 154
22 46695424 0 1 0 1 10 5 24 30 15 54
22 46699512 0 1 0 1 21 23 89 82 44 171
22 46701553 0 1 0 1 8 6 18 10 14 28
22 46708114 0 1 0 1 7 5 21 22 12 43
22 46789368 0 1 0 1 21 10 65 60 31 125
22 46878742 0 1 0 1 18 16 70 62 34 132
22 46894628 0 1 0 0 2 15 0 62 17 62
22 46913351 0 1 0 1 31 38 141 138 69 279
22 46974164 0 1 0 1 18 17 71 83 35 154
22 47173328 0 1 0 1 6 4 31 25 10 56
22 47379161 0 1 0 1 2 8 12 18 10 30
22 47379263 0 1 0 1 2 8 15 35 10 50
22 47379272 0 1 0 1 2 9 5 49 11 54
22 47379281 0 1 0 1 6 4 19 36 10 55
22 47379296 0 1 0 1 2 9 10 49 11 59
22 47379299 0 1 0 1 2 9 18 57 11 75
22 47379302 0 1 0 1 4 7 22 56 11 78
22 47379311 0 1 0 1 5 6 28 63 11 91
22 47379314 0 1 0 1 4 11 27 69 15 96
22 47379317 0 1 0 1 2 14 11 94 16 105
22 47379323 0 1 0 1 2 8 26 61 10 87
22 47379326 0 1 0 1 3 8 27 69 11 96
22 47379338 0 1 0 1 2 8 29 54 10 83
22 47379341 0 1 0 1 4 6 27 50 10 77
22 47379344 0 1 0 1 4 7 38 47 11 85
22 47461788 0 1 0 1 28 26 77 73 54 150
22 47461802 0 1 0 1 29 25 92 93 54 185
22 47461827 0 1 0 1 22 23 78 81 45 159
22 47463450 0 1 0 1 18 20 80 82 38 162
22 48500768 0 1 0 1 19 18 87 84 37 171
22 48646482 0 1 0 1 16 11 40 43 27 83
22 48646504 0 1 0 1 12 16 44 54 28 98
22 48707532 0 1 0 1 8 7 20 24 15 44
22 49265389 0 1 0 1 31 14 125 50 45 175
22 49265399 0 1 0 1 33 25 138 84 58 222
22 49265435 0 1 0 1 6 47 18 192 53 210
22 49265436 0 1 0 1 6 41 18 155 47 173
22 49265667 0 1 0 1 13 19 30 101 32 131
22 49265673 0 1 0 1 12 25 20 124 37 144
22 49265706 0 1 0 1 16 55 49 173 71 222
22 49265772 0 1 0 1 25 29 105 127 54 232
22 49265851 0 1 0 1 3 15 10 84 18 94
22 49266069 0 1 0 1 22 37 100 186 59 286
22 49266118 0 1 0 0 3 17 0 63 20 63
22 49266128 0 1 0 1 2 10 11 33 12 44
22 49266398 0 1 0 1 16 22 87 74 38 161
22 49440919 0 1 0 1 11 11 28 48 22 76
22 49440975 0 1 0 1 17 25 79 87 42 166
22 49624185 0 1 0 1 36 50 167 224 86 391
22 49799315 0 1 0 0 2 9 0 37 11 37
22 49823077 0 1 0 1 74 96 317 339 170 656
22 49960910 0 1 0 1 7 7 30 38 14 68
22 50041251 0 1 0 1 25 16 108 133 41 241
22 50159641 0 1 0 0 2 20 0 119 22 119
22 50161120 0 1 0 0 2 21 0 110 23 110
22 50192788 0 1 0 1 4 7 13 37 11 50
22 50199196 0 1 0 1 11 16 50 53 27 103
22 50210052 0 1 0 1 3 8 27 24 11 51
22 50210868 0 1 0 1 40 32 136 106 72 242
22 50212761 0 1 0 1 5 5 35 24 10 59
22 50216676 0 1 0 0 2 22 0 90 24 90
22 50217680 0 1 0 1 23 27 129 140 50 269
22 50221511 0 1 0 0 2 21 0 137 23 137
22 50245883 0 1 0 1 12 14 75 62 26 137
22 50261239 0 1 0 1 38 30 136 132 68 268
22 50266232 0 1 0 1 20 28 105 106 48 211
22 50266630 0 1 0 1 55 57 209 238 112 447
22 50270302 0 1 0 1 3 9 31 33 12 64
22 50275860 0 1 0 1 14 32 92 120 46 212
22 50276255 0 1 0 1 3 9 8 28 12 36
22 50276277 0 1 0 1 3 7 6 24 10 30
22 50276282 0 1 0 1 3 7 12 21 10 33
22 50276290 0 1 0 1 2 8 3 33 10 36
22 50276321 0 1 0 1 5 7 9 23 12 32
22 50276322 0 1 0 1 9 4 14 16 13 30
22 50276346 0 1 0 1 2 12 4 44 14 48
22 50276357 0 1 0 1 3 8 10 27 11 37
22 50276362 0 1 0 1 4 8 9 33 12 42
22 50276370 0 1 0 1 2 12 5 56 14 61
22 50276397 0 1 0 1 3 12 17 40 15 57
22 50276401 0 1 0 1 3 12 12 44 15 56
22 50276402 0 1 0 1 5 9 19 34 14 53
22 50279118 0 1 0 1 16 17 40 54 33 94
22 50280736 0 1 0 1 11 16 51 51 27 102
22 50281547 0 1 0 1 74 46 283 281 120 564
22 50281752 0 1 0 1 42 56 201 209 98 410
22 50282193 0 1 0 1 45 73 241 254 118 495
22 50282475 0 1 0 1 9 7 35 31 16 66
22 50283705 0 1 0 1 62 49 320 253 111 573
22 50284196 0 1 0 1 47 49 248 244 96 492
22 50285761 0 1 0 1 14 19 54 50 33 104
22 50286304 0 1 0 1 21 29 93 82 50 175
22 50287124 0 1 0 1 18 19 83 84 37 167
22 50312096 0 1 0 0 2 21 0 103 23 103
22 50397654 0 1 0 1 3 8 10 29 11 39
22 50414704 0 1 0 1 4 9 6 39 13 45
22 50414705 0 1 0 1 14 10 48 40 24 88
22 50415888 0 1 0 1 9 8 32 31 17 63
22 50418711 0 1 0 1 11 21 45 58 32 103
22 50419691 0 1 0 1 14 16 53 65 30 118
22 50421969 0 1 0 1 6 3 21 14 9 35
22 50422066 0 1 0 1 10 16 58 49 26 107
22 50422136 0 1 0 1 19 24 99 78 43 177
22 50432117 0 1 0 1 13 11 48 49 24 97
22 50432191 0 1 0 1 14 27 61 59 41 120
22 50435117 0 1 0 1 8 10 32 28 18 60
22 50435128 0 1 0 1 7 6 28 19 13 47
22 50435132 0 1 0 1 6 5 27 19 11 46
22 50436464 0 1 0 1 19 34 106 82 53 188
22 50440117 0 1 0 1 7 12 41 32 19 73
22 50441018 0 1 0 1 13 17 95 80 30 175
22 50456704 0 1 0 1 13 19 56 43 32 99
22 50459847 0 1 0 0 2 22 0 156 24 156
22 50461328 0 1 0 1 3 33 14 143 36 157
22 50461329 0 1 0 1 21 14 63 92 35 155
22 50462830 0 1 0 1 14 7 61 63 21 124
22 50463017 0 1 0 0 2 18 0 89 20 89
22 50463105 0 1 0 1 4 5 23 23 9 46
22 50464792 0 1 0 1 28 33 129 115 61 244
22 50468488 0 1 0 1 16 7 56 57 23 113
22 50503556 0 1 0 1 24 40 98 96 64 194
22 50505699 0 1 0 1 40 53 161 197 93 358
22 50505734 0 1 0 1 47 50 221 192 97 413
22 50516256 0 1 0 1 5 5 19 16 10 35
22 50516395 0 1 0 1 25 15 83 96 40 179
22 50521672 0 1 0 1 49 42 235 193 91 428
22 50522253 0 1 0 1 33 35 180 168 68 348
22 50523425 0 1 0 1 21 13 64 73 34 137
22 50523779 0 1 0 1 52 47 196 245 99 441
22 50524353 0 1 0 1 31 21 133 104 52 237
22 50525648 0 1 0 1 11 17 60 59 28 119
22 50525807 0 1 0 1 35 36 153 126 71 279
22 50526019 0 1 0 0 2 14 0 85 16 85
22 50526433 0 1 0 1 7 8 25 44 15 69
22 50528485 0 1 0 1 29 33 87 135 62 222
22 50548095 0 1 0 0 2 21 0 89 23 89
22 50582854 0 1 0 0 2 17 0 65 19 65
22 50603907 0 1 0 1 21 8 54 73 29 127
22 50626933 0 1 0 1 64 53 253 212 117 465
22 50683133 0 1 0 1 4 8 27 15 12 42
22 50703953 0 1 0 1 28 28 111 103 56 214
22 50739662 0 1 0 1 12 17 46 50 29 96
22 50743971 0 1 0 1 13 24 86 79 37 165
22 50744827 0 1 0 1 25 32 106 111 57 217
22 50755213 0 1 0 0 2 12 0 54 14 54
22 50769827 0 1 0 1 4 11 44 46 15 90
22 50770140 0 1 0 1 21 20 68 63 41 131
22 50777721 0 1 0 1 12 20 94 88 32 182
22 50778136 0 1 0 1 9 12 47 38 21 85
22 50780578 0 1 0 1 44 53 225 199 97 424
22 50782420 0 1 0 1 8 11 33 62 19 95
22 50782510 0 1 0 1 7 14 33 47 21 80
22 50808180 0 1 0 1 2 14 16 47 16 63
22 50808252 0 1 0 1 4 13 12 92 17 104
22 50808390 0 1 0 0 5 6 2 43 11 45
