chr pos bloodGT1 bloodGT2 tumorGT1 tumorGT2 AN BN AT BT sN sT
8 233315 0 1 0 1 5 34 14 109 39 123
8 311372 0 1 0 0 2 23 0 97 25 97
8 311482 0 1 0 1 5 6 19 14 11 33
8 330241 0 1 0 1 21 18 84 60 39 144
8 330915 0 1 0 1 17 12 76 75 29 151
8 413192 0 1 0 1 12 10 40 39 22 79
8 431344 0 1 0 1 6 5 25 21 11 46
8 451493 0 1 0 1 18 19 54 76 37 130
8 491457 0 1 0 1 4 8 46 37 12 83
8 616615 0 1 0 1 10 8 35 45 18 80
8 627249 0 1 0 1 24 27 82 88 51 170
8 627356 0 1 0 0 2 16 0 66 18 66
8 657766 0 1 0 1 14 16 60 88 30 148
8 658034 0 1 0 1 25 33 143 186 58 329
8 658279 0 1 0 1 3 7 17 26 10 43
8 659051 0 1 0 1 7 18 22 72 25 94
8 659072 0 1 0 1 2 19 9 73 21 82
8 659872 0 1 0 1 20 57 142 207 77 349
8 659901 0 1 0 1 39 66 212 225 105 437
8 660137 0 1 0 1 3 9 13 34 12 47
8 673696 0 1 0 1 40 42 160 193 82 353
8 692291 0 1 0 1 10 10 22 17 20 39
8 726169 0 1 0 1 18 15 68 68 33 136
8 731206 0 1 0 1 35 38 124 123 73 247
8 907818 0 1 0 1 14 11 49 32 25 81
8 908049 0 1 0 1 9 15 45 26 24 71
8 1137212 0 1 0 1 16 20 59 61 36 120
8 1464194 0 1 0 1 3 9 5 25 12 30
8 1464205 0 1 0 1 2 11 9 21 13 30
8 1548601 0 1 0 1 22 30 106 117 52 223
8 1548622 0 1 0 1 28 29 127 145 57 272
8 1565531 0 1 0 1 11 11 37 42 22 79
8 1565843 0 1 0 1 10 10 51 58 20 109
8 1817135 0 1 0 1 10 8 30 42 18 72
8 1817139 0 1 0 0 2 19 0 78 21 78
8 1869148 0 1 0 1 5 6 33 30 11 63
8 1869201 0 1 0 1 12 10 53 56 22 109
8 1898396 0 1 0 1 19 16 63 54 35 117
8 1909200 0 1 0 1 12 18 53 69 30 122
8 1909201 0 1 0 1 12 15 51 65 27 116
8 1909266 0 1 0 1 25 26 108 133 51 241
8 1909535 0 1 0 1 16 8 40 33 24 73
8 1923730 0 1 0 1 38 44 123 126 82 249
8 1952689 0 1 0 1 17 16 84 70 33 154
8 1952944 0 1 0 1 11 14 56 66 25 122
8 1953011 0 1 0 1 5 6 20 29 11 49
8 2057296 0 1 0 1 15 12 37 42 27 79
8 2057506 0 1 0 1 57 75 226 286 132 512
8 2072278 0 1 0 1 15 21 74 76 36 150
8 2072596 0 1 0 1 6 9 30 33 15 63
8 2073341 0 1 0 1 41 42 108 163 83 271
8 2076325 0 1 0 1 33 23 80 94 56 174
8 2076357 0 1 0 1 19 24 92 78 43 170
8 2076366 0 1 0 1 17 25 87 80 42 167
8 2076367 0 1 0 1 24 16 75 86 40 161
8 2076680 0 1 0 1 25 21 112 102 46 214
8 2085405 0 1 0 1 15 25 81 96 40 177
8 2085509 0 1 0 1 6 11 37 22 17 59
8 2085521 0 1 0 1 3 7 27 19 10 46
8 2092573 0 1 0 1 9 14 52 44 23 96
8 2096142 0 1 0 1 4 8 23 26 12 49
8 2109340 0 1 0 1 5 11 33 14 16 47
8 2109507 0 1 0 1 11 11 62 69 22 131
8 2123129 0 1 0 1 7 5 25 36 12 61
8 2123301 0 1 0 1 37 47 163 152 84 315
8 2129084 0 1 0 1 15 20 89 74 35 163
8 2143303 0 1 0 1 45 54 171 242 99 413
8 2143324 0 1 0 1 46 64 183 264 110 447
8 2143598 0 1 0 1 7 14 45 44 21 89
8 2144560 0 1 0 1 12 17 59 68 29 127
8 2144879 0 1 0 1 43 40 188 198 83 386
8 2164079 0 1 0 1 5 6 32 23 11 55
8 2164088 0 1 0 1 5 7 37 22 12 59
8 2164116 0 1 0 1 6 9 31 38 15 69
8 2200927 0 1 0 1 10 9 49 56 19 105
8 2201132 0 1 0 1 20 20 81 75 40 156
8 2942459 0 1 0 1 18 17 60 66 35 126
8 2954186 0 1 0 1 19 19 69 68 38 137
8 2955561 0 1 0 1 45 47 182 161 92 343
8 2955854 0 1 0 1 11 6 27 18 17 45
8 2963223 0 1 0 1 19 28 94 131 47 225
8 2973321 0 1 0 1 24 24 93 86 48 179
8 3106481 0 1 0 1 24 29 89 103 53 192
8 3106684 0 1 0 1 21 17 86 71 38 157
8 3107722 0 1 0 1 25 26 101 133 51 234
8 3108836 0 1 0 1 13 8 68 65 21 133
8 3108866 0 1 0 1 13 6 57 58 19 115
8 3110054 0 1 0 1 8 6 39 27 14 66
8 3110117 0 1 0 1 12 16 65 78 28 143
8 3110383 0 1 0 1 11 12 54 55 23 109
8 3110384 0 1 0 1 11 13 52 56 24 108
8 3110448 0 1 0 1 5 7 17 26 12 43
8 3142407 0 1 0 1 13 5 50 35 18 85
8 3142718 0 1 0 1 18 17 37 60 35 97
8 3151383 0 1 0 1 28 38 113 126 66 239
8 3162070 0 1 0 1 24 23 77 77 47 154
8 3187708 0 1 0 1 8 6 18 24 14 42
8 3189199 0 1 0 1 4 12 27 33 16 60
8 3214585 0 1 0 1 15 24 67 68 39 135
8 3219145 0 1 0 1 10 9 24 22 19 46
8 3219437 0 1 0 1 13 8 51 61 21 112
8 3219483 0 1 0 1 8 7 33 31 15 64
8 3224018 0 1 0 1 5 8 25 25 13 50
8 3224028 0 1 0 1 5 7 22 24 12 46
8 3396033 0 1 0 1 3 7 33 43 10 76
8 3396417 0 1 0 1 11 11 56 85 22 141
8 3396420 0 1 0 1 12 11 61 87 23 148
8 3396475 0 1 0 1 9 12 40 55 21 95
8 3399584 0 1 0 1 18 10 39 46 28 85
8 3406236 0 1 0 1 5 7 36 52 12 88
8 3408323 0 1 0 1 6 4 17 22 10 39
8 3409387 0 1 0 1 14 17 46 60 31 106
8 3616820 0 1 0 1 22 17 77 64 39 141
8 3708378 0 1 0 1 23 24 97 102 47 199
8 3949964 0 1 0 1 23 20 69 88 43 157
8 3997780 0 1 0 1 11 9 34 53 20 87
8 4637289 0 1 0 1 8 7 39 45 15 84
8 4637585 0 1 0 1 15 23 46 53 38 99
8 4788211 0 1 0 1 8 11 42 33 19 75
8 4994265 0 1 0 1 7 12 54 48 19 102
8 5849471 0 1 0 1 10 7 27 20 17 47
8 5849511 0 1 0 1 10 8 35 21 18 56
8 6406609 0 1 0 1 23 32 133 106 55 239
8 6406857 0 1 0 1 7 5 21 30 12 51
8 6499786 0 1 0 1 8 5 19 18 13 37
8 6513593 0 1 0 1 5 5 21 16 10 37
8 6513608 0 1 0 1 5 6 21 23 11 44
8 6513612 0 1 0 1 6 6 22 23 12 45
8 6514651 0 1 0 1 11 6 68 64 17 132
8 6519912 0 1 0 1 18 24 92 96 42 188
8 6521242 0 1 0 1 28 29 101 142 57 243
8 6621435 0 1 0 1 18 21 105 93 39 198
8 6621465 0 1 0 1 26 29 122 120 55 242
8 6621521 0 1 0 1 40 36 159 158 76 317
8 6621657 0 1 0 1 42 51 175 198 93 373
8 6621761 0 1 0 1 28 20 90 101 48 191
8 6642859 0 1 0 1 11 8 23 22 19 45
8 6643023 0 1 0 1 15 22 66 73 37 139
8 6708830 0 1 0 1 35 58 211 221 93 432
8 6841934 0 1 0 1 35 34 147 148 69 295
8 6898916 0 1 0 1 2 11 5 51 13 56
8 6926114 0 1 0 1 5 5 25 21 10 46
8 7055322 0 1 0 1 11 11 32 45 22 77
8 7055603 0 1 0 1 6 8 21 24 14 45
8 7083092 0 1 0 1 6 4 20 33 10 53
8 7083094 0 1 0 1 6 5 21 35 11 56
8 7091972 0 1 0 1 2 13 14 39 15 53
8 7297095 0 1 0 1 11 17 68 57 28 125
8 7297395 0 1 0 1 24 19 67 66 43 133
8 7341901 0 1 0 0 2 18 0 70 20 70
8 7357807 0 1 0 1 5 11 7 58 16 65
8 7357822 0 1 0 1 6 12 6 60 18 66
8 7357924 0 1 0 1 15 21 82 124 36 206
8 7358172 0 1 0 1 51 103 200 408 154 608
8 7359565 0 1 0 1 16 57 128 234 73 362
8 7359650 0 1 0 1 18 64 124 281 82 405
8 7359769 0 1 0 1 3 24 28 63 27 91
8 7360273 0 1 0 1 22 50 96 199 72 295
8 7360315 0 1 0 1 10 36 54 134 46 188
8 7361033 0 1 0 1 18 34 59 106 52 165
8 7361099 0 1 0 1 14 41 65 184 55 249
8 7361110 0 1 0 1 17 40 70 193 57 263
8 7361230 0 1 0 1 12 43 42 160 55 202
8 7414807 0 1 0 1 7 8 25 21 15 46
8 7449570 0 1 0 1 5 10 24 62 15 86
8 7450864 0 1 0 1 13 45 63 138 58 201
8 7462468 0 1 0 1 6 8 66 61 14 127
8 7462743 0 1 0 1 16 51 75 213 67 288
8 7486173 0 1 0 1 10 11 20 62 21 82
8 7525142 0 1 0 1 5 5 14 25 10 39
8 7526543 0 1 0 1 5 21 30 57 26 87
8 7541128 0 1 0 1 18 34 72 151 52 223
8 7541250 0 1 0 1 4 9 18 31 13 49
8 7574143 0 1 0 1 8 9 40 33 17 73
8 7579810 0 1 0 1 7 4 27 31 11 58
8 7579928 0 1 0 1 13 38 56 177 51 233
8 7579948 0 1 0 1 10 34 41 189 44 230
8 7579979 0 1 0 1 12 17 63 71 29 134
8 7579993 0 1 0 1 10 11 44 53 21 97
8 7580551 0 1 0 1 26 29 91 143 55 234
8 7580593 0 1 0 1 11 57 20 213 68 233
8 7611466 0 1 0 1 7 4 20 62 11 82
8 7611552 0 1 0 1 2 12 16 30 14 46
8 7727963 0 1 0 1 3 7 9 21 10 30
8 7815604 0 1 0 1 8 10 40 52 18 92
8 7815786 0 1 0 1 13 34 63 175 47 238
8 7815840 0 1 0 1 6 11 20 58 17 78
8 7823398 0 1 0 0 2 8 0 42 10 42
8 7828801 0 1 0 1 7 16 22 53 23 75
8 7828875 0 1 0 1 5 13 21 47 18 68
8 7836512 0 1 0 1 8 14 33 57 22 90
8 7840876 0 1 0 1 2 8 10 37 10 47
8 7840920 0 1 0 1 5 22 36 93 27 129
8 7841005 0 1 0 1 15 32 41 113 47 154
8 7841140 0 1 0 1 5 20 17 73 25 90
8 7863442 0 1 0 1 10 13 38 92 23 130
8 7863722 0 1 0 1 3 7 11 20 10 31
8 7894605 0 1 0 1 16 9 69 39 25 108
8 7894618 0 1 0 1 9 19 42 80 28 122
8 8020012 0 1 0 1 3 27 22 141 30 163
8 8020154 0 1 0 1 15 88 106 438 103 544
8 8020305 0 1 0 1 16 87 50 400 103 450
8 8020337 0 1 0 1 14 56 54 225 70 279
8 8020374 0 1 0 1 6 39 40 157 45 197
8 8020376 0 1 0 1 12 30 51 142 42 193
8 8022252 0 1 0 0 4 15 1 123 19 124
8 8027750 0 1 0 1 2 12 12 25 14 37
8 8144436 0 1 0 1 4 9 15 52 13 67
8 8234503 0 1 0 1 10 7 28 31 17 59
8 8234652 0 1 0 1 6 4 23 32 10 55
8 8235894 0 1 0 0 2 13 0 52 15 52
8 8235989 0 1 0 1 10 12 40 42 22 82
8 8236056 0 1 0 1 14 17 44 45 31 89
8 8236070 0 1 0 1 13 16 41 47 29 88
8 8240327 0 1 0 1 4 10 35 38 14 73
8 8240516 0 1 0 1 25 30 99 100 55 199
8 8240557 0 1 0 1 24 27 97 96 51 193
8 8318699 0 1 0 1 51 34 147 145 85 292
8 8319309 0 1 0 1 29 27 110 111 56 221
8 8328538 0 1 0 1 11 15 31 76 26 107
8 8328539 0 1 0 1 11 15 33 73 26 106
8 8328541 0 1 0 1 11 14 30 69 25 99
8 8328542 0 1 0 1 11 14 32 65 25 97
8 8785954 0 1 0 0 2 21 0 102 23 102
8 8797388 0 1 0 1 24 26 113 138 50 251
8 8890027 0 1 0 1 30 35 128 128 65 256
8 9003110 0 1 0 1 6 10 35 38 16 73
8 9048416 0 1 0 1 18 15 85 82 33 167
8 9140752 0 1 0 1 16 13 46 54 29 100
8 9140753 0 1 0 1 16 13 48 55 29 103
8 9141677 0 1 0 1 13 21 89 91 34 180
8 9679817 0 1 0 0 2 16 0 66 18 66
8 9706927 0 1 0 1 11 13 78 73 24 151
8 9761495 0 1 0 0 2 19 0 82 21 82
8 9810042 0 1 0 1 4 8 22 30 12 52
8 10054710 0 1 0 1 25 21 68 60 46 128
8 10337967 0 1 0 1 12 17 47 46 29 93
8 10525628 0 1 0 1 15 31 70 78 46 148
8 10525716 0 1 0 1 16 6 63 49 22 112
8 10532942 0 1 0 1 12 16 76 76 28 152
8 10554069 0 1 0 0 2 20 0 87 22 87
8 10607245 0 1 0 1 39 36 122 124 75 246
8 10607375 0 1 0 1 21 34 119 135 55 254
8 10607502 0 1 0 1 24 49 124 199 73 323
8 10607587 0 1 0 1 40 45 178 184 85 362
8 10608238 0 1 0 1 38 38 153 140 76 293
8 10608622 0 1 0 1 38 34 168 150 72 318
8 10608972 0 1 0 1 22 36 112 126 58 238
8 10609650 0 1 0 1 47 49 205 184 96 389
8 10609775 0 1 0 1 48 44 241 190 92 431
8 10610079 0 1 0 1 54 59 225 316 113 541
8 10610094 0 1 0 1 54 64 219 349 118 568
8 10610095 0 1 0 1 16 113 94 502 129 596
8 10610115 0 1 0 1 21 103 110 470 124 580
8 10610116 0 1 0 1 21 108 113 479 129 592
8 10610118 0 1 0 1 20 101 102 452 121 554
8 10610119 0 1 0 1 21 99 114 453 120 567
8 10610126 0 1 0 1 24 98 116 466 122 582
8 10610127 0 1 0 1 24 101 114 464 125 578
8 10610142 0 1 0 1 32 127 132 509 159 641
8 10610143 0 1 0 1 29 134 126 544 163 670
8 10611520 0 1 0 1 20 22 74 93 42 167
8 10611723 0 1 0 1 39 29 134 133 68 267
8 10611830 0 1 0 1 31 34 141 172 65 313
8 10612558 0 1 0 1 20 22 78 111 42 189
8 10613405 0 1 0 1 19 25 124 129 44 253
8 10616600 0 1 0 1 11 8 40 45 19 85
8 10686999 0 1 0 1 10 16 34 36 26 70
8 10725996 0 1 0 1 45 37 162 140 82 302
8 10765302 0 1 0 1 5 7 35 44 12 79
8 10820471 0 1 0 1 11 8 25 23 19 48
8 10825164 0 1 0 1 6 5 25 18 11 43
8 10825617 0 1 0 1 10 12 44 57 22 101
8 10825823 0 1 0 1 5 5 10 20 10 30
8 10826113 0 1 0 1 11 16 55 78 27 133
8 10826266 0 1 0 1 3 8 17 21 11 38
8 10831540 0 1 0 1 7 3 24 15 10 39
8 10831632 0 1 0 1 11 16 54 60 27 114
8 10831702 0 1 0 1 25 26 87 104 51 191
8 10832734 0 1 0 1 4 16 40 41 20 81
8 10832809 0 1 0 1 25 29 99 85 54 184
8 10833128 0 1 0 1 9 8 29 30 17 59
8 10833800 0 1 0 1 10 11 53 50 21 103
8 11002587 0 1 0 1 6 3 36 39 9 75
8 11035020 0 1 0 1 8 15 82 72 23 154
8 11062816 0 1 0 1 27 15 109 123 42 232
8 11137532 0 1 0 1 5 7 27 28 12 55
8 11137550 0 1 0 1 5 10 39 34 15 73
8 11137675 0 1 0 1 13 18 40 58 31 98
8 11137744 0 1 0 1 10 16 43 53 26 96
8 11247568 0 1 0 1 13 7 26 30 20 56
8 11247795 0 1 0 1 27 22 71 86 49 157
8 11256319 0 1 0 1 6 5 32 22 11 54
8 11295296 0 1 0 1 16 14 79 73 30 152
8 11295448 0 1 0 1 6 4 20 16 10 36
8 11298104 0 1 0 1 6 7 21 24 13 45
8 11299951 0 1 0 1 19 11 82 52 30 134
8 11304987 0 1 0 1 36 39 142 185 75 327
8 11305093 0 1 0 1 20 33 94 123 53 217
8 11305100 0 1 0 1 19 33 90 120 52 210
8 11309724 0 1 0 1 14 14 67 76 28 143
8 11319901 0 1 0 1 25 23 138 144 48 282
8 11319938 0 1 0 1 23 17 115 111 40 226
8 11320009 0 1 0 0 3 9 1 63 12 64
8 11331023 0 1 0 1 8 8 24 22 16 46
8 11331024 0 1 0 1 3 13 8 38 16 46
8 11331031 0 1 0 1 6 10 20 30 16 50
8 11331077 0 1 0 1 9 11 33 52 20 85
8 11331234 0 1 0 1 17 23 79 106 40 185
8 11331243 0 1 0 1 23 24 86 118 47 204
8 11331807 0 1 0 1 12 19 66 77 31 143
8 11331979 0 1 0 1 20 15 89 92 35 181
8 11332020 0 1 0 1 3 25 21 113 28 134
8 11332026 0 1 0 1 14 10 75 60 24 135
8 11332082 0 1 0 1 6 15 36 71 21 107
8 11346656 0 1 0 1 18 23 63 79 41 142
8 11346675 0 1 0 1 20 26 55 73 46 128
8 11347246 0 1 0 1 39 26 97 125 65 222
8 11438416 0 1 0 1 19 23 97 111 42 208
8 11438540 0 1 0 1 18 14 77 79 32 156
8 11438582 0 1 0 1 12 15 37 59 27 96
8 11444092 0 1 0 1 26 38 135 161 64 296
8 11543119 0 1 0 1 5 5 37 33 10 70
8 11543171 0 1 0 1 13 10 31 58 23 89
8 11543435 0 1 0 1 26 25 88 122 51 210
8 11549084 0 1 0 1 32 37 141 196 69 337
8 11553413 0 1 0 1 23 28 92 121 51 213
8 11556504 0 1 0 1 11 11 38 48 22 86
8 11558063 0 1 0 1 32 25 107 112 57 219
8 11558088 0 1 0 1 26 17 86 90 43 176
8 11558662 0 1 0 1 16 15 84 80 31 164
8 11558919 0 1 0 1 19 20 89 98 39 187
8 11559126 0 1 0 1 16 15 72 69 31 141
8 11559134 0 1 0 1 18 19 75 62 37 137
8 11559701 0 1 0 0 2 21 0 86 23 86
8 11559748 0 1 0 1 20 15 56 73 35 129
8 11559984 0 1 0 1 13 14 60 52 27 112
8 11560073 0 1 0 1 7 7 14 12 14 26
8 11560876 0 1 0 1 23 33 92 100 56 192
8 11561264 0 1 0 1 71 85 264 236 156 500
8 11562786 0 1 0 1 5 8 16 11 13 27
8 11563849 0 1 0 1 8 9 35 29 17 64
8 11563875 0 1 0 1 9 13 41 39 22 80
8 11564284 0 1 0 1 20 13 59 73 33 132
8 11564536 0 1 0 1 46 49 209 225 95 434
8 11564621 0 1 0 1 33 35 159 184 68 343
8 11564661 0 1 0 1 20 27 100 133 47 233
8 11748803 0 1 0 1 11 9 50 45 20 95
8 11755189 0 1 0 1 12 7 33 44 19 77
8 11756666 0 1 0 1 5 12 20 21 17 41
8 11756716 0 1 0 1 6 13 30 45 19 75
8 11756796 0 1 0 1 15 8 53 48 23 101
8 11756804 0 1 0 1 15 9 52 47 24 99
8 11761696 0 1 0 1 46 41 142 161 87 303
8 11771610 0 1 0 1 20 18 80 70 38 150
8 11771620 0 1 0 1 22 21 78 80 43 158
8 11771732 0 1 0 1 18 13 53 59 31 112
8 11783275 0 1 0 1 23 24 113 133 47 246
8 11785950 0 1 0 1 26 38 117 160 64 277
8 11786294 0 1 0 1 13 19 65 52 32 117
8 11791213 0 1 0 1 8 5 23 28 13 51
8 11791365 0 1 0 1 9 8 32 36 17 68
8 11802194 0 1 0 1 10 11 41 42 21 83
8 11802542 0 1 0 1 22 15 81 68 37 149
8 11803255 0 1 0 1 15 36 111 116 51 227
8 11803407 0 1 0 1 15 15 51 62 30 113
8 11808942 0 1 0 1 17 15 114 111 32 225
8 11809670 0 1 0 1 8 9 84 73 17 157
8 11830450 0 1 0 1 6 10 21 30 16 51
8 11831610 0 1 0 1 28 22 112 132 50 244
8 11831719 0 1 0 1 11 11 51 50 22 101
8 11838363 0 1 0 1 24 21 113 120 45 233
8 11845085 0 1 0 1 11 8 14 23 19 37
8 11845331 0 1 0 1 10 15 24 46 25 70
8 11845539 0 1 0 1 14 21 54 60 35 114
8 11845911 0 1 0 1 3 13 23 20 16 43
8 11847210 0 1 0 1 15 16 92 70 31 162
8 11847630 0 1 0 1 35 24 119 108 59 227
8 11847933 0 1 0 1 17 18 51 72 35 123
8 11847939 0 1 0 1 18 17 69 47 35 116
8 11848168 0 1 0 1 25 15 78 78 40 156
8 11848361 0 1 0 1 18 21 91 81 39 172
8 11852436 0 1 0 1 8 7 26 27 15 53
8 11852448 0 1 0 1 10 9 34 37 19 71
8 11852860 0 1 0 1 9 4 34 37 13 71
8 11853120 0 1 0 1 8 13 50 57 21 107
8 11853379 0 1 0 1 39 65 225 205 104 430
8 11853550 0 1 0 1 8 11 50 52 19 102
8 11920340 0 1 0 1 5 8 14 15 13 29
8 11920375 0 1 0 1 6 9 18 22 15 40
8 11920392 0 1 0 1 6 7 29 29 13 58
8 11920468 0 1 0 1 14 15 49 48 29 97
8 11929272 0 1 0 1 22 21 77 72 43 149
8 11929384 0 1 0 1 13 17 36 49 30 85
8 11929393 0 1 0 1 10 13 36 50 23 86
8 11929416 0 1 0 1 9 14 26 41 23 67
8 11929423 0 1 0 1 10 12 27 43 22 70
8 11929465 0 1 0 1 10 7 33 20 17 53
8 11929501 0 1 0 1 6 7 15 29 13 44
8 11974439 0 1 0 1 7 5 40 51 12 91
8 11974570 0 1 0 1 15 13 56 63 28 119
8 11996087 0 1 0 1 11 6 35 31 17 66
8 11996091 0 1 0 0 2 13 0 68 15 68
8 12015335 0 1 0 1 9 10 24 23 19 47
8 12015440 0 1 0 1 2 10 19 43 12 62
8 12015463 0 1 0 1 3 16 14 45 19 59
8 12033795 0 1 0 1 4 6 16 20 10 36
8 12034296 0 1 0 1 23 15 79 67 38 146
8 12034396 0 1 0 1 15 6 57 70 21 127
8 12034511 0 1 0 1 6 4 26 45 10 71
8 12034543 0 1 0 1 5 6 19 39 11 58
8 12034550 0 1 0 1 5 6 20 35 11 55
8 12158080 0 1 0 1 2 8 15 24 10 39
8 12158092 0 1 0 1 2 10 15 24 12 39
8 12174539 0 1 0 1 9 14 29 75 23 104
8 12175077 0 1 0 1 5 14 17 61 19 78
8 12175224 0 1 0 1 3 8 15 28 11 43
8 12175767 0 1 0 1 4 6 7 37 10 44
8 12193650 0 1 0 1 2 8 9 24 10 33
8 12358910 0 1 0 1 12 56 30 143 68 173
8 12374375 0 1 0 1 8 25 36 81 33 117
8 12374449 0 1 0 1 16 40 63 161 56 224
8 12374539 0 1 0 1 28 71 113 244 99 357
8 12374692 0 1 0 1 26 53 118 239 79 357
8 12374697 0 1 0 1 26 53 121 232 79 353
8 12374713 0 1 0 1 27 52 117 203 79 320
8 12374760 0 1 0 1 49 21 180 107 70 287
8 12374802 0 1 0 1 31 53 106 203 84 309
8 12374835 0 1 0 1 26 61 122 229 87 351
8 12374914 0 1 0 1 76 27 292 101 103 393
8 12375025 0 1 0 1 50 32 266 124 82 390
8 12375164 0 1 0 1 27 53 135 265 80 400
8 12375569 0 1 0 1 33 28 188 116 61 304
8 12375604 0 1 0 1 23 18 142 83 41 225
8 12375637 0 1 0 1 22 14 102 67 36 169
8 12375710 0 1 0 1 6 20 12 55 26 67
8 12375875 0 1 0 1 4 11 8 22 15 30
8 12378669 0 1 0 1 12 15 46 91 27 137
8 12378692 0 1 0 1 11 18 59 102 29 161
8 12378693 0 1 0 1 9 16 61 101 25 162
8 12378722 0 1 0 1 12 29 65 142 41 207
8 12379143 0 1 0 1 62 35 238 128 97 366
8 12379209 0 1 0 1 39 62 133 297 101 430
8 12379322 0 1 0 1 27 105 155 317 132 472
8 12379346 0 1 0 1 30 100 149 325 130 474
8 12379426 0 1 0 1 64 32 262 124 96 386
8 12379518 0 1 0 1 16 72 86 280 88 366
8 12379520 0 1 0 1 19 72 87 276 91 363
8 12379631 0 1 0 1 25 64 130 316 89 446
8 12379644 0 1 0 1 61 31 291 156 92 447
8 12379864 0 1 0 1 35 53 136 241 88 377
8 12379963 0 1 0 1 67 27 261 139 94 400
8 12380079 0 1 0 1 53 23 222 139 76 361
8 12380098 0 1 0 1 28 48 106 246 76 352
8 12380125 0 1 0 1 26 47 120 264 73 384
8 12380323 0 1 0 1 14 27 64 137 41 201
8 12380392 0 1 0 1 28 11 96 40 39 136
8 12380436 0 1 0 1 7 19 39 54 26 93
8 12380447 0 1 0 1 7 21 34 51 28 85
8 12387953 0 1 0 1 20 11 64 36 31 100
8 12388225 0 1 0 1 14 26 71 113 40 184
8 12388236 0 1 0 1 11 36 66 131 47 197
8 12388254 0 1 0 1 17 30 69 152 47 221
8 12388540 0 1 0 1 3 13 29 44 16 73
8 12393271 0 1 0 1 6 17 26 57 23 83
8 12393530 0 1 0 1 5 11 19 37 16 56
8 12415267 0 1 0 1 4 30 51 119 34 170
8 12415278 0 1 0 1 4 33 48 114 37 162
8 12415416 0 1 0 1 14 41 50 177 55 227
8 12434084 0 1 0 1 8 4 26 24 12 50
8 12435923 0 1 0 1 2 11 7 30 13 37
8 12436018 0 1 0 1 4 18 13 48 22 61
8 12436019 0 1 0 1 4 17 12 47 21 59
8 12532846 0 1 0 1 14 9 41 49 23 90
8 12532912 0 1 0 1 17 9 55 42 26 97
8 12549176 0 1 0 1 4 7 5 45 11 50
8 12549221 0 1 0 1 5 13 10 70 18 80
8 12549270 0 1 0 1 17 8 71 31 25 102
8 12549367 0 1 0 1 14 19 49 108 33 157
8 12565861 0 1 0 1 7 10 32 73 17 105
8 12568334 0 1 0 1 3 10 14 51 13 65
8 12568460 0 1 0 1 3 6 16 44 9 60
8 12578062 0 1 0 1 4 7 19 41 11 60
8 12578380 0 1 0 1 4 6 17 25 10 42
8 12596076 0 1 0 1 5 15 9 16 20 25
8 12596096 0 1 0 1 10 9 10 17 19 27
8 12601481 0 1 0 1 3 14 10 60 17 70
8 12601964 0 1 0 1 5 5 9 23 10 32
8 12623977 0 1 0 1 3 9 8 23 12 31
8 12659546 0 1 0 0 2 20 0 78 22 78
8 12659554 0 1 0 0 2 17 0 75 19 75
8 12659555 0 1 0 0 2 16 0 72 18 72
8 12659569 0 1 0 1 3 16 12 59 19 71
8 12731670 0 1 0 1 10 4 22 17 14 39
8 12754967 0 1 0 0 2 12 0 77 14 77
8 12952158 0 1 0 1 36 43 143 197 79 340
8 12952191 0 1 0 1 47 47 175 215 94 390
8 13012651 0 1 0 1 10 14 45 58 24 103
8 13021321 0 1 0 1 17 33 105 100 50 205
8 13085756 0 1 0 1 12 13 62 70 25 132
8 13091487 0 1 0 1 7 7 24 23 14 47
8 13094721 0 1 0 1 32 31 132 145 63 277
8 13132761 0 1 0 1 11 9 36 50 20 86
8 13214668 0 1 0 1 11 17 60 82 28 142
8 13741893 0 1 0 1 11 11 51 50 22 101
8 13741898 0 1 0 1 14 11 55 50 25 105
8 13741945 0 1 0 1 20 19 56 59 39 115
8 13741981 0 1 0 1 17 15 59 48 32 107
8 13741986 0 1 0 1 16 15 59 47 31 106
8 13742182 0 1 0 1 10 13 34 34 23 68
8 13742372 0 1 0 1 5 6 46 40 11 86
8 13742589 0 1 0 1 5 5 23 11 10 34
8 13742646 0 1 0 1 4 5 31 24 9 55
8 15650691 0 1 0 1 5 18 72 61 23 133
8 15689006 0 1 0 1 3 7 33 45 10 78
8 15733357 0 1 0 1 11 7 62 28 18 90
8 15748673 0 1 0 1 10 26 76 106 36 182
8 15806828 0 1 0 1 5 6 34 29 11 63
8 15806916 0 1 0 1 6 13 46 46 19 92
8 15806940 0 1 0 0 2 22 0 102 24 102
8 15807188 0 1 0 1 26 26 125 79 52 204
8 16155139 0 1 0 1 13 16 66 69 29 135
8 16177793 0 1 0 1 5 8 21 22 13 43
8 16186158 0 1 0 1 6 17 55 61 23 116
8 16186177 0 1 0 1 7 18 60 57 25 117
8 16186404 0 1 0 1 7 5 21 10 12 31
8 16992989 0 1 0 1 12 15 47 50 27 97
8 17210504 0 1 0 1 6 6 37 40 12 77
8 17217131 0 1 0 1 19 16 75 75 35 150
8 17248262 0 1 1 1 8 3 37 10 11 47
8 17279904 0 1 0 1 42 20 114 130 62 244
8 17280178 0 1 0 1 11 18 57 56 29 113
8 17299750 0 1 0 1 8 13 32 40 21 72
8 17302303 0 1 0 1 26 29 102 110 55 212
8 17302451 0 1 0 1 10 4 23 24 14 47
8 17309256 0 1 0 1 10 14 32 30 24 62
8 17311407 0 1 0 0 2 7 0 49 9 49
8 17313136 0 1 0 1 15 15 40 36 30 76
8 17313178 0 1 0 1 19 21 63 46 40 109
8 17341444 0 1 0 1 31 30 158 164 61 322
8 17341524 0 1 0 1 19 15 64 75 34 139
8 17349254 0 1 0 1 9 5 24 18 14 42
8 17361120 0 1 0 1 17 26 89 98 43 187
8 17413254 0 1 0 1 16 13 44 68 29 112
8 17413328 0 1 0 1 13 9 28 47 22 75
8 17538871 0 1 0 1 38 29 114 144 67 258
8 17538906 0 1 0 1 39 39 129 146 78 275
8 17551990 0 1 0 1 3 7 21 34 10 55
8 17555197 0 1 0 1 5 5 30 33 10 63
8 17562030 0 1 0 1 29 21 139 133 50 272
8 17563770 0 1 0 1 21 26 67 94 47 161
8 17596047 0 1 0 1 11 13 51 49 24 100
8 17596230 0 1 0 1 23 22 75 85 45 160
8 17621219 0 1 0 1 16 12 53 43 28 96
8 17642610 0 1 0 1 11 8 33 41 19 74
8 17646103 0 1 0 1 8 9 23 26 17 49
8 17654465 0 1 0 1 7 11 43 55 18 98
8 17655905 0 1 0 1 19 12 43 61 31 104
8 17676124 0 1 0 1 12 12 37 32 24 69
8 17681697 0 1 0 1 31 18 82 97 49 179
8 17681794 0 1 0 1 19 10 51 37 29 88
8 17681806 0 1 0 1 17 8 46 33 25 79
8 17681820 0 1 0 1 16 6 37 30 22 67
8 17684275 0 1 0 1 5 6 21 34 11 55
8 17713189 0 1 0 1 18 18 59 63 36 122
8 17721626 0 1 0 1 11 7 19 29 18 48
8 17755130 0 1 0 1 35 34 138 158 69 296
8 17868510 0 1 0 1 22 24 71 113 46 184
8 17874187 0 1 0 0 3 34 0 165 37 165
8 17882029 0 1 0 1 34 32 99 124 66 223
8 17885420 0 1 0 1 16 11 36 36 27 72
8 17885511 0 1 0 1 24 25 98 87 49 185
8 17885747 0 1 0 1 8 7 16 22 15 38
8 17896148 0 1 0 1 16 24 77 84 40 161
8 17896364 0 1 0 1 7 14 44 40 21 84
8 17915657 0 1 0 1 7 3 23 27 10 50
8 17938761 0 1 0 0 2 23 0 90 25 90
8 17938873 0 1 0 1 21 39 82 149 60 231
8 17938874 0 1 0 1 20 39 84 153 59 237
8 17939546 0 1 0 1 7 4 11 19 11 30
8 17939900 0 1 0 1 14 11 58 53 25 111
8 17957406 0 1 0 1 44 44 152 167 88 319
8 17962063 0 1 0 1 18 16 73 72 34 145
8 17962252 0 1 0 1 6 5 14 23 11 37
8 17993739 0 1 0 1 8 7 15 21 15 36
8 18010520 0 1 0 1 16 19 63 59 35 122
8 18010736 0 1 0 1 6 9 24 28 15 52
8 18027462 0 1 0 1 25 18 90 87 43 177
8 18027582 0 1 0 1 18 13 49 55 31 104
8 18033750 0 1 0 1 8 13 39 51 21 90
8 18061477 0 1 0 1 12 28 64 94 40 158
8 18061522 0 1 0 1 12 22 60 98 34 158
8 18063058 0 1 0 1 7 8 24 28 15 52
8 18063114 0 1 0 1 16 16 34 40 32 74
8 18063298 0 1 0 1 14 11 72 55 25 127
8 18064412 0 1 0 1 18 9 40 61 27 101
8 18088481 0 1 0 1 9 8 52 35 17 87
8 18774817 0 1 0 1 7 8 30 23 15 53
8 18774823 0 1 0 1 7 12 33 29 19 62
8 18871949 0 1 0 1 41 32 129 129 73 258
8 18871986 0 1 0 1 37 33 134 127 70 261
8 18872307 0 1 0 1 21 49 103 120 70 223
8 18872308 0 1 0 1 21 45 110 121 66 231
8 19313865 0 1 0 1 20 14 73 93 34 166
8 19439540 0 1 0 1 2 8 21 17 10 38
8 19505257 0 1 0 1 30 54 146 195 84 341
8 19505914 0 1 0 1 13 6 46 42 19 88
8 19598962 0 1 0 1 22 29 83 110 51 193
8 19599027 0 1 0 1 34 38 117 169 72 286
8 19600181 0 1 0 1 11 12 34 28 23 62
8 19841680 0 1 0 1 19 16 67 73 35 140
8 19841725 0 1 0 1 21 22 86 88 43 174
8 20203893 0 1 0 1 19 11 76 97 30 173
8 20203966 0 1 0 1 21 19 81 119 40 200
8 20211108 0 1 0 1 14 18 70 66 32 136
8 20212278 0 1 0 1 15 15 46 61 30 107
8 20250090 0 1 0 1 13 23 65 78 36 143
8 20252708 0 1 0 1 7 7 29 25 14 54
8 20253130 0 1 0 1 34 31 162 163 65 325
8 20934519 0 1 0 0 2 15 0 67 17 67
8 21704874 0 1 0 0 2 8 0 37 10 37
8 21751084 0 1 0 0 2 20 0 98 22 98
8 21783159 0 1 0 1 28 27 98 112 55 210
8 21788241 0 1 0 1 12 13 60 42 25 102
8 21909389 0 1 0 1 27 30 123 115 57 238
8 21909764 0 1 0 1 40 38 176 202 78 378
8 21912198 0 1 0 0 2 21 0 137 23 137
8 21967036 0 1 0 1 26 32 125 128 58 253
8 21969651 0 1 0 1 10 6 46 57 16 103
8 21970322 0 1 0 1 9 4 23 24 13 47
8 21970342 0 1 0 0 2 8 0 37 10 37
8 21976454 0 1 0 1 17 28 93 106 45 199
8 21977954 0 1 0 1 4 9 24 25 13 49
8 21983023 0 1 0 1 7 8 25 27 15 52
8 21984352 0 1 0 1 6 6 20 23 12 43
8 21984552 0 1 0 1 38 40 131 139 78 270
8 21987917 0 1 0 1 18 17 79 90 35 169
8 21989075 0 1 0 1 10 12 36 32 22 68
8 21992055 0 1 0 1 15 29 94 101 44 195
8 21999756 0 1 0 1 19 27 91 80 46 171
8 22001974 0 1 0 1 12 11 59 61 23 120
8 22004152 0 1 0 1 16 11 57 61 27 118
8 22005040 0 1 0 1 12 14 47 64 26 111
8 22033078 0 1 0 1 24 16 64 57 40 121
8 22034377 0 1 0 1 9 13 38 16 22 54
8 22034428 0 1 0 1 15 15 39 62 30 101
8 22034457 0 1 0 1 14 12 39 64 26 103
8 22037635 0 1 0 1 25 17 88 93 42 181
8 22043246 0 1 0 1 21 22 132 103 43 235
8 22067232 0 1 0 1 12 19 59 79 31 138
8 22067703 0 1 0 1 10 11 48 52 21 100
8 22069700 0 1 0 1 22 13 71 75 35 146
8 22069949 0 1 0 1 17 25 103 91 42 194
8 22070466 0 1 0 1 10 8 30 24 18 54
8 22072557 0 1 0 1 7 6 19 22 13 41
8 22073665 0 1 0 1 5 11 17 39 16 56
8 22073976 0 1 0 1 6 9 31 39 15 70
8 22080070 0 1 0 1 25 24 78 77 49 155
8 22080156 0 1 0 1 48 44 155 178 92 333
8 22080359 0 1 0 1 36 48 153 168 84 321
8 22080581 0 1 0 1 23 19 72 88 42 160
8 22081924 0 1 0 1 17 21 80 85 38 165
8 22082056 0 1 0 1 26 30 110 140 56 250
8 22082206 0 1 0 1 31 25 134 167 56 301
8 22082235 0 1 0 1 26 22 121 138 48 259
8 22082429 0 1 0 0 2 17 0 87 19 87
8 22154274 0 1 0 1 36 34 114 94 70 208
8 22209509 0 1 0 1 53 46 252 272 99 524
8 22224195 0 1 0 1 10 13 45 49 23 94
8 22226708 0 1 0 1 7 3 25 10 10 35
8 22227140 0 1 0 1 11 8 47 36 19 83
8 22227747 0 1 0 1 24 17 76 78 41 154
8 22247178 0 1 0 1 19 16 62 80 35 142
8 22247989 0 1 0 1 23 12 97 99 35 196
8 22404585 0 1 0 1 14 13 69 81 27 150
8 22404808 0 1 0 1 46 36 212 199 82 411
8 22404905 0 1 0 1 41 25 148 141 66 289
8 22409872 0 1 0 1 8 7 22 18 15 40
8 22419341 0 1 0 1 9 10 51 34 19 85
8 22419527 0 1 0 1 56 63 238 255 119 493
8 22532387 0 1 0 1 16 18 54 63 34 117
8 22540901 0 1 0 1 7 7 23 29 14 52
8 22540949 0 1 0 1 7 5 12 18 12 30
8 22554482 0 1 0 0 2 20 0 84 22 84
8 22561678 0 1 0 1 8 8 45 45 16 90
8 22564637 0 1 0 1 9 15 51 48 24 99
8 22567236 0 1 0 1 14 9 36 53 23 89
8 22573253 0 1 0 1 10 14 43 42 24 85
8 22580800 0 1 0 1 51 38 189 187 89 376
8 22602691 0 1 0 1 21 38 151 154 59 305
8 22605646 0 1 0 1 8 5 44 43 13 87
8 22606110 0 1 0 1 28 28 113 109 56 222
8 22606184 0 1 0 1 31 31 121 106 62 227
8 22606399 0 1 0 1 11 7 28 25 18 53
8 22606551 0 1 0 1 18 19 80 51 37 131
8 22606877 0 1 0 1 16 24 88 91 40 179
8 22607872 0 1 0 1 9 15 68 58 24 126
8 22607914 0 1 0 1 19 31 112 108 50 220
8 22613197 0 1 0 1 32 17 88 90 49 178
8 22614311 0 1 0 1 28 37 140 159 65 299
8 22615645 0 1 0 1 41 40 179 168 81 347
8 22615952 0 1 0 1 32 23 134 130 55 264
8 22618144 0 1 0 1 5 5 22 21 10 43
8 22623936 0 1 0 1 9 13 67 72 22 139
8 22625286 0 1 0 1 6 14 28 55 20 83
8 22634367 0 1 0 1 11 16 65 54 27 119
8 22634590 0 1 0 1 46 39 160 140 85 300
8 22634630 0 1 0 1 30 29 95 95 59 190
8 22713331 0 1 0 1 10 13 48 30 23 78
8 22713391 0 1 0 1 21 16 42 71 37 113
8 22713392 0 1 0 1 21 17 43 67 38 110
8 22713422 0 1 0 1 18 25 74 75 43 149
8 22713505 0 1 0 1 22 29 118 113 51 231
8 22713600 0 1 0 1 19 18 69 55 37 124
8 22726949 0 1 0 1 8 5 32 28 13 60
8 22994471 0 1 0 0 2 8 0 37 10 37
8 23081148 0 1 0 1 11 14 53 61 25 114
8 23114808 0 1 0 1 53 63 189 240 116 429
8 23116812 0 1 1 1 25 11 107 33 36 140
8 23132441 0 1 0 1 10 4 41 41 14 82
8 23197266 0 1 0 1 42 44 142 165 86 307
8 23202065 0 1 0 1 10 9 37 36 19 73
8 23202080 0 1 0 1 9 11 29 29 20 58
8 23212061 0 1 0 1 32 15 100 85 47 185
8 23255149 0 1 0 1 6 10 33 20 16 53
8 23258918 0 1 0 1 17 15 108 92 32 200
8 23260642 0 1 0 1 11 9 80 67 20 147
8 23289599 0 1 0 1 2 14 28 30 16 58
8 23290051 0 1 0 1 39 35 193 187 74 380
8 23290490 0 1 0 1 14 17 31 37 31 68
8 23291417 0 1 0 1 29 29 82 128 58 210
8 23291427 0 1 0 1 27 26 69 116 53 185
8 23291576 0 1 0 1 7 11 25 24 18 49
8 23293122 0 1 0 1 9 8 47 46 17 93
8 23293158 0 1 0 1 11 8 52 44 19 96
8 23293221 0 1 0 1 8 14 63 56 22 119
8 23293365 0 1 0 1 19 22 72 94 41 166
8 23293487 0 1 0 1 3 8 28 31 11 59
8 23294744 0 1 0 1 22 25 82 72 47 154
8 23295509 0 1 0 1 16 30 89 95 46 184
8 23295747 0 1 0 1 6 4 22 32 10 54
8 23328388 0 1 0 0 2 16 0 78 18 78
8 23368046 0 1 0 1 28 20 142 127 48 269
8 23425046 0 1 0 1 3 26 27 112 29 139
8 23425047 0 1 0 1 3 25 26 112 28 138
8 23434322 0 1 0 1 9 10 39 41 19 80
8 23436879 0 1 0 1 11 9 52 45 20 97
8 23436899 0 1 0 1 17 11 58 52 28 110
8 23483033 0 1 0 1 4 9 20 18 13 38
8 23483225 0 1 0 1 6 5 27 24 11 51
8 23566156 0 1 0 1 31 26 110 100 57 210
8 23573532 0 1 0 1 19 25 86 92 44 178
8 23574501 0 1 0 0 2 14 0 73 16 73
8 23682904 0 1 0 1 7 9 49 50 16 99
8 23703135 0 1 0 1 5 5 23 20 10 43
8 23706120 0 1 0 1 7 5 26 13 12 39
8 23706395 0 1 0 1 44 41 184 188 85 372
8 23845074 0 1 0 1 20 24 99 81 44 180
8 23845172 0 1 0 1 11 6 30 29 17 59
8 24398539 0 1 0 1 12 19 58 68 31 126
8 24440811 0 1 0 1 6 4 17 13 10 30
8 24447251 0 1 0 0 2 17 0 91 19 91
8 24482166 0 1 0 1 11 10 43 43 21 86
8 24490728 0 1 0 1 8 18 39 52 26 91
8 24492265 0 1 0 1 4 7 19 20 11 39
8 24492675 0 1 0 1 6 15 38 36 21 74
8 24500706 0 1 0 1 28 37 101 138 65 239
8 24501555 0 1 0 1 17 19 66 51 36 117
8 24506194 0 1 0 0 2 21 0 79 23 79
8 24508507 0 1 0 1 12 15 68 58 27 126
8 24953808 0 1 0 1 15 17 69 82 32 151
8 25270711 0 1 0 0 2 18 0 115 20 115
8 25275467 0 1 0 0 2 16 0 108 18 108
8 25275468 0 1 0 0 2 13 0 109 15 109
8 25392029 0 1 0 1 9 9 27 26 18 53
8 25400015 0 1 0 1 20 12 67 82 32 149
8 25400926 0 1 0 1 28 25 61 89 53 150
8 25403765 0 1 0 1 23 21 103 106 44 209
8 25410106 0 1 0 1 49 31 139 130 80 269
8 25410995 0 1 0 1 5 8 26 29 13 55
8 25421645 0 1 0 0 2 22 0 105 24 105
8 25423284 0 1 0 1 14 24 69 80 38 149
8 25429881 0 1 0 1 11 11 24 24 22 48
8 25430040 0 1 0 1 22 16 85 67 38 152
8 25436342 0 1 0 1 16 13 29 46 29 75
8 25439414 0 1 0 1 8 16 53 43 24 96
8 25460098 0 1 0 1 4 6 16 18 10 34
8 25460308 0 1 0 1 31 32 126 133 63 259
8 25468214 0 1 0 1 13 13 44 49 26 93
8 25507318 0 1 0 1 34 27 103 90 61 193
8 25507444 0 1 0 1 43 36 111 95 79 206
8 25507762 0 1 0 1 9 9 35 44 18 79
8 26033033 0 1 0 1 13 19 67 51 32 118
8 26040395 0 1 0 0 2 16 0 103 18 103
8 26040800 0 1 0 1 7 13 57 46 20 103
8 26044985 0 1 0 1 6 9 28 34 15 62
8 26508200 0 1 0 1 33 51 178 188 84 366
8 26626548 0 1 0 1 27 24 111 88 51 199
8 26635044 0 1 0 1 10 5 31 26 15 57
8 26653276 0 1 0 1 33 40 150 140 73 290
8 26757047 0 1 0 1 38 34 123 126 72 249
8 26765867 0 1 0 1 11 13 44 94 24 138
8 26770511 0 1 0 1 42 39 168 194 81 362
8 26779408 0 1 0 1 12 16 59 48 28 107
8 27011309 0 1 0 1 26 24 142 152 50 294
8 27011600 0 1 0 1 24 20 97 102 44 199
8 27289078 0 1 0 1 5 8 25 24 13 49
8 27298435 0 1 0 1 8 6 33 38 14 71
8 27347659 0 1 0 0 2 19 0 87 21 87
8 27454523 0 1 0 1 22 18 55 67 40 122
8 27454618 0 1 0 1 21 30 103 89 51 192
8 27462959 0 1 0 1 16 17 59 66 33 125
8 27470867 0 1 0 1 10 13 59 56 23 115
8 27503530 0 1 0 1 9 10 51 38 19 89
8 27610729 0 1 0 1 33 41 154 149 74 303
8 27701697 0 1 0 1 12 9 47 35 21 82
8 27740655 0 1 0 1 8 6 41 30 14 71
8 27756621 0 1 0 1 14 11 48 49 25 97
8 27764991 0 1 0 1 7 18 35 45 25 80
8 27772600 0 1 0 1 8 8 49 46 16 95
8 27772614 0 1 0 1 7 8 42 44 15 86
8 27776547 0 1 0 1 20 16 80 63 36 143
8 27792911 0 1 0 1 12 12 31 43 24 74
8 27810202 0 1 0 1 14 17 52 49 31 101
8 27822464 0 1 0 1 11 8 45 43 19 88
8 27823059 0 1 0 1 11 15 39 48 26 87
8 27827968 0 1 0 1 10 8 48 43 18 91
8 27833040 0 1 0 1 11 9 44 34 20 78
8 27871776 0 1 0 1 5 7 23 24 12 47
8 27872015 0 1 0 1 48 38 184 194 86 378
8 27872196 0 1 0 1 20 28 99 86 48 185
8 27921779 0 1 0 1 29 24 113 137 53 250
8 27922028 0 1 0 1 24 20 105 106 44 211
8 27922294 0 1 0 1 32 33 121 115 65 236
8 27922368 0 1 0 1 12 13 45 53 25 98
8 28023309 0 1 0 1 32 21 88 121 53 209
8 28029183 0 1 0 1 8 5 31 38 13 69
8 28029386 0 1 0 1 16 27 83 85 43 168
8 28030296 0 1 0 1 14 11 65 71 25 136
8 28040935 0 1 0 1 11 7 36 30 18 66
8 28067407 0 1 0 1 17 13 63 89 30 152
8 28067687 0 1 0 1 25 20 116 121 45 237
8 28068600 0 1 0 1 8 6 23 25 14 48
8 28074358 0 1 0 1 5 15 52 64 20 116
8 28074517 0 1 0 1 4 12 40 44 16 84
8 28328957 0 1 0 1 7 5 18 17 12 35
8 28329090 0 1 0 1 28 22 94 89 50 183
8 28348758 0 1 0 1 34 35 148 138 69 286
8 28353464 0 1 0 0 2 22 0 109 24 109
8 28447252 0 1 0 1 23 21 92 92 44 184
8 28483541 0 1 0 1 7 9 34 33 16 67
8 28527195 0 1 0 1 17 11 65 83 28 148
8 28717286 0 1 0 1 41 47 222 187 88 409
8 28743055 0 1 0 1 22 27 109 108 49 217
8 28777679 0 1 0 0 2 20 0 89 22 89
8 29126409 0 1 0 0 2 20 0 82 22 82
8 29165909 0 1 0 1 6 13 35 56 19 91
8 29167497 0 1 0 0 2 22 0 158 24 158
8 29188408 0 1 0 1 6 4 16 19 10 35
8 29190803 0 1 0 1 7 11 32 25 18 57
8 29190960 0 1 0 1 25 29 111 116 54 227
8 29196261 0 1 0 1 5 9 14 26 14 40
8 29340155 0 1 0 1 7 16 60 34 23 94
8 30063772 0 1 0 1 8 12 83 70 20 153
8 30066216 0 1 0 1 9 11 33 66 20 99
8 30082989 0 1 0 1 8 7 35 30 15 65
8 30083009 0 1 0 1 7 6 30 22 13 52
8 30352758 0 1 0 1 34 51 190 207 85 397
8 30352900 0 1 0 1 31 32 142 138 63 280
8 30383631 0 1 0 1 15 12 73 59 27 132
8 30537451 0 1 0 1 8 15 55 39 23 94
8 30612288 0 1 0 1 16 14 56 49 30 105
8 30682106 0 1 0 1 3 7 33 25 10 58
8 30689119 0 1 0 1 10 17 53 59 27 112
8 30703370 0 1 0 1 4 17 50 45 21 95
8 30727406 0 1 0 1 12 7 34 34 19 68
8 30744100 0 1 0 1 6 8 39 26 14 65
8 30744288 0 1 0 1 30 21 116 123 51 239
8 30751544 0 1 0 1 9 14 42 47 23 89
8 30751561 0 1 0 1 8 10 35 37 18 72
8 30843082 0 1 0 1 31 25 102 110 56 212
8 30844479 0 1 0 1 40 42 144 148 82 292
8 30887099 0 1 0 1 6 11 36 36 17 72
8 30996517 0 1 0 1 19 20 76 75 39 151
8 31081188 0 1 0 1 35 39 117 172 74 289
8 31116441 0 1 0 1 38 32 115 154 70 269
8 31120201 0 1 0 1 9 13 43 50 22 93
8 31124455 0 1 0 1 13 6 22 28 19 50
8 31132594 0 1 0 1 7 8 36 36 15 72
8 31141606 0 1 0 1 27 32 96 102 59 198
8 31141607 0 1 0 1 32 28 104 94 60 198
8 31142496 0 1 0 1 5 7 20 13 12 33
8 31157423 0 1 0 1 25 37 116 128 62 244
8 31167122 0 1 0 1 21 22 67 77 43 144
8 31639297 0 1 0 0 2 13 0 73 15 73
8 31639926 0 1 0 0 2 15 0 66 17 66
8 31640156 0 1 0 1 14 6 36 56 20 92
8 32595840 0 1 0 1 16 10 32 72 26 104
8 32617104 0 1 0 1 5 8 19 27 13 46
8 32727905 0 1 0 1 11 8 45 48 19 93
8 32727916 0 1 0 1 15 7 51 56 22 107
8 32742549 0 1 0 0 2 23 0 91 25 91
8 32756311 0 1 0 1 19 19 59 52 38 111
8 32760384 0 1 0 0 3 33 0 192 36 192
8 32763576 0 1 0 1 25 16 75 72 41 147
8 33436311 0 1 0 1 25 18 103 67 43 170
8 33436749 0 1 0 1 12 8 31 39 20 70
8 33453573 0 1 0 1 11 7 33 29 18 62
8 33485541 0 1 0 1 3 9 29 25 12 54
8 33490389 0 1 0 1 5 5 26 14 10 40
8 33497355 0 1 0 1 4 6 22 22 10 44
8 33498368 0 1 0 1 10 12 44 42 22 86
8 33498556 0 1 0 1 10 9 56 47 19 103
8 33503762 0 1 0 0 2 18 0 69 20 69
8 33512426 0 1 0 1 36 30 140 142 66 282
8 33512476 0 1 0 1 34 30 144 136 64 280
8 33513467 0 1 0 1 8 9 40 26 17 66
8 33513628 0 1 0 1 13 31 94 90 44 184
8 33513632 0 1 0 1 13 32 93 90 45 183
8 33513681 0 1 0 1 15 27 73 64 42 137
8 33540150 0 1 0 1 8 8 37 43 16 80
8 33558671 0 1 0 1 18 27 92 110 45 202
8 33558704 0 1 0 1 23 26 88 107 49 195
8 33593508 0 1 0 1 14 15 67 81 29 148
8 35706045 0 1 0 1 14 11 50 47 25 97
8 37560609 0 1 0 1 17 20 108 116 37 224
8 37560736 0 1 0 1 6 7 36 38 13 74
8 37564583 0 1 0 0 2 19 0 101 21 101
8 37697136 0 1 0 1 13 17 56 56 30 112
8 37765445 0 1 0 1 7 8 28 27 15 55
8 37778131 0 1 0 1 12 8 53 52 20 105
8 37829231 0 1 0 1 21 36 94 95 57 189
8 37831054 0 1 0 1 6 7 30 38 13 68
8 37833400 0 1 0 1 6 6 23 23 12 46
8 37839356 0 1 0 1 10 17 57 47 27 104
8 37841880 0 1 0 0 2 18 0 100 20 100
8 37841998 0 1 0 1 5 12 66 76 17 142
8 37848539 0 1 0 1 4 8 19 39 12 58
8 37848749 0 1 0 1 7 8 19 24 15 43
8 37873228 0 1 0 1 21 12 57 63 33 120
8 37936873 0 1 0 1 25 27 107 97 52 204
8 37964335 0 1 0 1 7 12 29 38 19 67
8 37965251 0 1 0 1 16 13 82 90 29 172
8 37966280 0 1 0 1 32 42 169 212 74 381
8 38030572 0 1 0 1 5 12 22 62 17 84
8 38057122 0 1 0 1 13 61 29 233 74 262
8 38057124 0 1 0 1 12 60 31 234 72 265
8 38057129 0 1 0 1 13 59 31 237 72 268
8 38057133 0 1 0 1 13 54 30 233 67 263
8 38057147 0 1 0 1 13 50 33 212 63 245
8 38057172 0 1 0 1 14 50 40 206 64 246
8 38057188 0 1 0 1 13 48 40 171 61 211
8 38057199 0 1 0 1 12 45 42 167 57 209
8 38057207 0 1 0 1 10 44 43 157 54 200
8 38057230 0 1 0 1 12 42 43 147 54 190
8 38057238 0 1 0 1 12 39 41 136 51 177
8 38059950 0 1 0 1 9 62 38 248 71 286
8 38059951 0 1 0 1 9 65 39 246 74 285
8 38059961 0 1 0 1 9 56 37 223 65 260
8 38059969 0 1 0 1 9 53 31 215 62 246
8 38059979 0 1 0 1 8 50 36 211 58 247
8 38060030 0 1 0 1 6 36 25 145 42 170
8 38060038 0 1 0 1 7 36 24 139 43 163
8 38060043 0 1 0 1 6 33 24 133 39 157
8 38060050 0 1 0 1 5 29 22 116 34 138
8 38060052 0 1 0 1 5 28 22 115 33 137
8 38060054 0 1 0 1 5 28 21 116 33 137
8 38060067 0 1 0 1 8 25 28 108 33 136
8 38060080 0 1 0 1 7 24 29 96 31 125
8 38060081 0 1 0 1 7 24 29 98 31 127
8 38060102 0 1 0 1 6 25 31 91 31 122
8 38060117 0 1 0 1 6 22 29 85 28 114
8 38060135 0 1 0 1 4 20 26 81 24 107
8 38060149 0 1 0 1 2 17 19 66 19 85
8 38060152 0 1 0 1 2 20 19 62 22 81
8 38060153 0 1 0 1 2 20 19 62 22 81
8 38176471 0 1 0 1 7 9 36 42 16 78
8 38238144 0 1 0 1 28 37 120 145 65 265
8 38245721 0 1 0 1 6 15 26 33 21 59
8 38252697 0 1 0 1 17 9 63 55 26 118
8 38267537 0 1 0 0 2 19 0 93 21 93
8 38268841 0 1 0 1 13 9 50 58 22 108
8 38275876 0 1 0 0 2 19 0 113 21 113
8 38276275 0 1 0 1 11 10 69 71 21 140
8 38289573 0 1 0 1 13 14 108 75 27 183
8 38290322 0 1 0 1 6 7 34 38 13 72
8 38315857 0 1 0 1 13 9 44 45 22 89
8 38321249 0 1 0 1 21 32 73 94 53 167
8 38404715 0 1 0 1 11 8 33 52 19 85
8 38415024 0 1 0 1 5 5 25 22 10 47
8 38424140 0 1 0 1 10 12 42 44 22 86
8 38429293 0 1 0 1 11 12 72 76 23 148
8 38430037 0 1 0 1 8 6 26 16 14 42
8 38600853 0 1 0 1 51 49 226 221 100 447
8 38936164 0 1 0 1 7 6 23 23 13 46
8 38951072 0 1 0 1 5 14 14 28 19 42
8 38951094 0 1 0 1 3 11 11 26 14 37
8 38952145 0 1 0 1 13 13 75 60 26 135
8 38968772 0 1 0 1 7 8 24 27 15 51
8 38977750 0 1 0 1 5 4 37 32 9 69
8 38977827 0 1 0 1 13 14 63 66 27 129
8 38982781 0 1 0 1 7 13 18 25 20 43
8 38983072 0 1 0 1 23 41 135 148 64 283
8 38988119 0 1 0 1 7 11 26 27 18 53
8 38993685 0 1 0 1 28 17 98 78 45 176
8 38995750 0 1 0 1 3 9 21 23 12 44
8 38996101 0 1 0 1 7 13 56 52 20 108
8 38996464 0 1 0 1 24 25 114 99 49 213
8 38996522 0 1 0 1 16 11 62 71 27 133
8 39018947 0 1 0 1 22 24 60 77 46 137
8 39018949 0 1 0 1 21 23 60 71 44 131
8 39042253 0 1 0 1 5 9 23 28 14 51
8 39101979 0 1 0 1 10 7 30 39 17 69
8 39107752 0 1 0 1 20 25 140 130 45 270
8 39130944 0 1 0 1 7 4 39 47 11 86
8 39165003 0 1 0 1 15 20 49 66 35 115
8 39170022 0 1 0 1 15 8 56 45 23 101
8 39254452 0 1 0 0 2 23 0 107 25 107
8 39257171 0 1 0 1 2 7 5 41 9 46
8 39284745 0 1 0 1 10 13 49 66 23 115
8 39606304 0 1 0 1 21 19 79 73 40 152
8 39637806 0 1 0 1 6 11 21 22 17 43
8 39638510 0 1 0 1 14 13 81 75 27 156
8 39648307 0 1 0 1 11 6 41 43 17 84
8 39663900 0 1 0 1 17 20 76 93 37 169
8 39668231 0 1 0 1 15 27 68 76 42 144
8 39668310 0 1 0 1 3 11 30 32 14 62
8 39761118 0 1 0 1 7 6 30 35 13 65
8 39821204 0 1 0 1 10 14 42 54 24 96
8 39821286 0 1 0 1 16 24 73 77 40 150
8 39838016 0 1 0 1 15 9 58 61 24 119
8 39918770 0 1 0 1 3 3 20 27 6 47
8 39920010 0 1 0 1 18 12 85 74 30 159
8 39935395 0 1 0 1 8 7 25 24 15 49
8 39963867 0 1 0 1 12 9 42 33 21 75
8 39985610 0 1 0 1 6 4 21 21 10 42
8 40015416 0 1 0 1 35 37 196 187 72 383
8 40153911 0 1 0 1 19 20 93 83 39 176
8 40581238 0 1 0 1 22 26 94 113 48 207
8 40697223 0 1 0 1 15 10 56 58 25 114
8 40697475 0 1 0 1 4 6 18 16 10 34
8 40825819 0 1 0 1 14 25 64 70 39 134
8 41224981 0 1 0 1 12 6 34 34 18 68
8 41271191 0 1 0 1 15 9 32 69 24 101
8 41536280 0 1 0 1 10 23 56 53 33 109
8 41610058 0 1 0 0 2 22 0 98 24 98
8 41620842 0 1 0 1 7 5 25 23 12 48
8 41661730 0 1 0 1 48 41 177 170 89 347
8 41661944 0 1 0 1 24 29 134 111 53 245
8 41663951 0 1 0 1 8 20 25 31 28 56
8 41664145 0 1 0 1 16 23 88 94 39 182
8 41668396 0 1 0 1 75 73 337 376 148 713
8 41696317 0 1 0 1 14 18 71 78 32 149
8 41697848 0 1 0 1 7 13 38 35 20 73
8 41697855 0 1 0 1 7 15 41 38 22 79
8 41697955 0 1 0 1 36 32 116 133 68 249
8 41703865 0 1 0 1 19 7 48 51 26 99
8 41717902 0 1 0 1 10 6 33 25 16 58
8 41717921 0 1 0 1 13 5 26 30 18 56
8 41723089 0 1 0 1 25 40 121 94 65 215
8 41723769 0 1 0 1 6 7 30 27 13 57
8 41725776 0 1 0 1 8 13 49 35 21 84
8 41727920 0 1 0 1 44 23 169 119 67 288
8 41728053 0 1 0 1 27 15 81 48 42 129
8 41734125 0 1 0 1 10 7 31 45 17 76
8 41934431 0 1 0 0 4 44 0 243 48 243
8 42156260 0 1 0 1 5 12 20 18 17 38
8 42168875 0 1 0 1 20 17 71 92 37 163
8 42180406 0 1 0 1 36 47 161 152 83 313
8 42187436 0 1 0 1 23 20 110 105 43 215
8 42193396 0 1 0 1 9 8 46 30 17 76
8 42320613 0 1 0 1 3 10 39 39 13 78
8 42437074 0 1 0 1 25 39 137 113 64 250
8 42484733 0 1 0 0 2 12 0 63 14 63
8 42925703 0 1 0 0 2 22 0 85 24 85
8 42943266 0 1 0 1 5 13 12 43 18 55
8 43122448 0 1 0 1 41 33 205 199 74 404
8 43158500 0 1 0 1 22 20 60 53 42 113
8 43192450 0 1 0 1 38 45 135 135 83 270
8 46579451 0 1 0 1 11 11 54 42 22 96
8 46614362 0 1 0 0 2 19 0 85 21 85
8 46655705 0 1 0 1 5 6 16 25 11 41
8 46847876 0 1 0 1 8 7 40 36 15 76
8 46848090 0 1 0 1 22 30 123 117 52 240
8 46931279 0 1 0 1 13 16 69 80 29 149
8 46931576 0 1 0 1 8 20 76 86 28 162
8 47157174 0 1 0 1 16 17 92 61 33 153
8 47191163 0 1 0 1 6 8 29 26 14 55
8 47202412 0 1 0 1 24 21 100 94 45 194
8 47261015 0 1 0 1 6 13 47 43 19 90
8 47511278 0 1 0 1 9 12 47 30 21 77
8 47858730 0 1 0 0 2 23 0 117 25 117
8 47959946 0 1 0 0 2 23 0 92 25 92
8 48008426 0 1 0 1 21 27 125 101 48 226
8 48042832 0 1 0 0 2 19 0 78 21 78
8 48914235 0 1 0 1 7 6 11 16 13 27
8 49074671 0 1 0 1 15 14 37 67 29 104
8 49075351 0 1 0 1 18 18 56 73 36 129
8 49075406 0 1 0 1 11 9 37 41 20 78
8 50394144 0 1 0 1 12 9 46 41 21 87
8 50658612 0 1 0 1 9 5 42 41 14 83
8 51654586 0 1 0 1 13 10 58 58 23 116
8 51817881 0 1 0 1 11 56 57 189 67 246
8 51820795 0 1 0 1 6 7 32 30 13 62
8 51820984 0 1 0 1 8 4 43 32 12 75
8 51899032 0 1 0 0 2 13 0 60 15 60
8 51946419 0 1 0 1 13 13 36 37 26 73
8 51948567 0 1 0 1 36 25 139 142 61 281
8 52116570 0 1 0 1 13 19 62 68 32 130
8 52158901 0 1 0 1 25 23 99 96 48 195
8 52166776 0 1 0 1 22 23 78 73 45 151
8 52534696 0 1 0 1 8 22 51 67 30 118
8 52542262 0 1 0 0 2 17 0 75 19 75
8 52636131 0 1 0 1 5 7 22 24 12 46
8 52642676 0 1 0 1 5 9 61 47 14 108
8 52674146 0 1 0 1 28 32 117 147 60 264
8 53537291 0 1 0 1 20 13 42 40 33 82
8 53537335 0 1 0 1 14 9 33 36 23 69
8 53540005 0 1 0 1 13 20 52 58 33 110
8 53801796 0 1 0 0 2 21 0 95 23 95
8 53832978 0 1 0 1 9 17 55 43 26 98
8 53953931 0 1 0 1 4 6 33 34 10 67
8 53987133 0 1 0 1 13 18 51 54 31 105
8 53987158 0 1 0 0 2 22 0 92 24 92
8 54191753 0 1 0 1 10 6 28 13 16 41
8 54191783 0 1 0 1 5 7 22 11 12 33
8 54459311 0 1 0 0 2 15 0 121 17 121
8 55164231 0 1 0 1 33 25 130 128 58 258
8 55164326 0 1 0 1 31 29 99 116 60 215
8 55450765 0 1 0 1 7 13 53 48 20 101
8 55454337 0 1 0 0 2 19 0 97 21 97
8 55622955 0 1 0 1 5 12 38 35 17 73
8 55946329 0 1 0 1 7 6 26 32 13 58
8 55947466 0 1 0 1 6 7 21 24 13 45
8 55947554 0 1 0 1 10 13 42 59 23 101
8 55950387 0 1 0 1 4 7 23 30 11 53
8 55950592 0 1 0 1 22 20 74 81 42 155
8 55969912 0 1 0 1 6 9 57 66 15 123
8 56050921 0 1 0 1 4 7 35 38 11 73
8 56073255 0 1 0 1 4 8 32 33 12 65
8 56073858 0 1 0 1 18 23 82 75 41 157
8 56073972 0 1 0 1 15 13 74 79 28 153
8 56074178 0 1 0 1 30 22 92 99 52 191
8 56113670 0 1 0 1 53 73 320 382 126 702
8 56121209 0 1 0 1 5 7 12 17 12 29
8 56166374 0 1 0 1 27 26 88 97 53 185
8 56216732 0 1 0 1 14 16 78 50 30 128
8 56966431 0 1 0 1 6 14 38 44 20 82
8 56967096 0 1 0 1 10 8 32 43 18 75
8 57215303 0 1 1 1 8 3 33 2 11 35
8 58572340 0 1 0 1 17 14 44 54 31 98
8 58579472 0 1 0 1 8 4 25 33 12 58
8 58581530 0 1 0 1 6 7 29 33 13 62
8 58585631 0 1 0 1 21 20 52 47 41 99
8 58586055 0 1 0 1 18 19 68 57 37 125
8 58586126 0 1 0 1 12 10 43 30 22 73
8 58586678 0 1 0 1 6 8 22 35 14 57
8 58588724 0 1 0 1 22 31 93 119 53 212
8 58595517 0 1 0 1 24 17 79 76 41 155
8 58599197 0 1 0 1 11 22 52 63 33 115
8 58599775 0 1 0 1 21 21 75 74 42 149
8 58600027 0 1 0 0 2 11 0 48 13 48
8 58631693 0 1 0 1 4 7 29 27 11 56
8 58635245 0 1 0 1 5 14 28 37 19 65
8 58635551 0 1 0 1 10 9 30 19 19 49
8 58637229 0 1 0 1 11 18 64 86 29 150
8 58643172 0 1 0 1 14 7 39 34 21 73
8 58826774 0 1 0 1 24 25 75 86 49 161
8 59970440 0 1 0 1 41 29 133 129 70 262
8 60226760 0 1 0 1 12 6 39 47 18 86
8 60232231 0 1 0 1 15 16 47 63 31 110
8 60266015 0 1 0 1 11 9 57 69 20 126
8 60280963 0 1 0 1 6 7 20 24 13 44
8 60280967 0 1 0 1 6 8 27 21 14 48
8 60281029 0 1 0 1 10 17 73 60 27 133
8 60281201 0 1 0 1 8 9 36 60 17 96
8 60281250 0 1 0 1 4 8 18 29 12 47
8 60281269 0 1 0 1 3 7 16 24 10 40
8 60281284 0 1 0 1 4 6 14 21 10 35
8 60517318 0 1 0 1 3 11 45 35 14 80
8 60576231 0 1 0 0 2 19 0 124 21 124
8 60576427 0 1 0 0 2 17 0 88 19 88
8 60800672 0 1 0 1 10 6 41 41 16 82
8 60821736 0 1 0 1 14 13 47 54 27 101
8 60852714 0 1 0 1 21 19 89 129 40 218
8 60853001 0 1 0 1 31 38 127 188 69 315
8 61503614 0 1 0 1 13 15 74 69 28 143
8 61553021 0 1 0 1 18 13 65 72 31 137
8 61567326 0 1 0 1 38 30 134 115 68 249
8 61567375 0 1 0 1 27 19 109 80 46 189
8 61576979 0 1 0 1 4 10 16 12 14 28
8 61579069 0 1 0 1 31 17 87 81 48 168
8 61619111 0 1 0 1 9 10 35 22 19 57
8 61619139 0 1 0 1 7 5 11 24 12 35
8 61644031 0 1 0 1 19 11 36 45 30 81
8 61651159 0 1 0 1 9 12 45 57 21 102
8 61714951 0 1 0 1 24 22 96 81 46 177
8 62249053 0 1 0 1 5 15 77 68 20 145
8 62383573 0 1 0 1 5 11 42 61 16 103
8 62856172 0 1 0 1 14 14 64 51 28 115
8 62863975 0 1 0 1 12 7 43 24 19 67
8 62864493 0 1 0 1 28 17 56 66 45 122
8 63015373 0 1 0 0 2 19 0 86 21 86
8 63017730 0 1 0 1 5 10 19 17 15 36
8 63027280 0 1 0 1 15 17 66 61 32 127
8 63030133 0 1 0 0 2 21 0 129 23 129
8 63038753 0 1 0 1 19 16 113 91 35 204
8 63061458 0 1 0 1 12 17 60 65 29 125
8 63135796 0 1 0 1 10 4 20 22 14 42
8 63136944 0 1 0 0 2 18 0 70 20 70
8 63137386 0 1 0 1 7 4 11 22 11 33
8 63267335 0 1 0 1 7 6 45 35 13 80
8 63409165 0 1 0 1 22 20 65 70 42 135
8 63409341 0 1 0 1 17 20 68 82 37 150
8 64576405 0 1 0 1 32 45 152 185 77 337
8 64580872 0 1 0 1 14 10 41 38 24 79
8 64615112 0 1 0 1 32 28 123 94 60 217
8 64798447 0 1 0 1 15 14 72 59 29 131
8 65605251 0 1 0 1 6 10 40 32 16 72
8 65613313 0 1 0 1 14 22 50 65 36 115
8 65682333 0 1 0 0 2 20 0 105 22 105
8 65708124 0 1 0 1 24 29 102 111 53 213
8 65779699 0 1 0 1 11 13 64 64 24 128
8 65782804 0 1 0 0 2 23 0 104 25 104
8 66051754 0 1 0 1 6 4 27 25 10 52
8 66137235 0 1 0 0 2 19 0 106 21 106
8 66177190 0 1 0 1 17 25 125 110 42 235
8 66423399 0 1 0 1 10 10 65 58 20 123
8 66429143 0 1 0 1 15 26 67 83 41 150
8 66429842 0 1 0 1 32 45 167 152 77 319
8 66445455 0 1 0 1 8 8 21 27 16 48
8 66448783 0 1 0 1 7 5 21 23 12 44
8 66451850 0 1 0 1 8 16 43 57 24 100
8 66456949 0 1 0 1 6 8 32 42 14 74
8 66468142 0 1 0 1 15 13 48 53 28 101
8 66468293 0 1 0 1 35 36 122 127 71 249
8 66468442 0 1 0 1 23 16 79 86 39 165
8 66513719 0 1 0 0 2 13 0 72 15 72
8 66612777 0 1 0 1 31 30 108 119 61 227
8 66843539 0 1 0 0 2 23 0 108 25 108
8 66874249 0 1 0 1 14 15 58 72 29 130
8 66901398 0 1 0 1 12 9 29 34 21 63
8 67061749 0 1 0 1 15 16 50 52 31 102
8 68017758 0 1 0 1 10 11 39 30 21 69
8 68019445 0 1 0 1 7 6 25 16 13 41
8 68027405 0 1 0 1 11 19 40 63 30 103
8 68038054 0 1 0 1 24 14 51 71 38 122
8 68053286 0 1 0 1 11 21 55 55 32 110
8 68053341 0 1 0 1 8 10 37 36 18 73
8 68055931 0 1 0 1 29 29 109 166 58 275
8 68055936 0 1 0 1 28 32 107 167 60 274
8 68060545 0 1 0 1 7 6 25 27 13 52
8 68060672 0 1 0 1 19 13 81 90 32 171
8 68069744 0 1 0 1 6 6 44 29 12 73
8 68072440 0 1 0 1 23 29 87 95 52 182
8 68072754 0 1 0 1 9 8 39 39 17 78
8 68072781 0 1 0 1 5 6 26 30 11 56
8 68080778 0 1 0 1 13 13 67 90 26 157
8 68080779 0 1 0 1 16 16 67 90 32 157
8 68083233 0 1 0 1 17 15 52 55 32 107
8 68083398 0 1 0 1 17 16 69 83 33 152
8 68090730 0 1 0 1 18 28 100 96 46 196
8 68097033 0 1 0 1 36 35 111 125 71 236
8 68100129 0 1 0 1 17 17 54 72 34 126
8 68101583 0 1 0 1 15 10 28 44 25 72
8 68101630 0 1 0 1 8 6 23 22 14 45
8 68103007 0 1 0 1 15 17 51 65 32 116
8 68103820 0 1 0 1 8 5 35 36 13 71
8 68108261 0 1 0 1 28 41 117 121 69 238
8 68119064 0 1 0 1 12 13 69 67 25 136
8 68224636 0 1 0 1 38 34 175 149 72 324
8 68224724 0 1 0 1 40 47 175 169 87 344
8 68231285 0 1 0 1 9 11 39 35 20 74
8 68231354 0 1 0 1 6 10 30 41 16 71
8 68304939 0 1 0 1 10 14 43 37 24 80
8 68306623 0 1 0 1 3 13 32 26 16 58
8 68330938 0 1 0 1 8 6 25 16 14 41
8 68501111 0 1 0 1 17 21 82 92 38 174
8 68501467 0 1 0 1 23 27 126 134 50 260
8 68522039 0 1 0 0 2 21 0 128 23 128
8 68815773 0 1 0 1 7 4 50 37 11 87
8 68818197 0 1 0 1 3 9 15 35 12 50
8 68818253 0 1 0 1 7 16 27 56 23 83
8 69593037 0 1 0 1 32 26 102 149 58 251
8 69601620 0 1 0 1 20 19 87 100 39 187
8 69601881 0 1 0 1 4 7 35 28 11 63
8 69832577 0 1 0 1 40 26 109 130 66 239
8 70100576 0 1 0 1 24 30 107 143 54 250
8 70121234 0 1 0 1 18 18 76 79 36 155
8 70124896 0 1 0 1 16 12 51 55 28 106
8 70126883 0 1 0 1 33 38 162 177 71 339
8 70128657 0 1 0 1 23 18 59 61 41 120
8 70128994 0 1 0 1 18 32 83 74 50 157
8 70156483 0 1 0 1 23 28 143 144 51 287
8 70159460 0 1 0 1 7 8 12 29 15 41
8 70733792 0 1 0 0 3 13 0 63 16 63
8 71225026 0 1 0 1 6 7 31 25 13 56
8 72002403 0 1 0 1 16 14 60 51 30 111
8 72022773 0 1 0 1 12 11 37 42 23 79
8 72022804 0 1 0 1 18 12 51 54 30 105
8 72022810 0 1 0 1 18 11 56 58 29 114
8 72023910 0 1 0 1 13 6 46 51 19 97
8 72024002 0 1 0 1 9 7 33 37 16 70
8 72026097 0 1 0 1 12 10 42 49 22 91
8 72026124 0 1 0 1 11 6 37 33 17 70
8 72029975 0 1 0 1 21 20 66 64 41 130
8 72030112 0 1 0 1 5 6 18 22 11 40
8 72047300 0 1 0 1 15 16 63 60 31 123
8 72050750 0 1 0 1 6 5 20 26 11 46
8 72051023 0 1 0 1 5 7 27 30 12 57
8 72053767 0 1 0 1 13 22 71 98 35 169
8 72053889 0 1 0 1 10 15 34 43 25 77
8 72059132 0 1 0 0 2 10 0 101 12 101
8 72059335 0 1 0 1 3 7 26 38 10 64
8 72063566 0 1 0 1 14 14 47 48 28 95
8 72068986 0 1 0 1 20 13 46 43 33 89
8 72069092 0 1 0 1 23 23 91 105 46 196
8 72069264 0 1 0 1 11 12 46 46 23 92
8 72071806 0 1 0 1 12 9 46 41 21 87
8 72205290 0 1 0 1 17 13 58 72 30 130
8 72230147 0 1 0 1 21 15 76 64 36 140
8 72244741 0 1 0 1 7 10 54 37 17 91
8 72244896 0 1 0 1 25 36 103 136 61 239
8 72567488 0 1 0 1 6 5 21 29 11 50
8 72937968 0 1 0 1 31 30 134 122 61 256
8 73080965 0 1 0 1 33 28 114 137 61 251
8 73321958 0 1 0 1 24 29 131 132 53 263
8 73561641 0 1 0 1 16 17 57 63 33 120
8 73561716 0 1 0 1 9 9 29 38 18 67
8 73582849 0 1 0 1 11 11 50 42 22 92
8 73832486 0 1 0 1 16 12 56 49 28 105
8 73878927 0 1 0 1 14 16 75 81 30 156
8 73946807 0 1 0 0 2 19 0 101 21 101
8 74315650 0 1 0 1 31 24 99 90 55 189
8 74360052 0 1 0 1 11 14 32 44 25 76
8 74361906 0 1 0 1 13 19 92 79 32 171
8 74603964 0 1 0 1 5 7 28 12 12 40
8 74702382 0 1 0 1 13 29 50 97 42 147
8 74752555 0 1 0 1 2 10 36 33 12 69
8 74986336 0 1 0 1 9 6 30 32 15 62
8 75012585 0 1 0 1 9 10 37 48 19 85
8 75014201 0 1 0 1 10 10 28 33 20 61
8 76833399 0 1 0 1 50 30 145 145 80 290
8 76850203 0 1 0 1 34 23 112 96 57 208
8 76853162 0 1 0 1 9 10 48 44 19 92
8 76856154 0 1 0 1 47 45 189 170 92 359
8 76856262 0 1 0 1 22 41 98 127 63 225
8 76984236 0 1 0 1 10 14 34 41 24 75
8 76999994 0 1 0 1 11 15 84 60 26 144
8 78760758 0 1 0 0 2 20 0 81 22 81
8 78760922 0 1 0 0 2 20 0 107 22 107
8 79765827 0 1 0 1 12 21 58 52 33 110
8 79766630 0 1 0 1 13 20 76 73 33 149
8 79767033 0 1 0 0 2 20 0 106 22 106
8 79767506 0 1 0 0 2 20 0 77 22 77
8 80301435 0 1 0 1 12 6 30 39 18 69
8 80486945 0 1 0 1 17 8 59 46 25 105
8 80513961 0 1 0 1 13 9 72 71 22 143
8 80821660 0 1 0 0 2 12 0 57 14 57
8 80980531 0 1 0 1 23 31 84 91 54 175
8 80993059 0 1 0 1 21 20 77 104 41 181
8 80993079 0 1 0 1 27 25 88 119 52 207
8 80993162 0 1 0 1 16 29 96 145 45 241
8 81676318 0 1 0 1 6 8 21 20 14 41
8 81680732 0 1 0 0 2 22 0 101 24 101
8 81808349 0 1 0 1 8 6 25 42 14 67
8 83201298 0 1 0 1 3 8 22 32 11 54
8 83201658 0 1 0 1 6 7 26 33 13 59
8 83201674 0 1 0 1 6 7 25 28 13 53
8 84529428 0 1 0 1 18 20 91 73 38 164
8 85206176 0 1 0 1 15 17 56 74 32 130
8 85439768 0 1 0 1 23 22 84 69 45 153
8 85475999 0 1 0 1 8 11 35 35 19 70
8 85476966 0 1 0 1 5 6 33 33 11 66
8 85477174 0 1 0 1 21 29 111 128 50 239
8 85477357 0 1 0 1 3 9 27 24 12 51
8 85643747 0 1 0 1 9 14 50 40 23 90
8 85643748 0 1 0 1 8 14 54 40 22 94
8 85643858 0 1 0 1 27 45 153 214 72 367
8 85643870 0 1 0 1 36 49 167 234 85 401
8 85643932 0 1 0 1 41 69 254 278 110 532
8 85643994 0 1 0 1 39 64 157 227 103 384
8 85644026 0 1 0 1 34 53 108 197 87 305
8 85644034 0 1 0 1 35 49 97 207 84 304
8 85644288 0 1 0 1 3 24 15 113 27 128
8 85655214 0 1 0 1 13 32 51 80 45 131
8 86099286 0 1 0 1 3 7 29 18 10 47
8 86142996 0 1 0 1 12 11 39 30 23 69
8 86222921 0 1 0 1 30 27 99 104 57 203
8 86223044 0 1 0 1 25 20 111 100 45 211
8 86229486 0 1 0 1 8 10 50 57 18 107
8 86440547 0 1 0 1 25 26 103 95 51 198
8 86442688 0 1 0 1 12 10 33 34 22 67
8 86504660 0 1 0 0 2 22 0 114 24 114
8 86508651 0 1 0 0 2 17 0 87 19 87
8 86554803 0 1 0 1 8 13 53 45 21 98
8 86554965 0 1 0 1 22 27 111 125 49 236
8 86555077 0 1 0 1 16 14 62 79 30 141
8 86556416 0 1 0 1 24 20 90 103 44 193
8 86558437 0 1 0 1 21 11 58 73 32 131
8 86558500 0 1 0 1 10 11 33 35 21 68
8 86575970 0 1 0 1 17 17 79 93 34 172
8 86576020 0 1 0 1 13 12 62 60 25 122
8 86629175 0 1 0 1 14 8 44 40 22 84
8 86654023 0 1 0 1 34 31 116 121 65 237
8 86657515 0 1 0 1 11 5 32 42 16 74
8 86660030 0 1 0 1 9 8 26 28 17 54
8 86667075 0 1 0 1 12 18 59 60 30 119
8 86667884 0 1 0 1 4 9 24 20 13 44
8 86743449 0 1 0 1 24 21 137 129 45 266
8 87351665 0 1 0 1 17 18 80 83 35 163
8 87353815 0 1 0 1 10 5 27 28 15 55
8 87428489 0 1 0 1 9 14 24 34 23 58
8 87609773 0 1 0 1 12 23 53 99 35 152
8 87609815 0 1 0 1 11 25 44 77 36 121
8 87610364 0 1 0 1 9 18 40 33 27 73
8 88034260 0 1 0 0 2 15 0 83 17 83
8 88034262 0 1 0 0 2 14 0 87 16 87
8 88034518 0 1 0 1 7 16 49 39 23 88
8 88074817 0 1 0 1 12 13 61 38 25 99
8 88327492 0 1 0 1 8 5 18 15 13 33
8 88485039 0 1 0 1 4 6 15 22 10 37
8 88485639 0 1 0 1 12 7 44 53 19 97
8 89758087 0 1 0 1 28 34 108 138 62 246
8 89758441 0 1 0 1 10 6 12 16 16 28
8 89786771 0 1 0 1 4 7 19 11 11 30
8 89943124 0 1 0 0 2 16 0 88 18 88
8 89955251 0 1 0 0 3 12 0 40 15 40
8 89955256 0 1 0 0 2 11 0 46 13 46
8 90792273 0 1 0 1 8 7 34 36 15 70
8 90825036 0 1 0 1 12 6 22 37 18 59
8 90928083 0 1 0 1 6 6 17 23 12 40
8 90928218 0 1 0 1 14 18 36 54 32 90
8 90955430 0 1 0 1 12 6 34 27 18 61
8 90960871 0 1 0 1 14 12 41 59 26 100
8 90980518 0 1 0 1 12 17 41 48 29 89
8 91021274 0 1 0 1 26 31 129 153 57 282
8 91040427 0 1 0 0 2 8 0 33 10 33
8 91040442 0 1 0 0 3 8 0 32 11 32
8 91070525 0 1 0 1 9 14 41 59 23 100
8 91071002 0 1 0 1 6 6 33 33 12 66
8 91071196 0 1 0 1 22 28 106 108 50 214
8 91078345 0 1 0 1 11 15 42 52 26 94
8 91118073 0 1 0 1 5 8 35 51 13 86
8 91340659 0 1 0 1 10 10 36 48 20 84
8 92715869 0 1 0 1 4 7 30 20 11 50
8 93029770 0 1 0 1 7 14 42 59 21 101
8 93134427 0 1 0 1 30 22 69 75 52 144
8 93166991 0 1 0 1 5 6 14 18 11 32
8 93346804 0 1 0 1 19 20 93 103 39 196
8 93646538 0 1 0 1 12 17 66 62 29 128
8 93727117 0 1 0 1 18 18 79 70 36 149
8 93727253 0 1 0 1 14 14 32 41 28 73
8 93740526 0 1 0 1 19 15 64 90 34 154
8 93759925 0 1 0 0 2 23 0 141 25 141
8 93782392 0 1 0 1 13 16 32 54 29 86
8 93791322 0 1 0 0 2 20 0 80 22 80
8 93795937 0 1 0 1 10 14 44 51 24 95
8 93915980 0 1 0 1 12 23 79 83 35 162
8 93923709 0 1 0 1 10 4 24 18 14 42
8 93923722 0 1 0 1 9 5 18 15 14 33
8 94130944 0 1 0 1 11 23 78 88 34 166
8 94146031 0 1 0 1 16 40 107 136 56 243
8 94146154 0 1 0 1 27 16 90 70 43 160
8 94170573 0 1 0 1 30 34 107 116 64 223
8 94177552 0 1 0 1 18 18 77 49 36 126
8 94378504 0 1 0 0 2 14 0 57 16 57
8 94380133 0 1 0 0 2 23 0 129 25 129
8 94394049 0 1 0 1 6 6 18 14 12 32
8 94488920 0 1 0 1 12 17 49 37 29 86
8 94496493 0 1 0 1 39 31 141 176 70 317
8 94499557 0 1 0 1 6 6 16 28 12 44
8 94517772 0 1 0 1 19 14 70 67 33 137
8 94519191 0 1 0 1 36 32 152 166 68 318
8 94526240 0 1 0 1 33 28 115 111 61 226
8 94528995 0 1 0 1 9 20 32 36 29 68
8 94529074 0 1 0 1 21 26 79 107 47 186
8 94531071 0 1 0 1 12 30 107 83 42 190
8 94534891 0 1 0 1 11 19 39 73 30 112
8 94538246 0 1 0 1 16 20 58 61 36 119
8 94639075 0 1 0 1 29 30 109 117 59 226
8 94643368 0 1 0 1 18 25 100 101 43 201
8 94646298 0 1 0 1 16 21 86 93 37 179
8 94661446 0 1 0 1 10 12 41 53 22 94
8 94661717 0 1 0 1 6 12 22 29 18 51
8 94664904 0 1 0 1 8 16 43 38 24 81
8 94668001 0 1 0 1 16 21 69 84 37 153
8 94678351 0 1 0 1 20 15 61 77 35 138
8 94706049 0 1 0 0 2 19 0 92 21 92
8 94706086 0 1 0 1 8 8 34 33 16 67
8 94720055 0 1 0 1 11 16 49 58 27 107
8 94726135 0 1 0 1 12 10 49 42 22 91
8 94726489 0 1 0 1 5 6 37 27 11 64
8 94777857 0 1 0 1 7 16 62 52 23 114
8 94827609 0 1 0 0 2 15 0 63 17 63
8 94828886 0 1 0 1 13 7 29 34 20 63
8 94842638 0 1 0 1 6 4 12 19 10 31
8 94849889 0 1 0 0 3 11 0 61 14 61
8 94865559 0 1 0 1 14 20 59 78 34 137
8 94876571 0 1 0 1 13 11 45 55 24 100
8 94893029 0 1 0 0 2 13 0 55 15 55
8 95301179 0 1 0 1 28 29 141 144 57 285
8 96145167 0 1 0 0 2 17 0 76 19 76
8 96160175 0 1 0 1 19 26 50 55 45 105
8 96320433 0 1 0 1 12 17 61 63 29 124
8 96330308 0 1 0 1 22 15 59 66 37 125
8 96330354 0 1 0 1 4 7 41 37 11 78
8 96330948 0 1 0 1 8 9 27 32 17 59
8 96333362 0 1 0 1 6 5 22 17 11 39
8 96372087 0 1 0 1 20 19 86 83 39 169
8 96372180 0 1 0 1 43 51 149 147 94 296
8 96386496 0 1 0 1 20 13 60 88 33 148
8 96386614 0 1 0 1 4 7 32 25 11 57
8 96835130 0 1 0 1 15 10 68 88 25 156
8 97277486 0 1 0 1 37 37 175 225 74 400
8 97277758 0 1 0 1 35 41 156 206 76 362
8 97776033 0 1 0 1 26 30 85 68 56 153
8 97805343 0 1 0 1 2 16 7 65 18 72
8 97931218 0 1 0 1 59 37 195 230 96 425
8 97931317 0 1 0 1 51 50 183 217 101 400
8 97931370 0 1 0 1 39 39 164 186 78 350
8 97942044 0 1 0 1 19 22 72 66 41 138
8 97994508 0 1 0 1 7 14 45 59 21 104
8 97994520 0 1 0 1 9 16 45 64 25 109
8 98007702 0 1 0 1 13 13 72 72 26 144
8 98025912 0 1 0 1 5 7 27 37 12 64
8 98027926 0 1 0 1 7 5 30 30 12 60
8 98033226 0 1 0 1 4 11 24 21 15 45
8 98033750 0 1 0 1 10 8 25 21 18 46
8 98035821 0 1 0 1 4 8 35 21 12 56
8 98064551 0 1 0 0 2 16 0 83 18 83
8 98093498 0 1 0 1 9 9 30 33 18 63
8 98134377 0 1 0 1 29 25 117 122 54 239
8 98139942 0 1 0 1 6 6 24 28 12 52
8 98140860 0 1 0 1 14 13 60 73 27 133
8 98140922 0 1 0 0 2 20 0 93 22 93
8 98146363 0 1 0 1 3 8 25 16 11 41
8 98146376 0 1 0 1 4 9 33 23 13 56
8 98146550 0 1 0 1 41 41 224 188 82 412
8 98150406 0 1 0 1 8 11 29 37 19 66
8 98150660 0 1 0 1 14 11 49 47 25 96
8 98948048 0 1 0 1 16 9 22 39 25 61
8 99121478 0 1 0 1 14 14 42 47 28 89
8 99696367 0 1 0 1 7 13 28 40 20 68
8 99720960 0 1 0 1 31 36 151 188 67 339
8 99778928 0 1 0 1 17 28 159 103 45 262
8 99848918 0 1 0 1 21 14 83 89 35 172
8 99887565 0 1 0 1 12 16 50 48 28 98
8 99892049 0 1 0 1 5 6 16 21 11 37
8 99962275 0 1 0 1 13 10 43 47 23 90
8 99981898 0 1 0 1 17 17 60 54 34 114
8 99987409 0 1 0 1 10 13 50 62 23 112
8 100023914 0 1 0 0 2 16 0 82 18 82
8 100105326 0 1 0 1 10 5 33 24 15 57
8 100137711 0 1 0 1 10 14 42 50 24 92
8 100144999 0 1 0 1 8 8 41 41 16 82
8 100184596 0 1 0 1 7 7 34 42 14 76
8 100191509 0 1 0 1 12 14 81 64 26 145
8 100194163 0 1 0 1 10 13 49 59 23 108
8 100194303 0 1 0 1 13 17 41 60 30 101
8 100213070 0 1 0 1 12 13 40 51 25 91
8 100213331 0 1 0 1 16 9 49 49 25 98
8 100240956 0 1 0 1 16 13 58 46 29 104
8 100269010 0 1 0 1 12 8 34 40 20 74
8 100528005 0 1 0 1 2 13 3 32 15 35
8 100600311 0 1 0 0 2 18 0 110 20 110
8 100608313 0 1 0 1 9 16 33 53 25 86
8 100613108 0 1 0 1 12 20 75 81 32 156
8 100649375 0 1 0 1 23 21 95 125 44 220
8 100649406 0 1 0 1 17 18 82 100 35 182
8 100657565 0 1 0 1 8 13 34 46 21 80
8 100706737 0 1 0 1 16 86 71 391 102 462
8 100706740 0 1 0 1 17 97 69 400 114 469
8 100706759 0 1 0 1 16 93 67 381 109 448
8 100706776 0 1 0 1 15 90 59 405 105 464
8 100709477 0 1 0 1 10 90 61 374 100 435
8 100709481 0 1 0 1 10 93 67 380 103 447
8 100709499 0 1 0 1 15 107 89 402 122 491
8 100709528 0 1 0 1 17 106 119 397 123 516
8 100709584 0 1 0 1 16 81 76 331 97 407
8 100709589 0 1 0 1 15 82 76 322 97 398
8 100709611 0 1 0 1 12 75 54 275 87 329
8 100924408 0 1 0 0 2 18 0 99 20 99
8 101542832 0 1 0 1 17 13 40 52 30 92
8 101664501 0 1 0 0 4 16 0 79 20 79
8 101664504 0 1 0 0 2 16 0 84 18 84
8 101664510 0 1 0 0 4 15 0 72 19 72
8 101872305 0 1 0 0 2 20 0 107 22 107
8 102125465 0 1 0 1 3 10 23 28 13 51
8 102345651 0 1 0 1 12 6 29 42 18 71
8 102529274 0 1 0 1 5 14 50 47 19 97
8 102551679 0 1 0 1 24 15 64 60 39 124
8 102560773 0 1 0 1 40 43 217 242 83 459
8 102560778 0 1 0 1 42 37 220 233 79 453
8 102649991 0 1 0 1 13 12 41 53 25 94
8 102838824 0 1 0 1 32 27 124 128 59 252
8 102843463 0 1 0 1 8 9 40 43 17 83
8 103041055 0 1 0 1 6 8 27 34 14 61
8 103042298 0 1 0 1 13 9 33 22 22 55
8 103042538 0 1 0 1 12 13 43 48 25 91
8 103068829 0 1 0 0 2 22 0 131 24 131
8 103154518 0 1 0 1 5 11 31 40 16 71
8 103198271 0 1 0 1 5 5 23 20 10 43
8 103300113 0 1 0 1 12 14 62 77 26 139
8 103300204 0 1 0 1 33 35 127 109 68 236
8 103318860 0 1 0 1 6 4 26 34 10 60
8 103324444 0 1 0 1 11 6 32 37 17 69
8 103324868 0 1 0 1 33 27 114 112 60 226
8 103325139 0 1 0 1 35 40 158 161 75 319
8 103331458 0 1 0 1 20 31 91 101 51 192
8 103372564 0 1 0 0 2 20 0 89 22 89
8 103372760 0 1 0 1 5 8 27 36 13 63
8 103377996 0 1 0 1 22 21 100 96 43 196
8 103400602 0 1 0 1 30 19 93 59 49 152
8 103400707 0 1 0 1 8 11 27 29 19 56
8 103414680 0 1 0 1 11 13 39 45 24 84
8 103414682 0 1 0 1 10 13 41 47 23 88
8 103415131 0 1 0 1 52 42 214 213 94 427
8 103435961 0 1 0 1 7 4 17 26 11 43
8 103501167 0 1 0 1 13 8 16 22 21 38
8 103568556 0 1 0 0 2 16 0 69 18 69
8 103659419 0 1 0 1 5 7 31 33 12 64
8 103659816 0 1 0 1 12 6 38 41 18 79
8 103880506 0 1 0 1 9 8 21 39 17 60
8 103921535 0 1 0 1 4 7 14 21 11 35
8 103961150 0 1 0 1 11 14 45 50 25 95
8 104013706 0 1 0 1 11 9 46 57 20 103
8 104041128 0 1 0 1 4 6 14 17 10 31
8 104041155 0 1 0 1 6 7 15 31 13 46
8 104093475 0 1 0 1 16 9 57 53 25 110
8 104251020 0 1 0 1 7 22 65 71 29 136
8 104354868 0 1 0 1 6 6 39 37 12 76
8 104447203 0 1 0 1 29 14 73 81 43 154
8 104451462 0 1 0 1 17 9 56 53 26 109
8 104466705 0 1 0 1 21 32 101 123 53 224
8 104895605 0 1 0 1 9 6 15 23 15 38
8 105195216 0 1 0 1 3 11 32 29 14 61
8 105196227 0 1 0 1 12 9 52 41 21 93
8 105418448 0 1 0 1 14 9 57 60 23 117
8 105418801 0 1 0 1 15 14 72 66 29 138
8 105418802 0 1 0 1 16 14 68 63 30 131
8 105444455 0 1 0 1 12 10 42 56 22 98
8 105802428 0 1 0 1 40 33 146 151 73 297
8 106215820 0 1 0 1 10 11 46 39 21 85
8 106657862 0 1 0 1 8 11 25 46 19 71
8 106657913 0 1 0 1 19 14 61 45 33 106
8 106679043 0 1 0 1 8 5 27 29 13 56
8 106742355 0 1 0 1 5 8 34 34 13 68
8 106769837 0 1 0 1 30 47 216 210 77 426
8 106770167 0 1 0 1 16 20 86 87 36 173
8 107958139 0 1 0 1 20 15 87 75 35 162
8 107996853 0 1 0 1 16 13 40 36 29 76
8 108203139 0 1 0 1 14 14 82 66 28 148
8 108203681 0 1 0 1 5 11 38 31 16 69
8 108248352 0 1 0 1 5 7 19 19 12 38
8 108248547 0 1 0 1 33 35 140 163 68 303
8 108450562 0 1 0 1 15 13 78 63 28 141
8 108476708 0 1 0 1 12 14 35 45 26 80
8 108479170 0 1 0 1 11 4 22 31 15 53
8 108486427 0 1 0 1 4 6 18 17 10 35
8 109243367 0 1 0 1 2 8 26 15 10 41
8 109289715 0 1 0 1 10 7 31 31 17 62
8 109289722 0 1 0 1 12 8 34 36 20 70
8 109289769 0 1 0 1 28 19 56 71 47 127
8 109289818 0 1 0 1 40 25 86 121 65 207
8 109336020 0 1 0 1 8 6 37 36 14 73
8 109364632 0 1 0 1 8 15 26 38 23 64
8 109389357 0 1 0 1 6 6 19 17 12 36
8 109400290 0 1 0 1 29 30 112 123 59 235
8 109404584 0 1 0 1 11 8 48 37 19 85
8 109413365 0 1 0 1 5 5 19 22 10 41
8 109425155 0 1 0 1 27 27 120 113 54 233
8 109436406 0 1 0 1 19 13 54 58 32 112
8 109438364 0 1 0 1 24 25 104 116 49 220
8 109441237 0 1 0 1 8 13 35 30 21 65
8 109443092 0 1 0 1 22 31 173 184 53 357
8 109444782 0 1 0 1 33 26 110 116 59 226
8 109448259 0 1 0 1 26 34 110 89 60 199
8 109449289 0 1 0 1 7 7 23 26 14 49
8 109452831 0 1 0 1 25 25 75 89 50 164
8 109461678 0 1 0 1 14 13 49 39 27 88
8 109461736 0 1 0 1 18 27 91 82 45 173
8 109461737 0 1 0 1 18 28 90 82 46 172
8 109464764 0 1 0 1 20 21 89 95 41 184
8 109470671 0 1 0 1 8 7 32 33 15 65
8 109470890 0 1 0 0 2 21 0 89 23 89
8 109477391 0 1 0 1 26 15 72 76 41 148
8 109479611 0 1 0 1 17 18 54 69 35 123
8 109479648 0 1 0 1 21 17 66 76 38 142
8 109479735 0 1 0 1 16 15 45 92 31 137
8 109480720 0 1 0 1 11 13 53 58 24 111
8 109482963 0 1 0 1 24 17 56 60 41 116
8 109486546 0 1 0 0 2 22 0 117 24 117
8 109486834 0 1 0 1 20 26 122 104 46 226
8 109493657 0 1 0 1 20 18 56 75 38 131
8 109504298 0 1 0 1 10 8 39 27 18 66
8 109507585 0 1 0 1 10 8 47 43 18 90
8 109510978 0 1 0 1 9 8 54 48 17 102
8 109515171 0 1 0 0 2 22 0 129 24 129
8 109518648 0 1 0 1 17 16 59 57 33 116
8 109518737 0 1 0 1 8 4 33 28 12 61
8 109523077 0 1 0 0 2 23 0 107 25 107
8 109553955 0 1 0 1 22 14 73 91 36 164
8 109557831 0 1 0 1 30 29 116 117 59 233
8 109585969 0 1 0 1 15 15 72 76 30 148
8 109644544 0 1 0 1 10 14 61 88 24 149
8 109691184 0 1 0 1 24 21 128 112 45 240
8 112231766 0 1 0 1 4 7 11 18 11 29
8 112241844 0 1 1 1 5 3 52 2 8 54
8 112255480 0 1 0 1 9 9 20 36 18 56
8 112287046 0 1 0 1 19 16 69 96 35 165
8 112289319 0 1 0 1 5 22 53 60 27 113
8 112295843 0 1 0 1 10 10 65 55 20 120
8 112310860 0 1 0 1 7 22 62 75 29 137
8 112311242 0 1 0 1 7 5 27 33 12 60
8 112335540 0 1 0 1 16 17 52 84 33 136
8 112341704 0 1 0 1 11 13 48 50 24 98
8 112352345 0 1 0 1 27 17 62 94 44 156
8 112352467 0 1 0 1 23 31 100 103 54 203
8 112383825 0 1 0 1 4 6 18 34 10 52
8 112503980 0 1 0 1 9 6 38 18 15 56
8 112573408 0 1 0 1 8 8 36 41 16 77
8 112586978 0 1 0 1 5 5 15 18 10 33
8 112645378 0 1 0 1 7 10 19 29 17 48
8 112650354 0 1 0 1 13 10 52 37 23 89
8 112829810 0 1 0 1 4 6 34 23 10 57
8 113099083 0 1 0 1 5 8 20 21 13 41
8 113173774 0 1 0 1 33 16 89 120 49 209
8 113278466 0 1 0 1 5 10 17 21 15 38
8 113376716 0 1 0 1 28 21 98 118 49 216
8 113600312 0 1 0 1 34 32 132 141 66 273
8 113600314 0 1 0 1 36 35 135 145 71 280
8 115623461 0 1 0 1 5 10 27 28 15 55
8 115623715 0 1 0 1 14 9 49 64 23 113
8 116766434 0 1 0 1 12 10 41 37 22 78
8 116770146 0 1 0 1 22 12 71 58 34 129
8 116938529 0 1 0 1 7 8 58 69 15 127
8 116942766 0 1 0 1 7 5 17 12 12 29
8 117171312 0 1 0 1 9 7 24 30 16 54
8 117172544 0 1 0 1 13 20 75 65 33 140
8 117172786 0 1 0 1 17 17 57 61 34 118
8 117172802 0 1 0 1 12 12 46 53 24 99
8 117172824 0 1 0 1 5 8 29 35 13 64
8 117521143 0 1 0 1 14 23 76 83 37 159
8 117807339 0 1 0 1 18 30 127 127 48 254
8 117807480 0 1 0 1 9 7 26 33 16 59
8 117813115 0 1 0 1 8 18 38 41 26 79
8 117818581 0 1 0 1 20 28 69 85 48 154
8 117818655 0 1 0 1 10 14 37 50 24 87
8 117819781 0 1 0 1 15 17 62 78 32 140
8 118379552 0 1 0 1 35 36 147 132 71 279
8 118379627 0 1 0 1 31 29 135 139 60 274
8 118761961 0 1 0 1 4 9 27 26 13 53
8 118951813 0 1 0 1 26 23 121 138 49 259
8 118952044 0 1 0 1 7 8 26 27 15 53
8 119240378 0 1 0 0 2 15 0 96 17 96
8 119481232 0 1 0 0 2 10 0 49 12 49
8 119744768 0 1 0 1 5 6 32 23 11 55
8 119746919 0 1 0 0 2 21 0 138 23 138
8 119760884 0 1 0 1 6 13 25 18 19 43
8 119781056 0 1 0 1 5 6 28 20 11 48
8 119788618 0 1 0 1 6 5 23 39 11 62
8 119789401 0 1 0 1 7 6 32 21 13 53
8 119791414 0 1 0 1 11 21 69 85 32 154
8 119831535 0 1 0 1 8 7 32 28 15 60
8 119831539 0 1 0 1 7 7 32 37 14 69
8 119832350 0 1 0 1 6 11 38 39 17 77
8 119832542 0 1 0 1 3 11 31 38 14 69
8 119873835 0 1 0 1 18 18 92 81 36 173
8 120001531 0 1 0 1 19 9 66 68 28 134
8 120002917 0 1 0 1 5 19 57 61 24 118
8 120003122 0 1 0 1 4 10 21 28 14 49
8 120006714 0 1 0 0 2 22 0 105 24 105
8 120006801 0 1 0 1 25 35 109 132 60 241
8 120168425 0 1 0 1 12 8 51 50 20 101
8 120196761 0 1 0 1 27 37 105 127 64 232
8 120197830 0 1 0 1 32 25 115 156 57 271
8 120203752 0 1 0 1 24 13 84 87 37 171
8 120208156 0 1 0 1 7 8 23 34 15 57
8 120216440 0 1 0 1 40 38 133 151 78 284
8 120247604 0 1 0 1 22 15 85 77 37 162
8 120278334 0 1 0 1 8 6 27 27 14 54
8 120280168 0 1 0 1 18 16 61 65 34 126
8 120280619 0 1 0 1 14 9 61 71 23 132
8 120281092 0 1 0 1 11 8 25 25 19 50
8 120283806 0 1 0 1 6 10 30 36 16 66
8 120285917 0 1 0 1 7 21 42 44 28 86
8 120395956 0 1 0 1 16 23 80 79 39 159
8 120461416 0 1 0 1 6 5 18 28 11 46
8 120470956 0 1 0 1 5 12 55 60 17 115
8 120516145 0 1 0 1 11 16 50 59 27 109
8 120517821 0 1 0 1 10 17 48 60 27 108
8 120517950 0 1 0 1 25 35 121 140 60 261
8 120518914 0 1 0 1 7 4 16 28 11 44
8 120522546 0 1 0 1 8 7 26 27 15 53
8 120522810 0 1 0 1 15 21 105 94 36 199
8 120538479 0 1 0 1 9 9 23 22 18 45
8 120693963 0 1 0 1 10 20 59 71 30 130
8 122769894 0 1 0 1 12 13 40 44 25 84
8 122952191 0 1 0 1 24 27 140 131 51 271
8 122952713 0 1 0 1 45 44 166 153 89 319
8 122953919 0 1 0 1 32 32 141 166 64 307
8 123015322 0 1 0 1 3 11 17 13 14 30
8 123102093 0 1 0 1 28 26 122 123 54 245
8 123102320 0 1 0 1 27 19 84 92 46 176
8 123126615 0 1 0 1 10 19 45 78 29 123
8 123130249 0 1 0 1 37 48 190 217 85 407
8 123142457 0 1 0 1 14 18 43 62 32 105
8 123181941 0 1 0 1 39 41 143 146 80 289
8 123182728 0 1 0 1 22 25 103 98 47 201
8 123194084 0 1 0 1 26 16 77 81 42 158
8 123194154 0 1 0 1 27 21 78 77 48 155
8 123199818 0 1 0 1 12 13 48 43 25 91
8 123199904 0 1 0 0 2 22 0 105 24 105
8 123215830 0 1 0 0 2 17 0 87 19 87
8 123347509 0 1 0 1 10 5 14 17 15 31
8 123436449 0 1 0 1 25 40 76 86 65 162
8 123436707 0 1 0 1 7 9 25 18 16 43
8 123513243 0 1 0 1 28 35 147 135 63 282
8 123645974 0 1 0 1 33 45 158 159 78 317
8 123681170 0 1 0 1 9 8 37 36 17 73
8 123681204 0 1 0 1 11 14 57 48 25 105
8 123681401 0 1 0 1 31 30 121 112 61 233
8 123684627 0 1 0 1 24 28 118 115 52 233
8 123698489 0 1 0 1 41 52 195 208 93 403
8 123737464 0 1 0 1 12 8 52 33 20 85
8 123784686 0 1 0 1 6 5 31 23 11 54
8 123980328 0 1 0 1 6 6 17 16 12 33
8 124023548 0 1 0 1 25 32 103 115 57 218
8 124039777 0 1 0 1 16 9 68 69 25 137
8 124049654 0 1 0 1 32 32 114 136 64 250
8 124049830 0 1 0 1 22 25 79 80 47 159
8 124060185 0 1 0 1 29 48 129 154 77 283
8 124060468 0 1 0 1 9 12 36 41 21 77
8 124062200 0 1 0 1 7 7 18 17 14 35
8 124064163 0 1 0 1 7 8 29 23 15 52
8 124064201 0 1 0 1 13 9 44 39 22 83
8 124064348 0 1 0 1 25 24 90 89 49 179
8 124076395 0 1 0 1 22 24 82 90 46 172
8 124082606 0 1 0 1 12 12 26 41 24 67
8 124094960 0 1 0 1 25 25 116 94 50 210
8 124094966 0 1 0 1 25 24 121 108 49 229
8 124098017 0 1 0 1 8 7 41 43 15 84
8 124142054 0 1 0 1 3 12 21 15 15 36
8 124142119 0 1 0 1 5 11 28 23 16 51
8 124142218 0 1 0 1 3 11 12 22 14 34
8 124142389 0 1 0 1 5 5 15 20 10 35
8 124143062 0 1 0 1 8 19 47 40 27 87
8 124143171 0 1 0 1 12 13 44 71 25 115
8 124143394 0 1 0 1 9 7 35 26 16 61
8 124143408 0 1 0 1 9 6 37 29 15 66
8 124143465 0 1 0 1 12 7 41 34 19 75
8 124322106 0 1 0 0 2 18 0 95 20 95
8 124450842 0 1 0 1 10 13 50 51 23 101
8 124450857 0 1 0 1 10 14 55 70 24 125
8 124451009 0 1 0 1 40 50 160 163 90 323
8 124475452 0 1 0 1 6 13 44 40 19 84
8 124486306 0 1 0 1 43 35 165 153 78 318
8 124488792 0 1 0 1 14 19 54 49 33 103
8 124493932 0 1 0 0 2 9 0 39 11 39
8 124539326 0 1 0 1 40 28 100 108 68 208
8 124549788 0 1 0 1 20 23 109 91 43 200
8 124553087 0 1 0 1 42 37 161 152 79 313
8 124556382 0 1 0 1 24 26 121 117 50 238
8 124562672 0 1 0 1 18 29 81 70 47 151
8 124562684 0 1 0 1 18 29 88 73 47 161
8 124563082 0 1 0 1 5 7 20 25 12 45
8 124565628 0 1 0 1 20 27 87 92 47 179
8 124567496 0 1 0 1 4 9 16 25 13 41
8 124567547 0 1 0 1 7 11 20 36 18 56
8 124567732 0 1 0 1 21 36 94 88 57 182
8 124567749 0 1 0 1 21 33 92 92 54 184
8 124577715 0 1 0 1 9 7 30 29 16 59
8 124589558 0 1 0 0 2 17 0 104 19 104
8 124589723 0 1 0 1 15 13 69 74 28 143
8 124699641 0 1 0 1 8 17 60 48 25 108
8 125018567 0 1 0 1 9 8 28 33 17 61
8 125032195 0 1 0 1 30 17 71 91 47 162
8 125073121 0 1 0 1 27 23 108 114 50 222
8 125130161 0 1 0 1 8 8 44 46 16 90
8 125357656 0 1 0 1 18 22 107 108 40 215
8 125431292 0 1 0 1 7 4 14 29 11 43
8 127086593 0 1 0 1 7 15 26 28 22 54
8 127087210 0 1 0 1 8 9 26 31 17 57
8 127087287 0 1 0 1 4 9 24 22 13 46
8 127415816 0 1 0 1 38 40 190 188 78 378
8 127416393 0 1 0 1 13 22 78 83 35 161
8 127416411 0 1 0 1 20 13 77 82 33 159
8 127416506 0 1 0 1 16 13 66 79 29 145
8 127416550 0 1 0 1 14 25 71 85 39 156
8 127416578 0 1 0 1 20 33 92 115 53 207
8 127741052 0 1 0 1 6 6 27 31 12 58
8 127960712 0 1 0 1 12 7 53 67 19 120
8 128008754 0 1 0 1 19 14 43 56 33 99
8 128008933 0 1 0 1 40 22 119 127 62 246
8 128009016 0 1 0 1 28 21 56 86 49 142
8 129484119 0 1 0 1 11 9 54 60 20 114
8 129776302 0 1 0 1 19 23 78 55 42 133
8 129855966 0 1 0 1 6 4 16 16 10 32
8 129859584 0 1 0 1 10 4 15 17 14 32
8 130188314 0 1 0 1 17 20 79 63 37 142
8 130295972 0 1 0 0 2 23 0 118 25 118
8 130800653 0 1 0 1 7 14 29 33 21 62
8 130821509 0 1 0 1 7 12 28 40 19 68
8 130836569 0 1 0 1 8 8 41 40 16 81
8 130990330 0 1 0 1 17 22 77 77 39 154
8 131904212 0 1 0 1 5 6 21 22 11 43
8 131935323 0 1 0 1 6 14 36 41 20 77
8 131970577 0 1 0 1 28 34 141 130 62 271
8 131976231 0 1 0 1 12 13 32 26 25 58
8 131978838 0 1 0 1 16 19 69 82 35 151
8 131984112 0 1 0 1 17 24 91 101 41 192
8 131984352 0 1 0 1 7 9 15 26 16 41
8 131987689 0 1 0 1 25 27 117 150 52 267
8 132024897 0 1 0 1 4 10 42 34 14 76
8 132034643 0 1 0 1 23 26 117 128 49 245
8 132101284 0 1 0 1 14 10 59 48 24 107
8 132104004 0 1 0 1 21 12 53 44 33 97
8 132104063 0 1 0 1 9 25 48 68 34 116
8 132105356 0 1 0 1 36 36 134 161 72 295
8 132137856 0 1 0 1 10 20 90 69 30 159
8 132175431 0 1 0 0 2 17 0 117 19 117
8 132711024 0 1 0 1 42 47 158 169 89 327
8 132721976 0 1 0 1 15 21 76 76 36 152
8 132746805 0 1 0 1 9 14 54 52 23 106
8 132837878 0 1 0 1 10 10 31 37 20 68
8 132867967 0 1 0 1 19 21 101 92 40 193
8 132897602 0 1 0 1 40 43 152 118 83 270
8 132898143 0 1 0 1 16 22 58 87 38 145
8 132908396 0 1 0 1 16 6 42 50 22 92
8 132912964 0 1 0 1 16 21 90 76 37 166
8 132923198 0 1 0 1 18 16 61 70 34 131
8 132933844 0 1 0 1 9 7 46 32 16 78
8 132948992 0 1 0 1 14 19 87 88 33 175
8 132949031 0 1 0 0 2 20 0 119 22 119
8 132949034 0 1 0 1 9 11 55 68 20 123
8 132963038 0 1 0 1 30 34 131 155 64 286
8 132963161 0 1 0 1 16 26 82 95 42 177
8 132966466 0 1 0 1 5 5 35 34 10 69
8 132967627 0 1 0 1 5 5 14 20 10 34
8 132969515 0 1 0 1 10 9 43 57 19 100
8 132971813 0 1 0 1 27 19 80 88 46 168
8 132972576 0 1 0 1 10 5 34 26 15 60
8 132972694 0 1 0 0 2 23 0 116 25 116
8 132983230 0 1 0 1 6 20 70 73 26 143
8 133013536 0 1 0 1 25 22 88 93 47 181
8 133013538 0 1 0 1 27 23 87 95 50 182
8 133046393 0 1 0 1 19 10 59 83 29 142
8 133096051 0 1 0 1 13 8 56 65 21 121
8 133096209 0 1 0 1 41 35 154 125 76 279
8 133102527 0 1 0 1 24 14 78 89 38 167
8 133113274 0 1 0 1 4 6 15 23 10 38
8 133113438 0 1 0 1 15 21 76 79 36 155
8 133131666 0 1 0 1 11 4 20 25 15 45
8 133131869 0 1 0 1 23 35 90 122 58 212
8 133134997 0 1 0 1 18 7 38 45 25 83
8 133212736 0 1 0 1 6 8 23 32 14 55
8 133225392 0 1 0 1 17 35 71 103 52 174
8 133227527 0 1 0 1 48 38 190 183 86 373
8 133244316 0 1 0 1 32 26 153 168 58 321
8 133248822 0 1 0 1 5 9 53 51 14 104
8 133250356 0 1 0 1 13 16 65 75 29 140
8 133250672 0 1 0 1 10 10 29 37 20 66
8 133254342 0 1 0 1 8 20 46 35 28 81
8 133258214 0 1 0 1 5 8 55 50 13 105
8 133258305 0 1 0 1 23 16 74 87 39 161
8 133259278 0 1 0 1 16 12 65 69 28 134
8 133259405 0 1 0 1 5 5 21 10 10 31
8 133261983 0 1 0 1 37 35 130 141 72 271
8 133284479 0 1 0 1 12 5 38 49 17 87
8 133284499 0 1 0 1 8 5 26 40 13 66
8 133326124 0 1 0 1 13 13 34 25 26 59
8 133408570 0 1 0 0 2 14 0 92 16 92
8 133461905 0 1 0 1 37 52 146 162 89 308
8 133463523 0 1 0 0 2 21 0 140 23 140
8 133463577 0 1 0 1 5 6 23 36 11 59
8 133466113 0 1 0 0 2 17 0 158 19 158
8 133525693 0 1 0 1 31 15 108 115 46 223
8 134512401 0 1 0 1 16 13 82 100 29 182
8 134512695 0 1 0 1 15 9 43 43 24 86
8 134533177 0 1 0 1 3 8 26 28 11 54
8 134583701 0 1 0 1 9 13 32 40 22 72
8 134599868 0 1 0 1 6 15 60 56 21 116
8 134637305 0 1 0 1 3 7 22 21 10 43
8 134657445 0 1 0 0 2 20 0 94 22 94
8 134657567 0 1 0 1 12 19 71 84 31 155
8 134800633 0 1 0 1 9 5 25 26 14 51
8 135290962 0 1 0 1 7 18 37 33 25 70
8 135548709 0 1 0 1 10 9 37 41 19 78
8 135548910 0 1 0 1 11 16 70 56 27 126
8 135645291 0 1 0 1 3 10 30 34 13 64
8 135646952 0 1 0 1 35 29 137 124 64 261
8 137283860 0 1 0 1 4 10 30 23 14 53
8 138256809 0 1 0 1 23 8 67 67 31 134
8 138308936 0 1 0 1 24 32 108 130 56 238
8 138591608 0 1 0 1 5 6 29 26 11 55
8 138594296 0 1 0 1 2 8 12 26 10 38
8 138596832 0 1 0 1 17 26 94 97 43 191
8 138596844 0 1 0 1 19 30 91 104 49 195
8 138602193 0 1 0 1 17 22 98 55 39 153
8 138602339 0 1 0 1 5 10 27 19 15 46
8 138604803 0 1 0 1 28 44 119 120 72 239
8 138605004 0 1 0 1 5 12 27 30 17 57
8 138606511 0 1 0 1 26 34 118 107 60 225
8 138607801 0 1 0 1 16 17 61 92 33 153
8 138607806 0 1 0 1 17 19 63 93 36 156
8 138608024 0 1 0 1 29 21 62 62 50 124
8 138613933 0 1 0 1 22 22 89 87 44 176
8 138619407 0 1 0 1 12 15 75 49 27 124
8 138623640 0 1 0 1 11 14 58 62 25 120
8 138623677 0 1 0 1 21 16 77 74 37 151
8 138626064 0 1 0 1 7 6 27 25 13 52
8 138630731 0 1 0 1 12 15 73 59 27 132
8 138635019 0 1 0 1 18 25 60 78 43 138
8 138636532 0 1 0 1 2 10 13 27 12 40
8 138646504 0 1 0 1 13 9 53 61 22 114
8 138655789 0 1 0 1 22 22 83 76 44 159
8 138656057 0 1 0 1 24 29 69 69 53 138
8 138660428 0 1 0 1 19 10 44 47 29 91
8 138662301 0 1 0 1 7 6 26 27 13 53
8 138663626 0 1 0 1 9 8 29 36 17 65
8 138663839 0 1 0 1 12 18 55 57 30 112
8 138685043 0 1 0 1 5 7 28 15 12 43
8 138685235 0 1 0 1 17 23 98 82 40 180
8 138688668 0 1 0 1 18 23 61 69 41 130
8 138688966 0 1 0 1 25 23 121 112 48 233
8 138690696 0 1 0 1 8 6 28 29 14 57
8 138691138 0 1 0 1 7 6 13 19 13 32
8 138715738 0 1 0 1 16 17 74 69 33 143
8 138724406 0 1 0 1 12 9 62 59 21 121
8 138724483 0 1 0 1 22 19 70 72 41 142
8 138724550 0 1 0 1 37 24 119 125 61 244
8 138724690 0 1 0 1 38 39 145 141 77 286
8 138811679 0 1 0 1 7 8 32 23 15 55
8 138811814 0 1 0 1 6 7 53 36 13 89
8 139619147 0 1 0 0 2 15 0 108 17 108
8 139932341 0 1 0 1 25 30 125 106 55 231
8 140252770 0 1 0 1 9 15 47 86 24 133
8 140287514 0 1 0 1 6 22 55 41 28 96
8 140300387 0 1 0 1 12 9 49 61 21 110
8 140532223 0 1 0 1 13 22 65 61 35 126
8 140539192 0 1 0 1 10 9 55 60 19 115
8 140539284 0 1 0 1 20 19 97 75 39 172
8 140541308 0 1 0 1 21 22 114 87 43 201
8 140547398 0 1 0 1 20 16 68 65 36 133
8 140549026 0 1 0 1 5 4 19 21 9 40
8 140549259 0 1 0 1 34 37 168 157 71 325
8 140551294 0 1 0 1 5 10 48 63 15 111
8 140555793 0 1 0 1 9 8 39 41 17 80
8 140556212 0 1 0 1 38 30 133 123 68 256
8 140556388 0 1 0 1 12 11 53 46 23 99
8 140558523 0 1 0 1 56 51 199 191 107 390
8 140558600 0 1 0 1 26 23 118 126 49 244
8 140558626 0 1 0 1 17 13 87 101 30 188
8 140686735 0 1 0 1 8 7 25 17 15 42
8 140732400 0 1 0 1 13 11 57 37 24 94
8 140830475 0 1 0 1 8 7 36 47 15 83
8 140890478 0 1 0 0 2 17 0 82 19 82
8 140921069 0 1 0 1 8 5 32 37 13 69
8 141128851 0 1 0 1 30 19 79 97 49 176
8 141142343 0 1 0 1 25 13 93 104 38 197
8 141144192 0 1 0 1 7 24 56 46 31 102
8 141150777 0 1 0 1 33 41 153 149 74 302
8 141150933 0 1 0 1 33 25 114 116 58 230
8 141151774 0 1 0 1 23 15 84 82 38 166
8 141151789 0 1 0 1 25 13 69 71 38 140
8 141151858 0 1 0 1 13 5 35 40 18 75
8 141151861 0 1 0 0 2 18 0 75 20 75
8 141160785 0 1 0 1 21 24 130 122 45 252
8 141166408 0 1 0 1 12 16 56 53 28 109
8 141189301 0 1 0 1 7 6 28 33 13 61
8 141190368 0 1 0 1 36 27 121 138 63 259
8 141190632 0 1 0 1 8 4 15 16 12 31
8 141192757 0 1 0 1 40 29 162 140 69 302
8 141192785 0 1 0 1 34 30 141 121 64 262
8 141194227 0 1 0 1 28 44 125 137 72 262
8 141212275 0 1 0 1 9 20 68 83 29 151
8 141212346 0 1 0 1 25 37 137 150 62 287
8 141216009 0 1 0 1 18 21 103 90 39 193
8 141218710 0 1 0 1 53 68 222 269 121 491
8 141218810 0 1 0 1 60 68 263 270 128 533
8 141219046 0 1 0 1 25 17 73 75 42 148
8 141219079 0 1 0 1 17 12 42 50 29 92
8 141219792 0 1 0 1 22 21 102 95 43 197
8 141219847 0 1 0 1 13 15 47 41 28 88
8 141221405 0 1 0 1 6 8 19 16 14 35
8 141221845 0 1 0 1 11 11 44 40 22 84
8 141221846 0 1 0 1 11 11 44 40 22 84
8 141256592 0 1 0 1 26 23 118 126 49 244
8 141427715 0 1 0 1 19 16 70 97 35 167
8 141427834 0 1 0 1 23 31 118 109 54 227
8 141434426 0 1 0 1 10 13 38 43 23 81
8 141434680 0 1 0 1 30 29 107 125 59 232
8 141441299 0 1 0 1 8 8 25 31 16 56
8 141447939 0 1 0 1 33 26 137 127 59 264
8 141449759 0 1 0 1 17 15 62 53 32 115
8 141466326 0 1 0 1 15 23 56 89 38 145
8 141466374 0 1 0 1 23 30 91 109 53 200
8 141466429 0 1 0 1 48 34 152 162 82 314
8 141466455 0 1 0 1 30 47 165 172 77 337
8 141466511 0 1 0 1 21 40 122 155 61 277
8 141466651 0 1 0 1 6 4 32 36 10 68
8 141467379 0 1 0 1 8 8 20 25 16 45
8 141467390 0 1 0 1 8 6 28 39 14 67
8 141467417 0 1 0 1 10 9 42 50 19 92
8 141467453 0 1 0 1 23 17 97 89 40 186
8 141467463 0 1 0 1 30 20 110 95 50 205
8 141467488 0 1 0 1 30 22 137 102 52 239
8 141467492 0 1 0 1 30 25 145 105 55 250
8 141467514 0 1 0 1 37 30 175 134 67 309
8 141467671 0 1 0 1 14 7 64 49 21 113
8 141480066 0 1 0 1 23 30 101 109 53 210
8 141480114 0 1 0 1 21 20 68 66 41 134
8 141494648 0 1 0 1 5 6 24 18 11 42
8 141494938 0 1 0 1 36 25 130 120 61 250
8 141494956 0 1 0 1 23 32 112 124 55 236
8 141495325 0 1 0 0 2 16 0 71 18 71
8 141495478 0 1 0 1 21 18 74 74 39 148
8 141496361 0 1 0 1 29 26 123 100 55 223
8 141496726 0 1 0 1 9 7 30 26 16 56
8 141514659 0 1 0 1 13 14 52 43 27 95
8 141518160 0 1 0 1 7 8 14 15 15 29
8 142300449 0 1 0 1 33 20 96 82 53 178
8 142318499 0 1 0 1 28 31 98 119 59 217
8 142330749 0 1 0 1 6 4 33 29 10 62
8 142331508 0 1 0 1 7 3 23 10 10 33
8 142331775 0 1 0 1 37 56 176 247 93 423
8 142331973 0 1 0 1 9 11 34 28 20 62
8 142344359 0 1 0 1 43 41 152 123 84 275
8 142345938 0 1 0 1 32 37 145 185 69 330
8 142475429 0 1 0 1 8 28 73 99 36 172
8 142478070 0 1 0 1 29 24 105 97 53 202
8 142479143 0 1 0 1 11 11 44 43 22 87
8 142479194 0 1 0 1 12 20 67 73 32 140
8 142479534 0 1 0 1 13 19 57 62 32 119
8 142479537 0 1 0 1 15 16 57 64 31 121
8 142479845 0 1 0 1 23 22 76 101 45 177
8 142481726 0 1 0 1 38 50 138 146 88 284
8 142481800 0 1 0 1 20 25 79 66 45 145
8 142488920 0 1 0 1 24 28 144 105 52 249
8 142521957 0 1 0 1 4 8 32 28 12 60
8 142533239 0 1 0 1 7 9 22 20 16 42
8 142533262 0 1 0 1 12 8 29 37 20 66
8 142533280 0 1 0 1 12 7 42 60 19 102
8 142539152 0 1 0 1 4 7 24 12 11 36
8 142539209 0 1 0 1 9 12 33 33 21 66
8 142539461 0 1 0 1 31 29 116 134 60 250
8 142543185 0 1 0 1 11 6 38 26 17 64
8 142603294 0 1 0 1 4 9 17 16 13 33
8 142613414 0 1 0 1 41 46 186 201 87 387
8 142613783 0 1 0 1 32 42 167 175 74 342
8 142615471 0 1 0 1 5 5 15 28 10 43
8 142742149 0 1 0 0 2 10 0 49 12 49
8 142765175 0 1 0 1 12 20 63 64 32 127
8 142769813 0 1 0 0 2 22 0 94 24 94
8 142775549 0 1 0 1 31 32 124 133 63 257
8 142785741 0 1 0 1 11 12 50 46 23 96
8 142786425 0 1 0 1 24 18 78 69 42 147
8 142786489 0 1 0 1 20 15 53 50 35 103
8 142878452 0 1 0 1 8 49 42 212 57 254
8 142878627 0 1 0 1 3 7 22 39 10 61
8 142913101 0 1 0 1 2 14 13 74 16 87
8 142996523 0 1 0 1 4 6 23 15 10 38
8 143043095 0 1 0 1 27 25 122 142 52 264
8 143043192 0 1 0 1 44 40 193 176 84 369
8 143044310 0 1 0 1 17 18 77 70 35 147
8 143044367 0 1 0 0 2 18 0 75 20 75
8 143044827 0 1 0 1 13 19 66 68 32 134
8 143049133 0 1 0 1 22 21 69 95 43 164
8 143080947 0 1 0 1 6 9 29 19 15 48
8 143213907 0 1 0 1 10 16 69 81 26 150
8 143275043 0 1 0 1 41 40 110 146 81 256
8 143275309 0 1 0 1 24 17 77 87 41 164
8 143275822 0 1 0 1 15 8 41 38 23 79
8 143276211 0 1 0 1 22 24 76 85 46 161
8 143296014 0 1 0 1 37 31 111 119 68 230
8 143309626 0 1 0 1 6 12 46 39 18 85
8 143309760 0 1 0 1 15 12 46 69 27 115
8 143310198 0 1 0 1 15 19 61 59 34 120
8 143315953 0 1 0 1 20 19 112 117 39 229
8 143316226 0 1 0 1 20 20 62 67 40 129
8 143317866 0 1 0 1 35 44 134 176 79 310
8 143317919 0 1 0 1 26 40 120 140 66 260
8 143321122 0 1 0 1 35 20 95 71 55 166
8 143321279 0 1 0 1 58 75 230 249 133 479
8 143321447 0 1 0 1 13 14 47 33 27 80
8 143321458 0 1 0 1 9 14 18 49 23 67
8 143324409 0 1 0 1 9 10 40 49 19 89
8 143324457 0 1 0 1 19 18 63 89 37 152
8 143324711 0 1 0 1 33 24 118 95 57 213
8 143324756 0 1 0 1 15 18 65 74 33 139
8 143327764 0 1 0 1 18 13 74 73 31 147
8 143329597 0 1 0 1 9 6 44 34 15 78
8 143331246 0 1 0 1 40 31 129 127 71 256
8 143334731 0 1 0 1 19 20 82 87 39 169
8 143375576 0 1 0 1 21 14 83 76 35 159
8 143377155 0 1 0 1 56 59 180 250 115 430
8 143377159 0 1 0 1 69 55 288 206 124 494
8 143378876 0 1 0 1 50 38 204 194 88 398
8 143379149 0 1 0 1 13 14 40 41 27 81
8 143380466 0 1 0 1 6 5 22 23 11 45
8 143381097 0 1 0 1 8 13 51 56 21 107
8 143381516 0 1 0 1 12 5 42 38 17 80
8 143440217 0 1 0 1 18 17 45 77 35 122
8 143440218 0 1 0 1 17 16 47 76 33 123
8 143475569 0 1 0 1 22 21 112 106 43 218
8 143484799 0 1 0 1 19 16 65 66 35 131
8 143541404 0 1 0 1 33 34 166 149 67 315
8 143541565 0 1 0 1 11 11 38 34 22 72
8 143554779 0 1 0 1 32 21 107 113 53 220
8 143558506 0 1 0 0 2 18 0 71 20 71
8 143560426 0 1 0 1 16 20 91 104 36 195
8 143560999 0 1 0 1 24 35 144 159 59 303
8 143561151 0 1 0 1 23 33 108 91 56 199
8 143561433 0 1 0 1 20 21 98 100 41 198
8 143561645 0 1 0 1 7 8 29 33 15 62
8 143562235 0 1 0 1 16 28 101 94 44 195
8 143562413 0 1 0 1 18 18 57 56 36 113
8 143562617 0 1 0 1 36 44 195 192 80 387
8 143567480 0 1 0 1 8 11 31 42 19 73
8 143567520 0 1 0 1 9 6 35 35 15 70
8 143567798 0 1 0 1 22 27 72 65 49 137
8 143568333 0 1 0 1 22 30 79 112 52 191
8 143572313 0 1 0 1 14 15 62 46 29 108
8 143576200 0 1 0 1 21 22 116 109 43 225
8 143576541 0 1 0 1 25 35 130 135 60 265
8 143577779 0 1 0 1 34 15 111 116 49 227
8 143578343 0 1 0 1 10 6 28 31 16 59
8 143580060 0 1 0 1 20 24 94 78 44 172
8 143580183 0 1 0 1 27 38 148 135 65 283
8 143580905 0 1 0 1 7 5 26 26 12 52
8 143589074 0 1 0 1 30 30 110 106 60 216
8 143589752 0 1 0 1 57 50 196 176 107 372
8 143599393 0 1 0 1 29 20 121 106 49 227
8 143599607 0 1 0 1 25 23 103 106 48 209
8 143609528 0 1 0 0 2 12 0 67 14 67
8 143613875 0 1 0 1 21 26 103 91 47 194
8 143649856 0 1 0 1 14 8 64 58 22 122
8 143669537 0 1 0 1 2 8 29 51 10 80
8 143669549 0 1 0 1 2 9 39 43 11 82
8 143717834 0 1 0 1 42 32 142 158 74 300
8 143719073 0 1 0 1 33 23 145 120 56 265
8 143719423 0 1 0 1 11 15 65 66 26 131
8 143721226 0 1 0 1 31 31 113 116 62 229
8 143721446 0 1 0 1 44 60 234 198 104 432
8 143727968 0 1 0 1 13 17 64 58 30 122
8 143793775 0 1 0 1 6 6 40 38 12 78
8 143793989 0 1 0 1 31 24 139 118 55 257
8 143795665 0 1 0 1 6 11 53 52 17 105
8 143809598 0 1 0 1 15 16 64 59 31 123
8 143810914 0 1 0 1 53 52 262 207 105 469
8 143813383 0 1 0 1 43 37 184 190 80 374
8 143822340 0 1 0 0 2 15 0 77 17 77
8 143835363 0 1 0 1 6 8 26 23 14 49
8 143835620 0 1 0 1 37 25 172 133 62 305
8 143836051 0 1 0 1 28 25 153 137 53 290
8 143858290 0 1 0 1 8 48 42 204 56 246
8 143858302 0 1 0 1 6 49 40 193 55 233
8 143866611 0 1 0 1 38 26 149 142 64 291
8 143867013 0 1 0 1 85 69 313 324 154 637
8 143867251 0 1 0 1 53 50 198 238 103 436
8 143868370 0 1 0 1 103 127 382 434 230 816
8 143916167 0 1 0 1 6 9 54 43 15 97
8 143916360 0 1 0 1 25 26 112 122 51 234
8 143917008 0 1 0 1 38 48 189 190 86 379
8 143917935 0 1 0 1 54 57 232 272 111 504
8 143918193 0 1 0 1 20 29 83 108 49 191
8 143918694 0 1 0 1 38 34 169 136 72 305
8 143919156 0 1 0 1 71 95 284 331 166 615
8 143919209 0 1 0 1 51 64 210 239 115 449
8 143921326 0 1 0 1 62 50 246 234 112 480
8 143921568 0 1 0 1 76 71 286 293 147 579
8 143921771 0 1 0 1 41 48 205 236 89 441
8 143921861 0 1 0 1 28 30 117 111 58 228
8 143921943 0 1 0 1 20 30 107 88 50 195
8 143922240 0 1 0 1 7 10 52 65 17 117
8 143922430 0 1 0 1 24 21 103 151 45 254
8 143922467 0 1 0 1 27 24 100 155 51 255
8 143923488 0 1 0 1 16 13 80 52 29 132
8 143923759 0 1 0 1 17 10 45 62 27 107
8 143924001 0 1 0 1 20 12 50 43 32 93
8 143924022 0 1 0 1 13 14 53 48 27 101
8 143925249 0 1 0 1 10 11 44 51 21 95
8 143925453 0 1 0 1 8 9 24 45 17 69
8 143925474 0 1 0 1 5 7 27 52 12 79
8 143925516 0 1 0 1 8 10 35 52 18 87
8 143925888 0 1 0 1 27 23 83 91 50 174
8 143926641 0 1 0 1 4 6 16 21 10 37
8 143926730 0 1 0 1 12 10 47 51 22 98
8 143926863 0 1 0 1 31 29 124 135 60 259
8 143927132 0 1 0 1 25 18 102 115 43 217
8 143927143 0 1 0 1 30 23 103 117 53 220
8 143927204 0 1 0 1 39 29 142 146 68 288
8 143927341 0 1 0 1 42 40 241 204 82 445
8 143927420 0 1 0 1 25 16 114 126 41 240
8 143927616 0 1 0 1 23 27 102 94 50 196
8 143928115 0 1 0 1 6 13 37 21 19 58
8 143929609 0 1 0 1 36 35 142 158 71 300
8 143930378 0 1 0 1 27 18 80 76 45 156
8 143932622 0 1 0 1 19 23 155 156 42 311
8 143933019 0 1 0 1 14 19 111 112 33 223
8 143933366 0 1 0 1 15 13 67 69 28 136
8 143934174 0 1 0 1 19 17 79 89 36 168
8 143934275 0 1 0 1 8 11 60 57 19 117
8 143934392 0 1 0 1 20 20 79 95 40 174
8 143934538 0 1 0 1 14 18 68 75 32 143
8 143934763 0 1 0 1 32 42 168 152 74 320
8 143935425 0 1 0 1 4 10 47 44 14 91
8 143936137 0 1 0 1 8 8 33 25 16 58
8 143937036 0 1 0 1 40 64 242 321 104 563
8 143938038 0 1 0 1 14 13 48 41 27 89
8 143938298 0 1 0 1 26 23 87 115 49 202
8 143938609 0 1 0 1 45 50 162 158 95 320
8 143946309 0 1 0 1 13 15 77 56 28 133
8 143946468 0 1 0 1 12 13 53 60 25 113
8 143983700 0 1 0 1 19 13 55 71 32 126
8 144052085 0 1 0 1 27 35 128 132 62 260
8 144056120 0 1 0 0 2 17 0 119 19 119
8 144085105 0 1 0 1 21 22 97 67 43 164
8 144099930 0 1 0 0 2 23 0 108 25 108
8 144116142 0 1 0 1 8 9 35 41 17 76
8 144125845 0 1 0 1 2 12 8 21 14 29
8 144125850 0 1 0 1 2 14 4 36 16 40
8 144125862 0 1 0 1 6 9 8 50 15 58
8 144125866 0 1 0 1 4 13 21 34 17 55
8 144125875 0 1 0 1 7 8 29 33 15 62
8 144125892 0 1 0 1 3 10 8 56 13 64
8 144125896 0 1 0 1 6 6 26 32 12 58
8 144125905 0 1 0 1 3 8 16 26 11 42
8 144241355 0 1 0 1 7 8 22 25 15 47
8 144242695 0 1 0 0 2 21 0 102 23 102
8 144260415 0 1 0 1 9 9 21 33 18 54
8 144354164 0 1 0 1 34 44 150 145 78 295
8 144354169 0 1 0 1 32 42 149 132 74 281
8 144354339 0 1 0 1 13 23 86 68 36 154
8 144354636 0 1 0 1 18 27 99 79 45 178
8 144356271 0 1 0 1 13 58 71 264 71 335
8 144356272 0 1 0 1 13 58 72 259 71 331
8 144356276 0 1 0 1 15 57 75 253 72 328
8 144356283 0 1 0 1 16 61 87 255 77 342
8 144356290 0 1 0 1 15 59 86 237 74 323
8 144356293 0 1 0 1 15 47 91 177 62 268
8 144356294 0 1 0 1 16 46 92 175 62 267
8 144357324 0 1 0 1 14 10 61 55 24 116
8 144357897 0 1 0 1 12 20 53 78 32 131
8 144359179 0 1 0 1 14 22 85 83 36 168
8 144379425 0 1 0 1 43 50 157 196 93 353
8 144390576 0 1 0 1 11 12 45 30 23 75
8 144393094 0 1 0 1 12 11 49 48 23 97
8 144393097 0 1 0 1 10 10 49 43 20 92
8 144393647 0 1 0 1 19 18 103 63 37 166
8 144395081 0 1 0 1 32 34 174 146 66 320
8 144397708 0 1 0 1 34 22 150 138 56 288
8 144397883 0 1 0 1 39 50 193 207 89 400
8 144398231 0 1 0 1 7 9 26 38 16 64
8 144398573 0 1 0 1 66 55 253 281 121 534
8 144399250 0 1 0 1 24 32 114 114 56 228
8 144399893 0 1 0 1 31 27 143 123 58 266
8 144400144 0 1 0 1 3 14 11 64 17 75
8 144413936 0 1 0 1 22 25 105 108 47 213
8 144414342 0 1 0 1 21 24 89 106 45 195
8 144415944 0 1 0 1 19 21 84 87 40 171
8 144416180 0 1 0 1 18 27 128 132 45 260
8 144425879 0 1 0 1 9 5 44 49 14 93
8 144427027 0 1 0 0 10 19 2 107 29 109
8 144431275 0 1 0 1 8 4 22 13 12 35
8 144432135 0 1 0 1 8 8 18 15 16 33
8 144432205 0 1 0 1 12 17 51 68 29 119
8 144435450 0 1 0 1 26 27 115 127 53 242
8 144435937 0 1 0 1 23 20 93 85 43 178
8 144436292 0 1 0 1 21 34 110 116 55 226
8 144436994 0 1 0 1 63 66 247 243 129 490
8 144438431 0 1 0 1 6 14 56 73 20 129
8 144440024 0 1 0 1 10 9 46 48 19 94
8 144440316 0 1 0 1 35 33 142 170 68 312
8 144440378 0 1 0 1 35 31 173 156 66 329
8 144443060 0 1 0 1 27 18 88 82 45 170
8 144443098 0 1 0 1 37 30 143 130 67 273
8 144444240 0 1 0 0 2 21 0 79 23 79
8 144466325 0 1 0 0 2 7 0 62 9 62
8 144466532 0 1 0 1 10 10 91 52 20 143
8 144467379 0 1 0 1 41 35 181 181 76 362
8 144474629 0 1 0 0 2 19 0 91 21 91
8 144498036 0 1 0 1 4 12 49 50 16 99
8 144498602 0 1 0 0 2 22 0 98 24 98
8 144498892 0 1 0 1 35 43 171 213 78 384
8 144504344 0 1 0 1 42 28 154 169 70 323
8 144505286 0 1 0 1 45 28 145 161 73 306
8 144511657 0 1 0 1 25 39 143 161 64 304
8 144511903 0 1 0 1 42 54 175 192 96 367
8 144512131 0 1 0 1 45 32 152 153 77 305
8 144512433 0 1 0 1 45 52 170 192 97 362
8 144514540 0 1 0 1 42 44 160 159 86 319
8 144515746 0 1 0 1 20 36 110 97 56 207
8 144516318 0 1 0 1 29 35 122 110 64 232
8 144516381 0 1 0 1 35 36 144 125 71 269
8 144517495 0 1 0 1 23 24 66 76 47 142
8 144522536 0 1 0 1 25 31 127 111 56 238
8 144524754 0 1 0 1 21 21 83 79 42 162
8 144530786 0 1 0 1 19 22 80 102 41 182
8 144545812 0 1 0 0 2 12 0 68 14 68
8 144545827 0 1 0 1 8 4 27 30 12 57
8 144555766 0 1 0 0 2 12 0 80 14 80
8 144605286 0 1 0 0 2 14 0 55 16 55
8 144774710 0 1 0 1 4 8 17 24 12 41
8 144778182 0 1 0 1 15 19 107 97 34 204
8 144791647 0 1 0 1 7 4 29 44 11 73
8 144809973 0 1 0 1 8 5 35 29 13 64
8 144829318 0 1 0 1 5 6 36 41 11 77
8 144830767 0 1 0 1 6 4 20 17 10 37
8 144837597 0 1 0 1 9 8 26 21 17 47
8 144841669 0 1 0 1 32 33 127 118 65 245
8 144842937 0 1 0 1 13 10 55 74 23 129
8 144845876 0 1 0 1 6 4 26 17 10 43
8 144851323 0 1 0 1 42 36 163 169 78 332
8 144880532 0 1 0 1 5 10 25 22 15 47
8 144931718 0 1 0 1 11 14 81 89 25 170
8 144945893 0 1 0 1 11 12 57 69 23 126
8 144977000 0 1 0 1 9 8 43 59 17 102
8 144977036 0 1 0 1 6 7 42 54 13 96
8 144977460 0 1 0 1 5 11 26 35 16 61
8 144977960 0 1 0 1 21 22 80 95 43 175
8 144978026 0 1 0 1 22 31 91 109 53 200
8 144993055 0 1 0 1 27 26 100 113 53 213
8 144993123 0 1 0 1 18 15 60 57 33 117
8 144994545 0 1 0 1 20 21 74 74 41 148
8 144994625 0 1 0 1 20 19 89 92 39 181
8 144995060 0 1 0 1 40 47 207 223 87 430
8 144996522 0 1 0 0 2 10 0 67 12 67
8 144999726 0 1 0 1 18 15 64 88 33 152
8 144999894 0 1 0 1 7 5 17 25 12 42
8 145003004 0 1 0 1 8 9 36 41 17 77
8 145003236 0 1 0 1 50 47 194 205 97 399
8 145003393 0 1 0 1 47 43 185 172 90 357
8 145052614 0 1 0 1 15 18 78 72 33 150
