chr pos bloodGT1 bloodGT2 tumorGT1 tumorGT2 AN BN AT BT sN sT
X 288616 0 1 0 1 18 23 154 81 41 235
X 288706 0 1 0 1 43 41 185 355 84 540
X 290784 0 1 0 1 16 12 76 116 28 192
X 291767 0 1 0 1 9 10 66 47 19 113
X 305038 0 1 0 1 17 7 56 115 24 171
X 311662 0 1 0 1 16 22 50 139 38 189
X 312114 0 1 0 1 47 70 327 335 117 662
X 312128 0 1 0 1 16 117 113 691 133 804
X 312144 0 1 0 1 57 101 228 750 158 978
X 312212 0 1 0 1 21 169 155 855 190 1010
X 312225 0 1 0 1 50 75 294 405 125 699
X 313936 0 1 0 1 2 9 8 72 11 80
X 314364 0 1 0 1 14 10 54 107 24 161
X 314458 0 1 0 1 6 8 15 26 14 41
X 323643 0 1 0 1 5 3 33 15 8 48
X 323732 0 1 0 1 2 9 17 50 11 67
X 334334 0 1 0 1 11 4 35 95 15 130
X 334397 0 1 0 1 12 22 61 168 34 229
X 334496 0 1 0 1 29 29 135 246 58 381
X 334705 0 1 0 1 7 8 36 50 15 86
X 338746 0 1 0 1 38 34 330 176 72 506
X 338766 0 1 0 1 47 41 390 194 88 584
X 339058 0 1 0 1 4 8 35 22 12 57
X 341007 0 1 0 1 13 12 133 75 25 208
X 341039 0 1 0 1 10 9 89 53 19 142
X 341404 0 1 0 1 20 24 164 103 44 267
X 341688 0 1 0 1 7 3 30 19 10 49
X 342008 0 1 0 1 16 15 147 62 31 209
X 345249 0 1 0 1 24 24 193 85 48 278
X 345321 0 1 0 1 20 15 190 86 35 276
X 345337 0 1 0 1 16 20 91 224 36 315
X 346316 0 1 0 0 2 18 0 135 20 135
X 346642 0 1 0 1 17 15 146 83 32 229
X 346676 0 1 0 1 33 24 264 146 57 410
X 346993 0 1 0 1 14 8 142 57 22 199
X 359845 0 1 0 1 16 15 75 151 31 226
X 361331 0 1 0 1 18 17 78 169 35 247
X 361426 0 1 0 1 51 56 217 424 107 641
X 361458 0 1 0 1 57 79 277 602 136 879
X 361600 0 1 0 1 48 67 254 459 115 713
X 363395 0 1 0 1 2 7 7 26 9 33
X 363400 0 1 0 1 5 4 10 21 9 31
X 363440 0 1 0 1 4 6 4 27 10 31
X 363453 0 1 0 1 3 9 4 37 12 41
X 363460 0 1 0 1 5 7 13 23 12 36
X 363469 0 1 0 1 3 9 3 26 12 29
X 585182 0 1 0 1 28 28 193 115 56 308
X 585189 0 1 0 1 32 30 222 135 62 357
X 631804 0 1 0 1 16 22 138 80 38 218
X 649980 0 1 0 1 12 14 120 63 26 183
X 1198547 0 1 0 1 48 41 388 185 89 573
X 1198742 0 1 0 1 30 13 21 184 43 205
X 1294097 0 1 0 1 5 5 27 51 10 78
X 1294564 0 1 0 1 12 9 47 58 21 105
X 1295332 0 1 0 1 17 18 72 121 35 193
X 1304050 0 1 0 1 13 13 70 122 26 192
X 1348613 0 1 0 1 8 19 51 94 27 145
X 1365159 0 1 0 0 2 9 0 123 11 123
X 1412665 0 1 0 1 31 21 211 99 52 310
X 1412755 0 1 0 1 39 54 406 193 93 599
X 1439252 0 1 0 1 5 11 31 67 16 98
X 1594128 0 1 0 1 48 54 182 456 102 638
X 1594275 0 1 0 1 8 12 42 78 20 120
X 1599467 0 1 0 1 29 22 128 277 51 405
X 1599754 0 1 0 1 12 8 48 92 20 140
X 1615493 0 1 0 1 6 8 14 44 14 58
X 1627643 0 1 0 1 9 9 60 46 18 106
X 1629688 0 1 0 1 5 6 63 23 11 86
X 1636343 0 1 0 1 26 26 159 85 52 244
X 1636511 0 1 0 1 37 33 140 314 70 454
X 2221145 0 1 0 1 14 15 136 57 29 193
X 2243088 0 1 0 1 28 26 87 260 54 347
X 2291631 0 1 0 1 11 12 55 99 23 154
X 2291634 0 1 0 1 12 10 99 52 22 151
X 2320516 0 1 0 1 4 15 16 34 19 50
X 2408681 0 1 0 1 2 11 21 54 13 75
X 2408741 0 1 0 1 2 11 20 58 13 78
X 2609119 0 1 0 0 2 15 0 146 17 146
X 2691502 0 1 0 1 18 20 152 74 38 226
X 2691942 0 1 0 1 21 20 216 113 41 329
X 2691984 0 1 0 1 12 16 73 142 28 215
X 2714417 0 1 0 0 3 29 0 208 32 208
X 2717448 0 1 0 1 4 6 25 12 10 37
X 2723161 0 1 0 1 24 21 175 97 45 272
X 2727325 0 1 0 1 19 24 184 81 43 265
X 2740657 0 1 0 1 18 9 51 144 27 195
X 2740742 0 1 0 1 32 27 137 294 59 431
X 2740759 0 1 0 1 35 31 150 306 66 456
X 2770410 0 1 0 1 6 13 88 38 19 126
X 2770501 0 1 0 1 35 32 213 106 67 319
X 2770825 0 1 0 1 12 6 65 28 18 93
X 2775026 0 1 0 1 6 5 23 12 11 35
X 2781927 0 1 0 1 11 22 66 129 33 195
X 2781986 0 1 0 1 26 31 125 230 57 355
X 2782116 0 1 0 1 34 30 265 160 64 425
X 2782161 0 1 0 1 21 15 165 97 36 262
X 2811240 0 1 1 1 7 4 41 13 11 54
X 2830010 0 1 0 1 9 16 130 57 25 187
X 2830251 0 1 0 1 12 14 139 67 26 206
X 2843009 0 1 0 1 15 7 52 71 22 123
X 2854234 0 1 0 1 12 15 105 78 27 183
X 2856659 0 1 0 1 7 19 115 71 26 186
X 2859944 0 1 0 1 28 24 250 111 52 361
X 2861529 0 1 0 1 11 16 142 62 27 204
X 2898041 0 1 0 1 17 15 109 60 32 169
X 2907362 0 1 0 1 42 47 441 247 89 688
X 2907686 0 1 0 1 13 11 73 103 24 176
X 2907713 0 1 0 1 10 10 69 67 20 136
X 2907737 0 1 0 1 7 6 65 58 13 123
X 2908667 0 1 0 1 36 26 289 129 62 418
X 2914698 0 1 0 1 35 33 219 104 68 323
X 2917996 0 1 0 1 33 36 166 314 69 480
X 2918471 0 1 0 0 2 12 0 50 14 50
X 2935242 0 1 0 1 17 29 171 92 46 263
X 2938095 0 1 0 0 2 16 0 136 18 136
X 2952970 0 1 0 1 8 5 27 62 13 89
X 2959794 0 1 0 1 7 5 25 60 12 85
X 3100914 0 1 0 0 2 9 0 37 11 37
X 3310370 0 1 0 1 52 71 506 243 123 749
X 3310850 0 1 0 1 42 40 393 181 82 574
X 3317683 0 1 0 1 34 53 509 231 87 740
X 3320126 0 1 0 1 17 19 132 70 36 202
X 3320692 0 1 0 1 34 31 311 174 65 485
X 3321504 0 1 0 1 21 27 188 118 48 306
X 3322302 0 1 0 1 36 56 362 192 92 554
X 3323009 0 1 0 1 28 32 186 101 60 287
X 3323215 0 1 0 1 33 39 257 117 72 374
X 3323243 0 1 0 1 34 37 248 119 71 367
X 3323276 0 1 0 1 28 39 240 106 67 346
X 3323750 0 1 0 1 39 40 320 165 79 485
X 3612153 0 1 0 1 22 10 45 107 32 152
X 3674806 0 1 0 1 42 57 153 339 99 492
X 3713126 0 1 0 1 20 7 80 189 27 269
X 3717498 0 1 0 1 4 7 7 26 11 33
X 3717514 0 1 0 1 5 7 7 31 12 38
X 3817691 0 1 0 1 17 15 95 43 32 138
X 3818448 0 1 0 1 20 26 190 97 46 287
X 3818630 0 1 0 1 7 8 88 33 15 121
X 3829044 0 1 0 1 6 6 61 33 12 94
X 3829331 0 1 1 1 12 8 111 23 20 134
X 3829333 0 1 0 1 9 12 22 109 21 131
X 4773521 0 1 0 1 5 8 27 76 13 103
X 5306825 0 1 0 0 2 15 0 114 17 114
X 5902920 0 1 0 1 15 23 204 100 38 304
X 6533655 0 1 0 1 7 59 121 432 66 553
X 6533750 0 1 0 1 19 99 112 806 118 918
X 6533823 0 1 0 1 24 58 136 485 82 621
X 7057711 0 1 0 1 22 29 207 114 51 321
X 7077376 0 1 0 1 51 45 187 392 96 579
X 7077397 0 1 0 1 55 50 203 372 105 575
X 7077496 0 1 0 1 25 31 226 123 56 349
X 7105637 0 1 0 1 5 14 36 82 19 118
X 7117153 0 1 0 0 2 13 0 147 15 147
X 7259937 0 1 0 1 6 7 35 55 13 90
X 7349800 0 1 0 1 15 20 150 77 35 227
X 7691752 0 1 0 0 2 12 0 102 14 102
X 7843218 0 1 0 1 4 11 34 71 15 105
X 7843463 0 1 0 1 4 7 17 46 11 63
X 7843545 0 1 0 1 2 8 5 51 10 56
X 7843604 0 1 0 1 6 13 45 49 19 94
X 7843706 0 1 0 1 7 35 113 176 42 289
X 7843976 0 1 0 1 23 49 137 189 72 326
X 7844011 0 1 0 1 11 58 147 244 69 391
X 7922174 0 1 0 1 23 23 148 76 46 224
X 8169931 0 1 0 1 8 7 19 58 15 77
X 8169989 0 1 0 1 26 37 82 225 63 307
X 8170141 0 1 0 1 12 7 98 56 19 154
X 8466215 0 1 0 1 7 48 67 255 55 322
X 8466326 0 1 0 1 41 63 320 286 104 606
X 8466378 0 1 0 1 10 83 70 470 93 540
X 8466391 0 1 0 1 19 53 147 319 72 466
X 8466473 0 1 0 1 11 32 64 175 43 239
X 8466481 0 1 0 1 8 28 58 135 36 193
X 8533079 0 1 0 1 20 8 41 115 28 156
X 9025630 0 1 0 1 5 10 27 62 15 89
X 9082483 0 1 0 0 2 17 0 89 19 89
X 9403212 0 1 0 0 2 21 0 92 23 92
X 9405731 0 1 0 1 8 3 21 17 11 38
X 9411852 0 1 0 1 7 4 25 14 11 39
X 9691726 0 1 0 1 36 31 161 326 67 487
X 9691823 0 1 0 1 19 16 85 169 35 254
X 9693035 0 1 0 1 25 14 87 140 39 227
X 9693070 0 1 0 1 27 21 102 187 48 289
X 9693125 0 1 0 1 35 44 150 323 79 473
X 9693506 0 1 0 1 8 13 31 78 21 109
X 9697328 0 1 0 1 17 21 62 200 38 262
X 9743555 0 1 0 1 19 9 52 72 28 124
X 9760704 0 1 0 1 13 17 52 101 30 153
X 9760961 0 1 0 1 7 3 55 22 10 77
X 9933015 0 1 0 1 7 4 39 80 11 119
X 9946627 0 1 0 1 20 20 97 186 40 283
X 9946907 0 1 0 1 14 30 94 200 44 294
X 9949647 0 1 0 1 10 9 37 54 19 91
X 9967486 0 1 0 1 58 61 243 465 119 708
X 9967804 0 1 0 1 40 48 138 333 88 471
X 10117634 0 1 0 1 48 43 200 334 91 534
X 10125258 0 1 0 1 23 22 107 206 45 313
X 11139598 0 1 0 0 2 20 0 183 22 183
X 11294907 0 1 0 1 24 34 106 265 58 371
X 11298622 0 1 0 1 22 25 97 215 47 312
X 11318816 0 1 0 1 16 25 89 198 41 287
X 11704096 0 1 0 0 2 10 0 86 12 86
X 11772652 0 1 0 0 2 14 0 107 16 107
X 12702107 0 1 0 1 15 23 170 64 38 234
X 12721175 0 1 0 1 48 65 217 536 113 753
X 12809970 0 1 0 1 9 4 22 32 13 54
X 12819320 0 1 0 1 8 11 55 95 19 150
X 12819370 0 1 0 1 25 22 170 84 47 254
X 12867459 0 1 0 1 22 20 152 76 42 228
X 12906578 0 1 0 1 12 22 81 178 34 259
X 12906707 0 1 0 1 14 29 91 211 43 302
X 12919685 0 1 0 1 27 27 230 137 54 367
X 12920993 0 1 0 1 37 29 224 103 66 327
X 12922256 0 1 0 1 6 5 44 26 11 70
X 12975392 0 1 0 1 17 25 79 163 42 242
X 13379324 0 1 0 1 8 34 24 230 42 254
X 13570173 0 1 0 1 4 5 62 25 9 87
X 13716420 0 1 0 1 33 44 250 110 77 360
X 13768001 0 1 0 1 23 21 98 166 44 264
X 13785841 0 1 0 1 21 41 233 138 62 371
X 13816977 0 1 0 1 5 5 40 23 10 63
X 14609022 0 1 0 1 30 29 188 103 59 291
X 14916362 0 1 0 0 2 19 0 145 21 145
X 15252471 0 1 0 1 20 20 176 108 40 284
X 15283411 0 1 0 1 15 14 76 132 29 208
X 15283844 0 1 0 1 6 8 18 24 14 42
X 15335567 0 1 0 1 9 11 63 28 20 91
X 15352963 0 1 0 1 7 6 49 34 13 83
X 15355347 0 1 0 1 3 8 32 19 11 51
X 15363299 0 1 0 1 12 8 93 54 20 147
X 15384908 0 1 0 1 37 29 196 128 66 324
X 15390297 0 1 0 1 12 10 44 90 22 134
X 15479911 0 1 0 1 11 24 56 132 35 188
X 15509426 0 1 0 0 2 20 0 101 22 101
X 15534441 0 1 0 1 4 11 31 92 15 123
X 15688707 0 1 0 1 15 16 51 102 31 153
X 15693086 0 1 0 1 31 45 74 269 76 343
X 15764505 0 1 0 0 2 23 0 136 25 136
X 15776641 0 1 0 1 7 4 39 40 11 79
X 15782477 0 1 0 1 13 14 57 152 27 209
X 15782628 0 1 0 1 25 30 110 233 55 343
X 15799840 0 1 0 1 11 12 46 108 23 154
X 15809401 0 1 0 1 9 15 59 131 24 190
X 15818355 0 1 0 1 6 7 20 46 13 66
X 15820573 0 1 0 0 2 17 0 127 19 127
X 16123923 0 1 0 0 2 20 0 176 22 176
X 16150344 0 1 0 1 26 33 294 171 59 465
X 16150554 0 1 0 1 26 33 289 151 59 440
X 16171547 0 1 0 1 20 11 124 57 31 181
X 16171593 0 1 0 1 12 8 80 35 20 115
X 16474401 0 1 0 1 14 11 86 47 25 133
X 16828346 0 1 0 1 18 13 62 104 31 166
X 16829642 0 1 0 1 29 29 130 257 58 387
X 16832463 0 1 0 1 8 5 41 68 13 109
X 16834204 0 1 0 1 5 9 22 60 14 82
X 16841505 0 1 0 1 47 33 133 277 80 410
X 16858857 0 1 0 1 19 25 67 169 44 236
X 16869532 0 1 0 1 48 39 352 149 87 501
X 17052565 0 1 0 1 8 6 72 31 14 103
X 17062369 0 1 0 1 12 8 50 32 20 82
X 17069835 0 1 0 0 2 13 0 93 15 93
X 17074029 0 1 0 1 10 19 102 55 29 157
X 17103979 0 1 0 1 11 7 61 24 18 85
X 17139025 0 1 1 1 7 4 48 14 11 62
X 17728602 0 1 1 1 15 14 99 28 29 127
X 17728865 0 1 0 1 13 16 117 61 29 178
X 17769154 0 1 0 0 2 15 0 112 17 112
X 17769180 0 1 0 0 2 17 0 118 19 118
X 18212595 0 1 0 1 18 29 87 158 47 245
X 18247712 0 1 0 1 16 22 56 131 38 187
X 18323914 0 1 0 1 37 27 100 243 64 343
X 18333951 0 1 0 1 7 9 34 70 16 104
X 18647533 0 1 0 0 2 9 0 52 11 52
X 18761603 0 1 0 1 22 20 61 130 42 191
X 18806676 0 1 0 1 18 12 52 89 30 141
X 18806727 0 1 0 1 7 7 25 40 14 65
X 18825894 0 1 0 1 8 29 67 135 37 202
X 18926514 0 1 0 1 30 28 109 177 58 286
X 18948577 0 1 0 1 5 10 39 64 15 103
X 19040287 0 1 0 1 10 14 24 62 24 86
X 19395239 0 1 0 0 2 22 0 157 24 157
X 19410044 0 1 0 0 2 18 0 150 20 150
X 19514976 0 1 0 0 2 22 0 151 24 151
X 19536531 0 1 0 1 29 38 227 152 67 379
X 19645647 0 1 0 0 2 23 0 137 25 137
X 19683590 0 1 0 0 2 12 0 79 14 79
X 19707206 0 1 0 1 11 9 79 39 20 118
X 19917459 0 1 0 1 21 19 136 81 40 217
X 19929948 0 1 0 0 2 20 0 177 22 177
X 20049761 0 1 0 1 24 14 136 87 38 223
X 20052706 0 1 0 1 17 31 107 238 48 345
X 20052928 0 1 0 1 29 37 298 158 66 456
X 20116862 0 1 0 1 12 10 108 38 22 146
X 20136228 0 1 0 1 10 4 51 23 14 74
X 20186343 0 1 0 1 14 16 105 64 30 169
X 20187738 0 1 0 1 7 13 82 35 20 117
X 21967425 0 1 0 1 17 29 151 86 46 237
X 21985112 0 1 0 1 11 8 62 27 19 89
X 22032916 0 1 0 1 10 9 38 66 19 104
X 22047004 0 1 0 1 11 11 117 62 22 179
X 22098111 0 1 0 1 3 6 36 42 9 78
X 22098112 0 1 0 1 6 6 45 38 12 83
X 22168660 0 1 0 1 8 6 31 58 14 89
X 22212858 0 1 0 1 10 8 45 76 18 121
X 22221603 0 1 0 1 12 9 35 70 21 105
X 22436190 0 1 0 1 10 9 38 61 19 99
X 22436420 0 1 0 1 20 23 82 133 43 215
X 23380097 0 1 0 1 32 43 156 315 75 471
X 23667847 0 1 0 1 29 25 287 130 54 417
X 23671519 0 1 0 1 28 34 184 105 62 289
X 23671520 0 1 0 1 28 34 183 104 62 287
X 23679368 0 1 0 1 7 10 57 28 17 85
X 23705267 0 1 0 1 10 11 25 57 21 82
X 23707928 0 1 0 0 2 21 0 112 23 112
X 23721740 0 1 0 1 7 11 51 39 18 90
X 23743005 0 1 0 1 19 16 143 78 35 221
X 23743269 0 1 0 1 8 11 47 85 19 132
X 23743331 0 1 0 1 4 6 25 56 10 81
X 23840335 0 1 0 1 7 4 46 79 11 125
X 23878886 0 1 0 1 13 18 65 110 31 175
X 23880829 0 1 0 1 10 6 34 69 16 103
X 23910372 0 1 0 1 25 38 204 128 63 332
X 24172860 0 1 0 1 32 30 130 245 62 375
X 24173043 0 1 0 1 4 6 21 56 10 77
X 24363270 0 1 0 1 52 69 432 243 121 675
X 24363907 0 1 0 1 68 73 257 509 141 766
X 24364312 0 1 0 0 9 57 7 399 66 406
X 24364675 0 1 0 1 28 29 250 120 57 370
X 24495079 0 1 0 1 6 9 23 48 15 71
X 24826582 0 1 0 1 32 31 267 146 63 413
X 25029576 0 1 0 1 3 17 31 73 20 104
X 25029784 0 1 0 1 4 10 20 99 14 119
X 25646046 0 1 0 1 2 8 32 44 10 76
X 27747291 0 1 0 0 4 27 0 118 31 118
X 28789325 0 1 0 1 9 12 35 104 21 139
X 28789355 0 1 0 1 10 15 49 140 25 189
X 30218541 0 1 0 1 10 9 24 67 19 91
X 30218886 0 1 0 1 25 32 100 219 57 319
X 30305799 0 1 0 1 25 26 84 169 51 253
X 30308866 0 1 0 1 42 46 196 374 88 570
X 30695332 0 1 0 0 2 10 0 97 12 97
X 31657979 0 1 0 1 10 22 109 60 32 169
X 31679519 0 1 0 1 42 39 164 322 81 486
X 31836665 0 1 0 1 28 29 104 185 57 289
X 32485077 0 1 0 1 22 37 186 108 59 294
X 32595986 0 1 0 1 9 6 60 26 15 86
X 32595999 0 1 0 1 6 5 48 19 11 67
X 32809348 0 1 0 1 6 10 51 26 16 77
X 34801564 0 1 0 0 2 8 0 56 10 56
X 34944792 0 1 0 1 23 22 83 209 45 292
X 35059622 0 1 0 1 9 14 50 80 23 130
X 35059706 0 1 0 1 11 11 34 92 22 126
X 35762260 0 1 0 1 7 9 39 60 16 99
X 35800608 0 1 0 0 2 19 0 142 21 142
X 36957889 0 1 0 0 2 14 0 76 16 76
X 37841307 0 1 0 0 2 17 0 104 19 104
X 37841755 0 1 0 1 12 5 30 80 17 110
X 37847358 0 1 0 0 2 8 0 54 10 54
X 38122042 0 1 0 0 5 17 1 98 22 99
X 38122046 0 1 0 0 3 19 1 113 22 114
X 38149868 0 1 0 1 25 25 192 135 50 327
X 38221450 0 1 0 1 39 36 336 181 75 517
X 38273375 0 1 0 1 21 17 79 196 38 275
X 38298940 0 1 0 1 8 10 48 65 18 113
X 38299037 0 1 0 1 22 21 153 86 43 239
X 38318766 0 1 0 1 33 26 279 115 59 394
X 38655915 0 1 0 1 24 22 70 113 46 183
X 40049780 0 1 0 1 19 11 45 103 30 148
X 40052404 0 1 0 1 14 15 64 138 29 202
X 40580777 0 1 0 0 2 21 0 107 23 107
X 40647268 0 1 0 1 2 10 9 75 12 84
X 40655070 0 1 0 1 22 13 78 195 35 273
X 40697240 0 1 0 1 24 20 140 66 44 206
X 40712161 0 1 0 1 19 19 180 87 38 267
X 40713905 0 1 0 1 17 19 120 86 36 206
X 40729350 0 1 0 1 3 9 6 58 12 64
X 40831989 0 1 0 0 2 16 0 91 18 91
X 40832943 0 1 0 0 2 13 0 110 15 110
X 41472177 0 1 0 1 12 12 82 46 24 128
X 41523748 0 1 0 1 14 6 98 56 20 154
X 41695561 0 1 0 1 18 17 72 111 35 183
X 41727965 0 1 0 1 20 21 76 119 41 195
X 43731789 0 1 0 1 14 24 107 243 38 350
X 43736181 0 1 0 1 12 15 74 174 27 248
X 43741895 0 1 0 1 10 7 42 72 17 114
X 43742116 0 1 0 1 29 34 114 216 63 330
X 43744144 0 1 0 1 30 48 158 337 78 495
X 44633656 0 1 0 1 9 17 184 89 26 273
X 44634848 0 1 0 1 30 40 280 139 70 419
X 44634907 0 1 0 1 41 30 152 259 71 411
X 44635721 0 1 0 1 34 35 246 164 69 410
X 44741495 0 1 0 1 24 24 84 197 48 281
X 44741819 0 1 0 1 9 4 29 81 13 110
X 45011172 0 1 0 1 11 6 76 42 17 118
X 45191728 0 1 0 1 6 10 44 79 16 123
X 45191866 0 1 0 1 21 36 129 241 57 370
X 45381577 0 1 0 1 14 7 42 92 21 134
X 45381602 0 1 0 1 13 8 45 89 21 134
X 45381760 0 1 0 1 10 10 70 154 20 224
X 45951900 0 1 0 1 11 16 67 46 27 113
X 46288957 0 1 0 1 11 9 37 76 20 113
X 46457130 0 1 0 0 2 11 0 74 13 74
X 46531056 0 1 0 1 15 33 88 176 48 264
X 46531261 0 1 0 0 2 16 0 125 18 125
X 46607325 0 1 0 1 13 17 147 58 30 205
X 46607370 0 1 0 1 8 11 103 43 19 146
X 46613231 0 1 0 1 13 7 75 29 20 104
X 46613391 0 1 0 1 36 31 197 109 67 306
X 46758886 0 1 0 1 15 11 120 59 26 179
X 47024648 0 1 0 1 24 27 187 79 51 266
X 47084756 0 1 0 1 9 6 16 55 15 71
X 47090004 0 1 0 1 19 10 64 140 29 204
X 47092820 0 1 0 1 12 12 49 112 24 161
X 47181235 0 1 0 1 11 10 133 52 21 185
X 47201445 0 1 0 1 40 64 371 184 104 555
X 47205787 0 1 0 1 6 5 54 34 11 88
X 47226948 0 1 0 1 50 55 244 431 105 675
X 47370510 0 1 0 1 27 44 142 274 71 416
X 47370536 0 1 0 1 34 48 151 291 82 442
X 47388811 0 1 0 0 2 18 0 157 20 157
X 47410117 0 1 0 1 24 14 64 145 38 209
X 47513567 0 1 0 1 9 4 24 31 13 55
X 47570766 0 1 0 1 17 19 142 81 36 223
X 47571058 0 1 0 1 29 24 210 105 53 315
X 47571216 0 1 0 1 3 20 35 87 23 122
X 47571218 0 1 0 1 3 19 33 94 22 127
X 47571222 0 1 0 1 13 23 106 137 36 243
X 47571224 0 1 0 1 14 23 127 119 37 246
X 47585480 0 1 0 1 32 31 239 113 63 352
X 47585586 0 1 0 1 45 31 304 157 76 461
X 47585887 0 1 0 1 45 61 379 223 106 602
X 47586369 0 1 0 0 2 13 0 125 15 125
X 47606962 0 1 1 1 9 11 102 33 20 135
X 47624401 0 1 0 1 34 33 285 137 67 422
X 47624526 0 1 0 1 10 11 82 50 21 132
X 47625846 0 1 0 1 15 11 57 117 26 174
X 47627087 0 1 0 1 44 37 274 176 81 450
X 47628517 0 1 0 1 22 27 190 92 49 282
X 47657994 0 1 0 1 10 11 63 53 21 116
X 47798647 0 1 0 1 26 28 119 220 54 339
X 47803573 0 1 0 1 35 35 153 277 70 430
X 47803801 0 1 0 1 35 28 145 300 63 445
X 47804589 0 1 0 1 60 36 197 387 96 584
X 47836148 0 1 0 1 22 22 110 211 44 321
X 47895711 0 1 1 1 6 7 97 27 13 124
X 48060476 0 1 0 1 19 14 54 118 33 172
X 48111458 0 1 0 1 12 12 79 64 24 143
X 48131539 0 1 1 1 5 9 55 18 14 73
X 48212868 0 1 0 1 20 43 89 278 63 367
X 48212875 0 1 0 1 22 42 92 282 64 374
X 48212992 0 1 0 1 13 24 59 184 37 243
X 48214489 0 1 0 1 21 38 80 189 59 269
X 48216954 0 1 0 1 11 14 47 103 25 150
X 48217132 0 1 0 1 3 7 17 27 10 44
X 48217512 0 1 0 1 4 7 24 54 11 78
X 48243669 0 1 0 1 16 27 115 236 43 351
X 48257137 0 1 0 0 2 17 0 228 19 228
X 48433286 0 1 0 1 26 29 247 109 55 356
X 48442436 0 1 0 0 2 10 0 54 12 54
X 48447667 0 1 0 1 3 12 9 55 15 64
X 48459000 0 1 0 1 43 57 377 211 100 588
X 48461915 0 1 0 1 30 34 115 280 64 395
X 48467829 0 1 0 1 32 28 125 200 60 325
X 48481597 0 1 0 1 46 47 502 224 93 726
X 48511231 0 1 0 1 2 21 8 83 23 91
X 48802655 0 1 0 0 2 13 0 83 15 83
X 48832006 0 1 0 1 7 7 23 52 14 75
X 48894188 0 1 0 1 21 26 101 231 47 332
X 48894759 0 1 0 1 9 11 49 81 20 130
X 48901927 0 1 0 1 39 25 265 128 64 393
X 48903516 0 1 0 1 35 41 324 130 76 454
X 48906204 0 1 0 1 13 15 75 136 28 211
X 48991085 0 1 0 1 41 72 218 485 113 703
X 49002391 0 1 0 1 19 16 144 83 35 227
X 49030563 0 1 0 1 42 35 136 263 77 399
X 49165479 0 1 0 0 2 11 0 67 13 67
X 49191162 0 1 0 1 5 6 32 61 11 93
X 49212906 0 1 0 1 21 32 116 230 53 346
X 49214353 0 1 0 1 13 18 93 215 31 308
X 49214875 0 1 0 1 2 21 7 65 23 72
X 49215062 0 1 0 1 76 57 512 257 133 769
X 49215504 0 1 0 1 19 20 105 196 39 301
X 49218342 0 1 0 1 14 15 42 100 29 142
X 49221124 0 1 0 1 27 35 131 266 62 397
X 49224829 0 1 0 1 32 37 188 361 69 549
X 49225679 0 1 0 1 12 13 134 77 25 211
X 49226037 0 1 0 1 51 48 424 194 99 618
X 49228030 0 1 0 1 50 46 218 405 96 623
X 49231025 0 1 0 1 34 26 121 243 60 364
X 49237061 0 1 0 1 40 42 172 333 82 505
X 49242165 0 1 0 1 21 14 75 122 35 197
X 49246763 0 1 0 1 14 17 62 139 31 201
X 49248354 0 1 0 1 9 10 30 60 19 90
X 49249149 0 1 0 1 40 41 144 341 81 485
X 49258971 0 1 0 0 2 23 0 123 25 123
X 49259429 0 1 0 1 4 9 18 50 13 68
X 49305608 0 1 0 1 10 17 38 151 27 189
X 49323172 0 1 0 1 33 35 98 198 68 296
X 49323219 0 1 0 1 38 40 90 200 78 290
X 49323232 0 1 0 1 40 43 93 181 83 274
X 49323240 0 1 0 1 39 41 106 194 80 300
X 49323276 0 1 0 1 32 31 79 170 63 249
X 49332720 0 1 0 1 17 172 110 830 189 940
X 49332763 0 1 0 1 3 11 7 57 14 64
X 49332768 0 1 0 1 14 11 57 49 25 106
X 49343691 0 1 0 0 2 10 0 88 12 88
X 49345978 0 1 0 1 62 34 221 240 96 461
X 49346325 0 1 0 1 13 47 69 184 60 253
X 49346360 0 1 0 1 13 68 46 336 81 382
X 49346447 0 1 0 1 12 73 40 401 85 441
X 49346511 0 1 0 1 8 40 36 170 48 206
X 49590013 0 1 0 1 3 8 8 36 11 44
X 49590633 0 1 0 1 91 593 545 3183 684 3728
X 49590936 0 1 0 1 13 25 40 156 38 196
X 49591026 0 1 0 1 5 18 37 169 23 206
X 49591237 0 1 0 1 18 9 156 63 27 219
X 49591290 0 1 0 1 5 16 14 141 21 155
X 49591469 0 1 0 1 3 10 9 75 13 84
X 49606175 0 1 0 1 6 7 16 35 13 51
X 49606184 0 1 0 1 6 6 12 33 12 45
X 49633024 0 1 0 1 11 10 46 115 21 161
X 50294863 0 1 0 0 2 7 0 74 9 74
X 50371915 0 1 0 0 2 21 0 148 23 148
X 50607674 0 1 0 1 11 23 53 155 34 208
X 50910775 0 1 0 1 30 23 123 249 53 372
X 50911091 0 1 0 1 26 20 54 145 46 199
X 51332808 0 1 0 1 5 7 77 49 12 126
X 51332989 0 1 0 1 15 87 157 595 102 752
X 51333166 0 1 0 1 55 84 279 547 139 826
X 51407589 0 1 0 1 30 44 137 355 74 492
X 51743563 0 1 0 1 18 12 101 53 30 154
X 51894343 0 1 0 0 2 15 0 129 17 129
X 51894375 0 1 0 1 7 11 24 91 18 115
X 51894455 0 1 0 1 8 8 28 74 16 102
X 51898511 0 1 0 1 23 21 89 211 44 300
X 52265693 0 1 0 0 2 19 0 121 21 121
X 52545226 0 1 0 0 2 8 0 79 10 79
X 52652137 0 1 0 1 2 21 15 102 23 117
X 52796724 0 1 0 0 2 12 0 97 14 97
X 52862463 0 1 0 1 3 7 20 29 10 49
X 52862483 0 1 0 1 3 8 22 43 11 65
X 52862484 0 1 0 1 3 9 23 42 12 65
X 52862494 0 1 0 1 7 8 27 53 15 80
X 52862513 0 1 0 1 13 9 40 75 22 115
X 52862536 0 1 0 1 16 13 45 92 29 137
X 52862555 0 1 0 1 21 9 59 72 30 131
X 52862616 0 1 0 1 25 26 87 162 51 249
X 52862624 0 1 0 1 27 26 92 167 53 259
X 52862703 0 1 0 1 16 29 73 147 45 220
X 52862707 0 1 0 1 16 29 72 147 45 219
X 52862709 0 1 0 1 16 26 69 146 42 215
X 52862710 0 1 0 1 16 26 67 146 42 213
X 52862789 0 1 0 1 12 13 42 74 25 116
X 53201956 0 1 0 1 23 20 219 116 43 335
X 53279396 0 1 0 1 19 15 76 140 34 216
X 53539632 0 1 0 1 15 13 54 94 28 148
X 53807792 0 1 0 1 6 6 38 56 12 94
X 53807984 0 1 0 1 11 5 32 31 16 63
X 53962811 0 1 0 0 2 20 0 140 22 140
X 53985419 0 1 0 1 6 5 68 31 11 99
X 54469869 0 1 0 0 2 17 0 116 19 116
X 54470723 0 1 0 0 2 8 0 86 10 86
X 54791269 0 1 0 0 2 14 0 152 16 152
X 54809928 0 1 0 1 20 23 190 84 43 274
X 54810072 0 1 0 1 39 32 247 139 71 386
X 54810907 0 1 0 1 21 18 178 82 39 260
X 54811644 0 1 0 1 41 39 247 126 80 373
X 54811919 0 1 0 1 5 8 79 37 13 116
X 54812004 0 1 0 1 11 10 120 70 21 190
X 54813580 0 1 0 1 26 33 240 157 59 397
X 54815024 0 1 0 1 6 5 38 21 11 59
X 54815304 0 1 0 1 37 41 279 152 78 431
X 54824971 0 1 0 1 4 8 37 26 12 63
X 54924314 0 1 0 1 4 6 62 23 10 85
X 54924334 0 1 0 0 2 11 0 111 13 111
X 54927214 0 1 0 1 15 29 89 207 44 296
X 54930743 0 1 0 1 104 118 477 955 222 1432
X 54998636 0 1 0 0 2 11 0 57 13 57
X 55024561 0 1 0 0 2 21 0 152 23 152
X 55076831 0 1 0 1 14 6 24 38 20 62
X 55221887 0 1 0 1 47 35 142 295 82 437
X 55221943 0 1 0 1 24 24 170 76 48 246
X 55222616 0 1 0 1 24 30 176 88 54 264
X 55260454 0 1 0 1 5 6 22 43 11 65
X 55260598 0 1 0 1 43 45 149 304 88 453
X 56563869 0 1 0 0 2 15 0 125 17 125
X 57679344 0 1 0 1 8 17 126 64 25 190
X 57679722 0 1 0 0 2 14 0 79 16 79
X 62780246 0 1 0 0 2 8 0 113 10 113
X 64045070 0 1 0 1 3 8 18 25 11 43
X 64225882 0 1 0 0 2 14 0 92 16 92
X 65517906 0 1 0 0 2 19 0 131 21 131
X 66162829 0 1 0 1 16 20 148 71 36 219
X 66162843 0 1 0 1 15 17 155 69 32 224
X 66200767 0 1 0 1 18 13 120 52 31 172
X 68064271 0 1 0 1 11 15 116 61 26 177
X 68071640 0 1 0 1 8 6 25 53 14 78
X 68112090 0 1 0 1 11 9 36 53 20 89
X 68432906 0 1 0 1 42 53 333 217 95 550
X 68531860 0 1 0 0 2 23 0 227 25 227
X 68647783 0 1 0 0 2 19 0 134 21 134
X 68840660 0 1 0 1 14 11 168 78 25 246
X 69937556 0 1 0 0 2 11 0 63 13 63
X 69937583 0 1 0 0 2 9 0 68 11 68
X 69937592 0 1 0 0 2 9 0 65 11 65
X 70030458 0 1 0 1 16 29 192 119 45 311
X 70033352 0 1 0 1 30 30 142 307 60 449
X 70041968 0 1 0 1 24 27 178 91 51 269
X 70042600 0 1 0 1 17 10 61 25 27 86
X 70269319 0 1 0 1 15 6 102 53 21 155
X 70445675 0 1 0 1 12 13 102 40 25 142
X 70926184 0 1 0 1 23 18 161 84 41 245
X 70926548 0 1 0 1 25 16 141 71 41 212
X 70926625 0 1 0 1 18 12 98 51 30 149
X 70928701 0 1 0 1 11 12 105 65 23 170
X 70928740 0 1 0 1 10 10 81 50 20 131
X 71016533 0 1 0 1 5 10 70 44 15 114
X 71104307 0 1 0 1 33 32 116 245 65 361
X 71104547 0 1 0 1 14 10 61 100 24 161
X 71104601 0 1 0 0 2 22 0 182 24 182
X 71110746 0 1 0 1 26 40 273 162 66 435
X 71119648 0 1 0 1 26 27 107 211 53 318
X 71120888 0 1 0 1 20 21 78 159 41 237
X 71121319 0 1 0 1 34 30 137 235 64 372
X 71122970 0 1 0 1 34 46 137 285 80 422
X 71123771 0 1 0 1 32 34 118 294 66 412
X 71124481 0 1 0 1 30 20 81 194 50 275
X 71124913 0 1 0 1 34 61 165 475 95 640
X 71125743 0 1 0 1 48 32 264 120 80 384
X 71125833 0 1 0 1 15 24 76 121 39 197
X 71128467 0 1 0 1 34 37 267 138 71 405
X 71128494 0 1 0 1 38 26 113 261 64 374
X 71130097 0 1 0 1 29 30 127 326 59 453
X 71131988 0 1 0 1 42 52 401 206 94 607
X 71132567 0 1 0 1 18 16 75 133 34 208
X 71132666 0 1 0 1 7 8 33 88 15 121
X 71132787 0 1 0 0 2 13 0 80 15 80
X 71132797 0 1 0 0 3 13 0 85 16 85
X 71134252 0 1 0 1 25 27 82 153 52 235
X 71136032 0 1 0 1 8 5 21 51 13 72
X 71136854 0 1 0 1 7 14 114 48 21 162
X 71141423 0 1 0 1 10 11 118 45 21 163
X 71142117 0 1 0 1 46 50 147 308 96 455
X 71155173 0 1 0 1 13 17 135 83 30 218
X 71242093 0 1 0 0 2 15 0 125 17 125
X 71246462 0 1 0 0 2 13 0 63 15 63
X 71303426 0 1 0 1 25 44 143 344 69 487
X 71367831 0 1 0 0 2 11 0 76 13 76
X 71388825 0 1 0 0 2 17 0 153 19 153
X 71605787 0 1 0 0 2 20 0 76 22 76
X 71667966 0 1 0 0 2 17 0 132 19 132
X 72603344 0 1 0 1 14 11 44 118 25 162
X 72618588 0 1 0 1 6 7 26 53 13 79
X 73079519 0 1 0 1 3 10 9 53 13 62
X 73223153 0 1 0 1 41 24 127 218 65 345
X 73679530 0 1 0 1 5 7 25 71 12 96
X 73823982 0 1 0 1 21 16 83 181 37 264
X 73825974 0 1 0 1 42 41 359 208 83 567
X 73846604 0 1 0 1 27 27 112 251 54 363
X 73852105 0 1 0 1 3 9 16 72 12 88
X 74105977 0 1 0 1 9 6 49 112 15 161
X 74106736 0 1 0 0 2 10 0 80 12 80
X 74107832 0 1 0 1 4 12 25 72 16 97
X 74525582 0 1 0 0 2 19 0 112 21 112
X 74583148 0 1 0 1 4 9 6 53 13 59
X 74583152 0 1 0 1 4 8 6 55 12 61
X 74583162 0 1 0 1 4 8 6 59 12 65
X 74583207 0 1 0 0 5 12 4 81 17 85
X 74583209 0 1 0 0 5 13 3 83 18 86
X 74583282 0 1 0 1 10 26 22 161 36 183
X 74583294 0 1 0 1 10 29 24 168 39 192
X 74583314 0 1 0 1 9 29 21 196 38 217
X 74583327 0 1 0 1 9 31 23 200 40 223
X 76335812 0 1 0 1 9 9 56 53 18 109
X 76428304 0 1 0 1 44 54 381 196 98 577
X 77967687 0 1 0 0 2 20 0 115 22 115
X 77969382 0 1 0 1 19 23 102 212 42 314
X 78125058 0 1 0 0 3 30 0 230 33 230
X 79170883 0 1 0 1 9 11 67 30 20 97
X 79170974 0 1 0 1 25 17 100 183 42 283
X 79170991 0 1 0 1 27 17 104 215 44 319
X 79171491 0 1 0 1 41 41 187 332 82 519
X 79323513 0 1 0 1 12 15 62 101 27 163
X 79323537 0 1 0 1 13 17 63 106 30 169
X 79361556 0 1 0 1 10 7 30 76 17 106
X 79362553 0 1 0 1 7 4 30 54 11 84
X 80025815 0 1 0 0 2 20 0 132 22 132
X 83749050 0 1 0 1 17 20 74 171 37 245
X 84096351 0 1 0 1 5 7 61 34 12 95
X 84336858 0 1 0 1 21 17 59 150 38 209
X 84934807 0 1 0 1 26 32 139 271 58 410
X 85003837 0 1 0 1 18 19 153 65 37 218
X 85074293 0 1 0 1 28 26 88 192 54 280
X 85095004 0 1 0 1 26 12 152 85 38 237
X 85095122 0 1 0 1 20 12 124 47 32 171
X 85103858 0 1 0 1 31 26 181 104 57 285
X 85107292 0 1 0 1 10 25 89 162 35 251
X 85108134 0 1 0 1 41 49 325 181 90 506
X 85308129 0 1 0 1 24 16 193 84 40 277
X 85964016 0 1 0 1 27 25 157 106 52 263
X 86714780 0 1 0 1 20 11 108 51 31 159
X 86815932 0 1 0 1 6 6 49 32 12 81
X 87614100 0 1 0 1 15 13 116 57 28 173
X 87614345 0 1 0 1 13 11 80 33 24 113
X 87617863 0 1 0 1 3 8 50 25 11 75
X 87632124 0 1 0 1 7 6 32 16 13 48
X 87632244 0 1 0 1 27 21 108 73 48 181
X 88753806 0 1 0 1 23 33 191 111 56 302
X 89922674 0 1 0 1 96 82 377 834 178 1211
X 90038466 0 1 0 1 9 6 25 51 15 76
X 90038761 0 1 0 1 7 8 32 84 15 116
X 91811107 0 1 0 1 10 13 92 55 23 147
X 91811366 0 1 0 1 4 13 35 26 17 61
X 92263014 0 1 0 0 2 19 0 104 21 104
X 92460423 0 1 0 1 16 22 110 64 38 174
X 92460434 0 1 0 1 17 23 114 62 40 176
X 92460582 0 1 0 1 2 8 82 49 10 131
X 92503905 0 1 0 0 2 14 0 99 16 99
X 92503966 0 1 0 1 5 9 47 56 14 103
X 93288423 0 1 0 0 2 20 0 79 22 79
X 95499622 0 1 0 0 2 9 0 72 11 72
X 96620823 0 1 0 1 7 4 22 32 11 54
X 96735840 0 1 0 1 14 26 92 151 40 243
X 96735884 0 1 0 1 11 13 62 105 24 167
X 96758129 0 1 0 1 11 19 69 113 30 182
X 96942240 0 1 0 1 13 7 37 63 20 100
X 96949102 0 1 0 1 7 15 61 116 22 177
X 97073149 0 1 0 1 10 4 34 74 14 108
X 97099864 0 1 0 1 20 17 67 137 37 204
X 97141660 0 1 0 1 6 19 47 101 25 148
X 97247651 0 1 0 1 8 8 95 38 16 133
X 97469468 0 1 0 1 8 13 72 25 21 97
X 99720226 0 1 0 0 2 22 0 132 24 132
X 100402475 0 1 0 1 17 17 165 76 34 241
X 100585422 0 1 0 1 13 18 48 113 31 161
X 100688106 0 1 0 1 9 7 65 44 16 109
X 100688247 0 1 0 1 32 47 345 174 79 519
X 100701161 0 1 0 1 15 18 126 82 33 208
X 100800576 0 1 0 1 17 19 135 67 36 202
X 100820752 0 1 0 1 29 34 96 281 63 377
X 100820758 0 1 0 1 29 30 92 268 59 360
X 100822204 0 1 0 1 25 20 74 147 45 221
X 100832568 0 1 0 1 7 10 35 62 17 97
X 100850429 0 1 0 1 7 15 51 117 22 168
X 100887690 0 1 0 1 7 3 15 27 10 42
X 100887965 0 1 0 1 9 6 37 59 15 96
X 100888102 0 1 0 1 11 15 95 58 26 153
X 101102205 0 1 0 1 18 16 42 82 34 124
X 101102212 0 1 0 1 19 16 41 84 35 125
X 101102516 0 1 0 1 2 9 6 31 11 37
X 101140558 0 1 0 1 10 13 35 70 23 105
X 101145034 0 1 0 1 24 16 66 153 40 219
X 101146015 0 1 0 1 6 6 22 35 12 57
X 101237487 0 1 0 0 2 11 0 80 13 80
X 101242108 0 1 0 1 13 22 65 140 35 205
X 101245318 0 1 0 1 16 10 109 56 26 165
X 101275317 0 1 0 0 2 19 0 156 21 156
X 101360037 0 1 0 1 5 8 20 57 13 77
X 101360490 0 1 0 1 17 18 62 130 35 192
X 101362319 0 1 0 0 2 19 0 126 21 126
X 101374366 0 1 0 1 18 18 120 62 36 182
X 101391439 0 1 0 0 2 16 0 108 18 108
X 101488559 0 1 0 1 22 29 87 248 51 335
X 101492250 0 1 0 1 23 21 124 271 44 395
X 101494054 0 1 0 1 3 16 10 78 19 88
X 101494078 0 1 0 1 4 18 10 104 22 114
X 101494090 0 1 0 1 10 20 13 137 30 150
X 101494116 0 1 0 1 3 31 20 204 34 224
X 101538089 0 1 0 0 2 18 0 159 20 159
X 101538431 0 1 0 0 2 21 0 145 23 145
X 101538705 0 1 0 1 16 13 54 125 29 179
X 101552926 0 1 0 1 33 30 100 275 63 375
X 101616158 0 1 0 1 12 6 37 66 18 103
X 101625867 0 1 0 1 16 14 54 129 30 183
X 101780540 0 1 0 1 20 16 167 61 36 228
X 101832524 0 1 0 1 33 36 361 163 69 524
X 101832525 0 1 0 1 35 39 359 168 74 527
X 101832645 0 1 0 1 21 19 186 75 40 261
X 101835980 0 1 0 1 24 18 137 87 42 224
X 101836191 0 1 0 1 64 52 506 254 116 760
X 101836957 0 1 0 1 33 26 229 98 59 327
X 101841247 0 1 0 1 14 11 106 41 25 147
X 101842664 0 1 0 1 21 17 64 142 38 206
X 101842918 0 1 0 1 16 10 92 47 26 139
X 101843404 0 1 0 1 8 6 50 23 14 73
X 101883478 0 1 0 1 2 9 6 60 11 66
X 101912107 0 1 0 1 18 16 108 61 34 169
X 102127033 0 1 0 1 16 29 176 99 45 275
X 102127439 0 1 0 1 22 15 185 78 37 263
X 102127445 0 1 0 1 21 15 193 82 36 275
X 102141841 0 1 0 1 4 6 33 50 10 83
X 102182662 0 1 0 1 47 55 331 199 102 530
X 102183333 0 1 0 0 2 12 0 87 14 87
X 102354311 0 1 0 1 5 6 42 12 11 54
X 102463005 0 1 0 1 17 46 83 259 63 342
X 102549899 0 1 0 1 25 22 235 107 47 342
X 102565866 0 1 0 1 4 8 35 14 12 49
X 103064128 0 1 0 1 4 6 42 25 10 67
X 103066049 0 1 0 1 2 10 13 36 12 49
X 103084678 0 1 0 1 35 31 162 303 66 465
X 103090779 0 1 0 1 10 14 29 80 24 109
X 103215625 0 1 0 1 5 5 47 29 10 76
X 103216603 0 1 0 1 16 15 65 126 31 191
X 103585493 0 1 0 1 11 8 71 44 19 115
X 103587113 0 1 0 1 29 43 294 170 72 464
X 103609514 0 1 0 1 12 129 78 801 141 879
X 103676032 0 1 0 1 20 10 60 119 30 179
X 103713408 0 1 0 0 2 8 0 59 10 59
X 103723878 0 1 0 1 37 39 320 179 76 499
X 103781484 0 1 0 1 10 12 64 104 22 168
X 103928180 0 1 0 1 17 17 70 146 34 216
X 103928776 0 1 0 1 41 65 394 220 106 614
X 103928893 0 1 0 1 51 24 179 263 75 442
X 104013293 0 1 0 1 27 31 103 217 58 320
X 104013669 0 1 0 1 39 42 426 228 81 654
X 104019658 0 1 0 1 6 17 59 88 23 147
X 104040193 0 1 0 1 44 28 308 156 72 464
X 104040753 0 1 0 1 10 10 56 109 20 165
X 104040976 0 1 0 1 16 29 109 204 45 313
X 104104256 0 1 0 1 8 7 104 57 15 161
X 104647872 0 1 0 1 14 12 53 108 26 161
X 105935140 0 1 0 1 14 14 123 70 28 193
X 106726821 0 1 0 0 2 8 0 46 10 46
X 106956972 0 1 0 1 33 27 106 216 60 322
X 107053120 0 1 0 1 9 15 46 84 24 130
X 107053208 0 1 0 1 3 15 29 140 18 169
X 107053223 0 1 0 1 3 18 26 149 21 175
X 107070278 0 1 0 1 45 38 120 260 83 380
X 107116856 0 1 0 1 4 6 17 20 10 37
X 107152959 0 1 0 1 12 20 54 93 32 147
X 107153172 0 1 0 1 46 42 176 339 88 515
X 107153225 0 1 0 1 36 29 139 223 65 362
X 107174988 0 1 0 0 2 15 0 116 17 116
X 107216580 0 1 0 1 6 7 35 74 13 109
X 107219037 0 1 0 1 6 7 14 40 13 54
X 107272895 0 1 0 1 9 4 18 54 13 72
X 107351681 0 1 0 0 3 15 0 98 18 98
X 107563071 0 1 0 1 21 25 198 100 46 298
X 107794199 0 1 0 1 13 9 39 90 22 129
X 107794565 0 1 0 1 45 51 164 318 96 482
X 107826442 0 1 0 0 2 17 0 159 19 159
X 107840845 0 1 0 1 47 64 202 482 111 684
X 108061627 0 1 0 0 2 23 0 132 25 132
X 108085206 0 1 0 1 15 14 105 55 29 160
X 108092031 0 1 0 1 6 12 66 27 18 93
X 108131463 0 1 0 1 20 16 147 79 36 226
X 108149917 0 1 0 1 7 8 35 12 15 47
X 108153135 0 1 0 1 18 29 163 93 47 256
X 108178589 0 1 0 0 2 21 0 131 23 131
X 108178968 0 1 0 1 22 32 67 170 54 237
X 108206708 0 1 0 1 10 16 46 86 26 132
X 109465287 0 1 0 1 38 31 231 112 69 343
X 110055186 0 1 0 1 13 17 55 88 30 143
X 110082258 0 1 0 1 21 20 78 179 41 257
X 110144700 0 1 0 1 17 12 66 130 29 196
X 110175937 0 1 0 1 14 22 143 58 36 201
X 110451457 0 1 0 1 31 35 255 125 66 380
X 110688571 0 1 0 1 27 28 174 78 55 252
X 110688628 0 1 0 1 25 25 175 93 50 268
X 110719914 0 1 0 0 5 43 0 319 48 319
X 111152384 0 1 0 1 11 20 70 114 31 184
X 111152589 0 1 0 1 8 6 14 39 14 53
X 111312782 0 1 0 1 33 21 128 229 54 357
X 112454808 0 1 0 1 42 32 354 140 74 494
X 112455212 0 1 0 1 37 54 247 156 91 403
X 112804902 0 1 0 0 2 23 0 131 25 131
X 113522815 0 1 0 1 6 5 25 47 11 72
X 115424357 0 1 0 1 15 21 80 187 36 267
X 115425524 0 1 0 1 3 7 58 28 10 86
X 116107978 0 1 0 0 2 9 0 55 11 55
X 116108422 0 1 0 1 7 3 56 33 10 89
X 116453237 0 1 0 1 13 28 105 72 41 177
X 116454512 0 1 0 1 6 14 61 41 20 102
X 116455534 0 1 0 1 23 17 149 80 40 229
X 116461711 0 1 0 1 30 34 230 129 64 359
X 117909159 0 1 0 1 5 5 24 14 10 38
X 118346679 0 1 0 0 2 23 0 126 25 126
X 118346682 0 1 0 0 2 22 0 124 24 124
X 118543386 0 1 0 1 20 19 69 130 39 199
X 118543679 0 1 0 1 5 6 21 58 11 79
X 118546211 0 1 0 0 9 17 0 82 26 82
X 118605169 0 1 0 0 2 19 0 90 21 90
X 118974822 0 1 0 1 47 44 140 379 91 519
X 118978483 0 1 0 0 2 13 0 51 15 51
X 118983100 0 1 0 1 4 8 64 37 12 101
X 118989802 0 1 0 1 6 5 29 15 11 44
X 119009080 0 1 0 1 40 44 345 174 84 519
X 119013270 0 1 0 1 14 10 109 61 24 170
X 119014266 0 1 0 1 26 25 181 106 51 287
X 119116747 0 1 0 1 5 8 49 87 13 136
X 119379559 0 1 0 1 9 9 70 24 18 94
X 119380109 0 1 0 1 18 21 140 66 39 206
X 119399403 0 1 0 1 7 14 27 78 21 105
X 119399460 0 1 0 1 17 7 93 35 24 128
X 119406317 0 1 0 1 11 9 49 100 20 149
X 119426440 0 1 0 1 14 25 96 201 39 297
X 119426449 0 1 0 1 24 14 195 84 38 279
X 119452765 0 1 0 0 2 10 0 77 12 77
X 119453040 0 1 0 1 18 19 95 181 37 276
X 119469750 0 1 0 1 21 75 90 451 96 541
X 119469766 0 1 0 1 21 72 97 466 93 563
X 119469779 0 1 0 1 22 69 108 470 91 578
X 119469784 0 1 0 1 21 77 101 479 98 580
X 119469793 0 1 0 1 22 80 106 499 102 605
X 119469810 0 1 0 1 26 86 126 511 112 637
X 119469855 0 1 0 1 31 94 140 647 125 787
X 119469867 0 1 0 1 37 97 149 689 134 838
X 119469881 0 1 0 1 49 94 192 678 143 870
X 119469906 0 1 0 1 17 103 96 680 120 776
X 119469909 0 1 0 1 17 103 83 674 120 757
X 119469910 0 1 0 1 17 102 84 688 119 772
X 119469918 0 1 0 1 20 104 95 667 124 762
X 119469931 0 1 0 1 17 96 88 613 113 701
X 119469962 0 1 0 1 11 81 62 474 92 536
X 119470473 0 1 0 1 26 37 88 224 63 312
X 119544401 0 1 0 1 9 26 75 135 35 210
X 119583024 0 1 0 1 4 6 38 23 10 61
X 119636897 0 1 0 0 2 23 0 142 25 142
X 119663463 0 1 0 1 2 7 4 43 9 47
X 119663468 0 1 0 1 3 9 7 54 12 61
X 119686426 0 1 0 1 5 6 26 14 11 40
X 119693354 0 1 0 1 7 8 86 35 15 121
X 119695504 0 1 0 1 13 20 139 92 33 231
X 119758925 0 1 0 1 5 7 36 78 12 114
X 119759091 0 1 0 1 17 23 92 227 40 319
X 119759174 0 1 0 1 20 32 116 301 52 417
X 119759450 0 1 0 1 38 35 172 370 73 542
X 119786846 0 1 0 1 17 18 46 127 35 173
X 119835112 0 1 0 1 8 7 34 79 15 113
X 119841557 0 1 0 0 2 12 0 114 14 114
X 119930289 0 1 0 1 21 26 179 112 47 291
X 119931930 0 1 0 1 30 28 209 117 58 326
X 119936448 0 1 0 1 6 7 36 30 13 66
X 120287297 0 1 0 0 2 17 0 159 19 159
X 120287312 0 1 0 1 9 8 99 42 17 141
X 120376601 0 1 0 1 6 15 65 27 21 92
X 120456678 0 1 0 1 13 18 74 35 31 109
X 120612153 0 1 0 1 12 10 42 70 22 112
X 120626774 0 1 0 1 35 29 154 258 64 412
X 120874860 0 1 0 0 2 13 0 125 15 125
X 121370801 0 1 0 1 9 4 30 61 13 91
X 121371262 0 1 0 1 3 8 20 41 11 61
X 121864081 0 1 1 1 11 5 69 22 16 91
X 122242389 0 1 0 1 10 10 79 52 20 131
X 122539038 0 1 0 0 2 12 0 101 14 101
X 123184790 0 1 0 0 2 23 0 177 25 177
X 123186065 0 1 0 1 12 14 61 125 26 186
X 123253085 0 1 0 1 7 4 43 26 11 69
X 123262183 0 1 0 1 6 4 11 29 10 40
X 123403426 0 1 0 1 40 39 153 313 79 466
X 123403567 0 1 0 1 21 26 105 224 47 329
X 123514616 0 1 0 0 2 19 0 145 21 145
X 123900377 0 1 0 1 9 5 20 44 14 64
X 123907193 0 1 0 1 7 8 12 39 15 51
X 124061185 0 1 0 1 20 25 110 211 45 321
X 124174031 0 1 0 0 2 21 0 109 23 109
X 124370448 0 1 0 1 5 14 35 52 19 87
X 124381418 0 1 0 0 2 13 0 58 15 58
X 124420796 0 1 0 1 33 33 229 151 66 380
X 124420876 0 1 0 1 20 20 122 90 40 212
X 124422772 0 1 0 1 19 11 141 83 30 224
X 124453260 0 1 0 1 22 20 155 97 42 252
X 124496962 0 1 0 1 9 14 41 66 23 107
X 125326848 0 1 0 1 12 9 106 57 21 163
X 126819949 0 1 0 1 17 11 107 37 28 144
X 126821445 0 1 0 1 26 36 292 148 62 440
X 126821661 0 1 0 1 14 6 62 24 20 86
X 128127748 0 1 0 0 2 22 0 103 24 103
X 129557305 0 1 0 1 12 26 72 116 38 188
X 129561366 0 1 0 0 2 20 0 97 22 97
X 129742002 0 1 0 1 11 11 55 129 22 184
X 129751591 0 1 0 1 9 4 15 61 13 76
X 129907932 0 1 0 0 2 21 0 99 23 99
X 129920470 0 1 0 1 2 10 47 83 12 130
X 130013555 0 1 0 1 51 46 410 234 97 644
X 130050517 0 1 0 0 2 11 0 50 13 50
X 130055827 0 1 0 1 25 29 193 109 54 302
X 130066592 0 1 0 1 10 7 83 45 17 128
X 130147963 0 1 0 1 12 15 53 126 27 179
X 130215742 0 1 0 0 2 10 0 94 12 94
X 130260578 0 1 0 0 2 14 0 72 16 72
X 130646325 0 1 0 0 2 11 0 46 13 46
X 130656575 0 1 0 1 7 15 75 43 22 118
X 131086202 0 1 0 1 29 26 103 217 55 320
X 131544493 0 1 0 1 69 85 295 578 154 873
X 131544870 0 1 0 1 60 60 197 375 120 572
X 132958033 0 1 0 1 9 4 34 61 13 95
X 133027645 0 1 0 1 28 32 104 270 60 374
X 133414710 0 1 0 1 23 14 136 90 37 226
X 134272335 0 1 0 0 2 20 0 149 22 149
X 134394086 0 1 0 1 10 9 32 50 19 82
X 134891714 0 1 0 1 6 6 51 38 12 89
X 135051522 0 1 0 0 2 23 0 215 25 215
X 135192817 0 1 0 0 2 20 0 84 22 84
X 135293714 0 1 0 1 37 26 214 126 63 340
X 135360587 0 1 0 1 31 32 254 132 63 386
X 135433856 0 1 0 1 4 7 51 32 11 83
X 135434439 0 1 0 1 11 10 81 45 21 126
X 135436004 0 1 0 1 5 5 28 60 10 88
X 135436021 0 1 0 0 2 10 0 94 12 94
X 135436191 0 1 0 0 2 22 0 148 24 148
X 135437368 0 1 0 1 15 8 83 57 23 140
X 135438210 0 1 0 1 11 4 69 36 15 105
X 135438280 0 1 0 1 7 10 53 28 17 81
X 135521453 0 1 0 1 3 8 28 61 11 89
X 135552298 0 1 0 1 14 9 42 70 23 112
X 135579936 0 1 0 1 20 22 92 162 42 254
X 135607227 0 1 0 1 7 4 74 41 11 115
X 135609601 0 1 0 0 2 15 0 88 17 88
X 135614156 0 1 0 1 5 10 25 31 15 56
X 135614680 0 1 1 1 9 5 61 20 14 81
X 135615067 0 1 0 1 3 7 24 29 10 53
X 135615071 0 1 0 1 3 7 25 26 10 51
X 135615083 0 1 0 1 4 7 26 25 11 51
X 135674052 0 1 0 1 10 6 24 25 16 49
X 135674075 0 1 0 1 7 9 24 24 16 48
X 135674100 0 1 0 1 4 13 7 49 17 56
X 135674153 0 1 0 1 7 12 24 43 19 67
X 135674160 0 1 0 1 6 13 23 48 19 71
X 135719129 0 1 0 1 13 56 68 303 69 371
X 135722937 0 1 0 1 19 45 179 162 64 341
X 135760210 0 1 0 1 10 8 28 19 18 47
X 135760212 0 1 0 1 11 8 32 18 19 50
X 135760646 0 1 0 1 13 20 33 72 33 105
X 135881514 0 1 1 1 18 7 148 43 25 191
X 135883135 0 1 0 1 14 25 155 67 39 222
X 135883268 0 1 0 1 11 23 73 58 34 131
X 135904541 0 1 0 1 22 24 192 110 46 302
X 135904609 0 1 0 1 4 13 39 75 17 114
X 135904613 0 1 0 1 4 13 33 69 17 102
X 135904617 0 1 0 1 4 13 34 64 17 98
X 135904621 0 1 0 1 4 15 34 60 19 94
X 135904622 0 1 0 1 4 15 34 59 19 93
X 135904711 0 1 0 1 5 5 41 20 10 61
X 135906234 0 1 1 1 19 15 98 30 34 128
X 135906600 0 1 0 1 6 18 35 101 24 136
X 135908785 0 1 0 1 20 14 101 57 34 158
X 135908919 0 1 0 1 19 28 141 80 47 221
X 135911846 0 1 0 1 8 17 67 47 25 114
X 135911895 0 1 0 1 6 14 82 47 20 129
X 135942947 0 1 0 1 8 8 113 50 16 163
X 135944942 0 1 0 1 6 13 33 106 19 139
X 135973535 0 1 0 1 8 11 35 79 19 114
X 136208091 0 1 0 1 14 10 50 114 24 164
X 136224589 0 1 0 1 6 3 16 38 9 54
X 136224890 0 1 0 1 16 24 66 180 40 246
X 136228626 0 1 0 1 16 11 57 140 27 197
X 136230875 0 1 0 1 68 49 179 413 117 592
X 136240281 0 1 0 1 23 19 60 118 42 178
X 136256153 0 1 0 1 16 17 69 158 33 227
X 136308659 0 1 0 1 12 14 110 58 26 168
X 136322707 0 1 0 0 2 13 0 101 15 101
X 136344534 0 1 0 1 29 44 240 129 73 369
X 136344809 0 1 0 1 44 30 258 132 74 390
X 136347344 0 1 0 1 40 52 328 161 92 489
X 136347885 0 1 0 1 25 32 260 134 57 394
X 136348324 0 1 0 1 27 29 228 122 56 350
X 136349077 0 1 0 1 40 36 313 165 76 478
X 136349199 0 1 0 1 38 43 337 178 81 515
X 136356229 0 1 0 1 26 28 170 88 54 258
X 136363198 0 1 0 1 10 5 26 14 15 40
X 136392261 0 1 0 1 21 26 180 118 47 298
X 136397967 0 1 0 1 30 32 243 110 62 353
X 136412113 0 1 0 0 2 18 0 137 20 137
X 136414239 0 1 0 1 24 48 199 114 72 313
X 136556664 0 1 0 1 6 6 20 29 12 49
X 136681784 0 1 0 1 5 7 22 37 12 59
X 136879428 0 1 0 1 10 10 98 37 20 135
X 136984502 0 1 0 1 17 17 112 72 34 184
X 137031305 0 1 0 1 41 54 417 231 95 648
X 137660643 0 1 0 1 5 6 23 40 11 63
X 137661072 0 1 0 0 2 22 0 134 24 134
X 138487937 0 1 0 1 7 17 41 98 24 139
X 138632725 0 1 0 0 2 20 0 169 22 169
X 139585293 0 1 0 1 14 5 27 75 19 102
X 139597553 0 1 0 1 12 21 55 139 33 194
X 139604946 0 1 0 1 11 16 49 106 27 155
X 139607545 0 1 0 1 15 19 54 113 34 167
X 139615087 0 1 0 1 15 16 55 89 31 144
X 139616506 0 1 0 1 7 7 35 59 14 94
X 139626052 0 1 0 1 7 6 19 46 13 65
X 139757821 0 1 0 0 2 12 0 120 14 120
X 139798691 0 1 0 0 2 23 0 157 25 157
X 139816846 0 1 0 1 14 14 114 65 28 179
X 140079794 0 1 0 0 2 19 0 91 21 91
X 140079929 0 1 0 1 6 9 13 108 15 121
X 140079941 0 1 0 1 5 9 13 117 14 130
X 140079993 0 1 0 1 3 8 16 85 11 101
X 140216143 0 1 0 1 31 21 146 157 52 303
X 140713508 0 1 0 1 37 29 272 127 66 399
X 140926220 0 1 0 1 12 28 118 53 40 171
X 140926350 0 1 0 1 7 8 75 32 15 107
X 141177083 0 1 0 1 16 16 66 139 32 205
X 141241609 0 1 0 1 22 43 78 318 65 396
X 141241707 0 1 0 0 2 20 0 224 22 224
X 141242482 0 1 0 1 17 22 68 163 39 231
X 141697539 0 1 0 1 5 29 56 142 34 198
X 141698301 0 1 0 1 10 18 31 48 28 79
X 141698327 0 1 0 1 10 18 30 59 28 89
X 141698335 0 1 0 1 7 18 28 69 25 97
X 141698355 0 1 0 1 5 20 40 87 25 127
X 141865519 0 1 0 0 2 16 0 178 18 178
X 141879379 0 1 0 1 26 30 213 92 56 305
X 141879409 0 1 0 1 18 21 165 77 39 242
X 141879501 0 1 0 1 10 9 29 78 19 107
X 141879509 0 1 0 1 9 9 70 32 18 102
X 141879741 0 1 0 1 8 7 63 31 15 94
X 141896464 0 1 0 1 5 9 32 71 14 103
X 141905856 0 1 0 1 41 63 214 449 104 663
X 141905959 0 1 0 1 19 97 96 662 116 758
X 141905965 0 1 0 1 20 86 124 640 106 764
X 141905969 0 1 0 1 22 87 146 665 109 811
X 141906066 0 1 0 1 68 62 422 405 130 827
X 141906073 0 1 0 1 65 55 385 352 120 737
X 141906078 0 1 0 1 65 56 378 344 121 722
X 141906091 0 1 0 1 57 41 314 299 98 613
X 141906119 0 1 0 1 40 16 220 116 56 336
X 141906126 0 1 0 1 16 38 87 187 54 274
X 141906127 0 1 0 1 32 17 169 93 49 262
X 141906140 0 1 0 1 6 17 37 127 23 164
X 141906231 0 1 0 1 7 52 33 303 59 336
X 141906232 0 1 0 1 6 53 35 331 59 366
X 141906245 0 1 0 1 12 66 81 337 78 418
X 141906310 0 1 0 1 16 107 101 657 123 758
X 141906337 0 1 0 1 17 104 102 603 121 705
X 141906350 0 1 0 1 20 92 107 568 112 675
X 142173395 0 1 0 1 14 12 55 119 26 174
X 143033900 0 1 0 1 9 7 55 24 16 79
X 143033943 0 1 0 1 10 10 63 26 20 89
X 143509112 0 1 0 1 23 17 99 139 40 238
X 143517609 0 1 0 1 10 11 50 101 21 151
X 143517627 0 1 0 1 7 10 47 95 17 142
X 143712125 0 1 0 1 37 38 333 207 75 540
X 143712597 0 1 0 1 7 6 45 31 13 76
X 143712609 0 1 0 1 6 8 32 48 14 80
X 143884086 0 1 0 1 18 33 107 233 51 340
X 144261058 0 1 0 1 2 8 10 26 10 36
X 145247255 0 1 0 1 3 7 16 37 10 53
X 145247374 0 1 0 1 15 10 46 82 25 128
X 145255497 0 1 0 1 8 8 24 41 16 65
X 145255561 0 1 0 1 11 8 22 57 19 79
X 145823364 0 1 0 1 37 37 297 151 74 448
X 145994115 0 1 0 1 7 9 38 84 16 122
X 145994784 0 1 0 1 24 26 180 74 50 254
X 145996868 0 1 0 0 2 21 0 89 23 89
X 146620012 0 1 0 1 6 16 36 72 22 108
X 146620061 0 1 0 1 6 12 28 53 18 81
X 146620473 0 1 0 1 6 6 29 67 12 96
X 146620557 0 1 0 1 6 4 30 60 10 90
X 147259016 0 1 0 1 10 14 99 42 24 141
X 147259474 0 1 0 0 2 8 0 44 10 44
X 147272507 0 1 0 1 28 29 100 208 57 308
X 147272508 0 1 0 1 28 28 98 209 56 307
X 147272668 0 1 0 1 6 9 21 40 15 61
X 147284238 0 1 0 1 2 8 7 23 10 30
X 147284812 0 1 0 1 5 24 45 122 29 167
X 147284851 0 1 0 1 12 7 20 61 19 81
X 147940765 0 1 0 1 9 7 24 45 16 69
X 148006729 0 1 0 1 33 45 146 250 78 396
X 148052241 0 1 0 0 2 18 0 84 20 84
X 148052279 0 1 0 0 2 14 0 83 16 83
X 148638071 0 1 0 1 16 7 108 50 23 158
X 148955833 0 1 0 1 24 18 182 83 42 265
X 148980847 0 1 0 1 15 7 134 66 22 200
X 149603957 0 1 0 1 16 14 52 114 30 166
X 149713293 0 1 0 1 12 11 51 107 23 158
X 149715688 0 1 0 1 34 51 121 323 85 444
X 149716563 0 1 0 1 20 27 105 201 47 306
X 149717010 0 1 0 1 9 7 28 48 16 76
X 150231166 0 1 0 0 2 15 0 115 17 115
X 150462603 0 1 0 1 9 8 31 86 17 117
X 150462693 0 1 0 0 2 22 0 154 24 154
X 150511951 0 1 0 1 19 28 84 173 47 257
X 150512284 0 1 0 1 26 26 119 277 52 396
X 150737238 0 1 0 0 2 17 0 153 19 153
X 150829504 0 1 0 0 2 21 0 113 23 113
X 151168342 0 1 0 1 15 20 120 58 35 178
X 151179756 0 1 0 1 52 57 386 218 109 604
X 151181061 0 1 0 1 61 56 209 466 117 675
X 151181399 0 1 0 1 33 44 325 167 77 492
X 151227750 0 1 0 1 10 5 18 56 15 74
X 151605000 0 1 0 1 8 4 23 64 12 87
X 151648622 0 1 0 1 25 21 166 95 46 261
X 151671713 0 1 0 1 23 23 189 82 46 271
X 151676230 0 1 0 1 20 18 165 75 38 240
X 151698849 0 1 0 1 37 36 141 249 73 390
X 151700289 0 1 0 1 44 28 337 125 72 462
X 151700389 0 1 0 1 35 36 262 126 71 388
X 151717104 0 1 0 1 11 13 109 61 24 170
X 151721385 0 1 0 1 24 26 192 116 50 308
X 151738768 0 1 0 1 17 20 192 98 37 290
X 151739776 0 1 0 0 2 23 0 127 25 127
X 151742806 0 1 0 1 18 18 111 43 36 154
X 151923654 0 1 0 1 48 45 170 441 93 611
X 151923748 0 1 0 1 32 42 167 354 74 521
X 151924181 0 1 0 1 42 32 161 254 74 415
X 151969707 0 1 0 1 21 25 179 84 46 263
X 151974510 0 1 1 1 28 10 260 78 38 338
X 152168041 0 1 0 1 8 4 9 28 12 37
X 152189723 0 1 0 1 5 5 14 18 10 32
X 152190007 0 1 0 1 13 8 81 54 21 135
X 152392396 0 1 0 1 25 21 184 99 46 283
X 152480127 0 1 0 1 18 13 55 133 31 188
X 152480352 0 1 0 1 19 11 57 134 30 191
X 152480485 0 1 0 1 20 7 73 115 27 188
X 152649357 0 1 0 1 21 13 185 101 34 286
X 152652814 0 1 0 1 58 52 488 269 110 757
X 152727846 0 1 0 1 10 22 143 82 32 225
X 152733401 0 1 1 1 10 5 38 12 15 50
X 152735995 0 1 0 1 12 9 99 41 21 140
X 152737049 0 1 0 1 103 107 898 487 210 1385
X 152737144 0 1 0 1 62 59 511 284 121 795
X 152737173 0 1 0 1 49 51 405 242 100 647
X 152740076 0 1 0 1 9 6 53 36 15 89
X 152740627 0 1 0 1 3 10 52 26 13 78
X 152759403 0 1 0 0 2 23 0 159 25 159
X 152867882 0 1 0 1 5 6 38 21 11 59
X 152922265 0 1 0 1 18 22 167 86 40 253
X 152938306 0 1 0 1 12 5 47 28 17 75
X 152941497 0 1 0 1 10 16 60 118 26 178
X 152965616 0 1 0 1 21 13 58 108 34 166
X 152967031 0 1 0 1 15 11 39 94 26 133
X 152969278 0 1 0 1 15 18 55 121 33 176
X 152969283 0 1 0 1 16 18 56 127 34 183
X 152969524 0 1 0 1 26 40 117 280 66 397
X 152969534 0 1 0 1 25 39 121 264 64 385
X 152990435 0 1 0 1 48 48 386 239 96 625
X 153057022 0 1 1 1 14 6 63 21 20 84
X 153058185 0 1 0 1 52 40 176 339 92 515
X 153182312 0 1 0 1 29 38 163 356 67 519
X 153182483 0 1 0 1 50 46 208 439 96 647
X 153183202 0 1 0 1 75 83 377 650 158 1027
X 153183336 0 1 0 1 41 42 243 448 83 691
X 153454475 0 1 0 0 2 14 0 89 16 89
X 153470501 0 1 0 1 28 18 131 220 46 351
X 153504772 0 1 0 1 68 81 603 282 149 885
X 153505004 0 1 0 1 12 22 139 56 34 195
X 153505256 0 1 0 1 32 37 134 284 69 418
X 153506051 0 1 0 1 32 32 130 238 64 368
X 153507015 0 1 0 1 36 40 340 201 76 541
X 153508157 0 1 0 1 9 16 48 101 25 149
X 153565196 0 1 0 0 2 12 0 70 14 70
X 153569009 0 1 0 1 6 8 12 38 14 50
X 153569278 0 1 0 1 63 56 173 462 119 635
X 153569433 0 1 0 1 18 19 73 185 37 258
X 153588388 0 1 0 1 16 26 177 108 42 285
X 153604982 0 1 0 1 4 19 7 80 23 87
X 153604985 0 1 0 1 4 17 7 80 21 87
X 153605005 0 1 0 1 4 17 7 74 21 81
X 153643593 0 1 0 1 18 7 114 42 25 156
X 153662433 0 1 0 1 3 7 44 29 10 73
X 153670877 0 1 0 1 26 45 274 132 71 406
X 153672318 0 1 0 1 10 12 123 64 22 187
X 153672995 0 1 0 1 23 22 160 89 45 249
X 153674273 0 1 0 1 27 26 199 135 53 334
X 153687503 0 1 0 1 10 16 94 52 26 146
X 153690594 0 1 0 1 10 11 99 48 21 147
X 153691208 0 1 0 1 18 14 180 80 32 260
X 153693623 0 1 0 1 19 18 138 60 37 198
X 153693673 0 1 0 1 16 18 100 48 34 148
X 153695421 0 1 1 1 8 3 55 17 11 72
X 153696646 0 1 0 1 7 9 61 31 16 92
X 153724015 0 1 0 1 18 26 171 141 44 312
X 153725208 0 1 0 1 5 9 50 34 14 84
X 153740151 0 1 0 1 38 37 354 172 75 526
X 153770343 0 1 0 1 29 38 288 152 67 440
X 153771429 0 1 0 1 23 25 113 222 48 335
X 153772324 0 1 0 1 47 56 192 375 103 567
X 153772353 0 1 0 1 55 35 335 167 90 502
X 153772544 0 1 0 1 24 12 152 66 36 218
X 153772646 0 1 0 1 23 28 112 190 51 302
X 153776964 0 1 0 1 18 25 155 71 43 226
X 153780357 0 1 0 1 48 44 153 369 92 522
X 153782948 0 1 0 1 44 58 231 441 102 672
X 153783934 0 1 0 1 21 25 70 178 46 248
X 153783936 0 1 0 1 22 24 69 177 46 246
X 153784080 0 1 0 1 24 32 86 225 56 311
X 153784592 0 1 0 1 4 7 43 81 11 124
X 153785529 0 1 0 1 10 10 66 110 20 176
X 153786452 0 1 0 1 51 56 204 354 107 558
X 153787194 0 1 0 1 32 13 93 132 45 225
X 153796320 0 1 0 1 17 15 58 102 32 160
X 153805896 0 1 0 1 7 8 42 26 15 68
X 153806652 0 1 0 1 16 16 72 163 32 235
X 153807864 0 1 0 1 18 10 60 128 28 188
X 153873434 0 1 0 0 2 18 0 79 20 79
X 153875571 0 1 0 1 9 6 29 70 15 99
X 153883663 0 1 0 1 6 4 37 59 10 96
X 153883679 0 1 0 0 2 15 0 121 17 121
X 153885475 0 1 0 1 11 16 58 178 27 236
X 153888385 0 1 0 1 22 32 75 149 54 224
X 153906539 0 1 0 1 47 52 196 473 99 669
X 153911274 0 1 0 0 2 17 0 134 19 134
X 153957806 0 1 0 1 24 31 104 218 55 322
X 153967132 0 1 0 0 2 12 0 51 14 51
X 153967141 0 1 0 1 3 11 31 15 14 46
X 154031555 0 1 0 0 2 20 0 156 22 156
X 154031641 0 1 0 0 2 12 0 49 14 49
X 154032050 0 1 0 1 8 6 23 59 14 82
X 154143979 0 1 0 1 3 8 40 21 11 61
X 154151012 0 1 0 1 22 20 117 270 42 387
X 154349351 0 1 0 1 32 28 234 137 60 371
X 154433468 0 1 0 0 2 20 0 186 22 186
X 154433768 0 1 0 1 12 9 103 54 21 157
X 154440402 0 1 0 0 16 85 0 657 101 657
X 154462291 0 1 0 1 20 16 154 78 36 232
X 154507546 0 1 0 0 2 21 0 198 23 198
X 154919991 0 1 0 0 2 16 0 118 18 118
X 155090775 0 1 0 0 2 22 0 230 24 230
X 155774775 0 1 0 1 13 13 88 54 26 142
X 155985886 0 1 0 1 10 12 56 56 22 112
X 155997942 0 1 0 1 7 13 75 26 20 101
X 156003433 0 1 0 1 15 8 64 36 23 100
X 156021847 0 1 0 1 17 6 77 81 23 158
X 156022061 0 1 0 1 8 7 15 31 15 46
X 156023093 0 1 0 1 17 18 51 147 35 198
X 156024239 0 1 0 1 2 10 6 24 12 30
X 156025024 0 1 0 1 7 22 44 97 29 141
X 156025041 0 1 0 1 18 20 41 132 38 173
X 156025116 0 1 0 1 14 48 81 235 62 316
