chr pos bloodGT1 bloodGT2 tumorGT1 tumorGT2 AN BN AT BT sN sT
14 16099390 0 1 0 1 2 10 4 31 12 35
14 16099395 0 1 0 1 2 10 4 31 12 35
14 18624143 0 1 0 1 18 28 42 67 46 109
14 18624160 0 1 0 1 5 27 9 86 32 95
14 18635261 0 1 0 1 9 16 30 47 25 77
14 18635272 0 1 0 1 6 17 27 50 23 77
14 18636622 0 1 0 1 3 48 5 115 51 120
14 18636670 0 1 0 1 3 53 8 89 56 97
14 18636731 0 1 0 1 4 17 6 36 21 42
14 18636894 0 1 0 1 22 43 24 116 65 140
14 18636905 0 1 0 1 9 57 34 104 66 138
14 18646227 0 1 0 1 8 17 14 81 25 95
14 18646279 0 1 0 1 3 22 13 61 25 74
14 18646280 0 1 0 1 3 22 11 63 25 74
14 18663496 0 1 0 1 2 44 3 102 46 105
14 18663554 0 1 0 1 2 32 4 83 34 87
14 18663555 0 1 0 1 2 32 3 83 34 86
14 18699561 0 1 0 1 9 26 10 80 35 90
14 19097638 0 1 0 1 8 10 24 47 18 71
14 19267919 0 1 0 1 2 10 6 39 12 45
14 19402316 0 1 0 1 46 26 109 45 72 154
14 19402323 0 1 0 1 6 61 6 139 67 145
14 19402349 0 1 0 1 26 25 64 35 51 99
14 19433942 0 1 0 1 16 32 40 67 48 107
14 19614427 0 1 0 1 11 12 41 37 23 78
14 19614472 0 1 0 1 7 21 20 58 28 78
14 19657418 0 1 0 1 5 17 12 35 22 47
14 19657439 0 1 0 1 5 29 12 64 34 76
14 19666234 0 1 0 1 3 13 9 23 16 32
14 19666459 0 1 0 1 7 41 23 108 48 131
14 19666474 0 1 0 1 12 35 22 103 47 125
14 19668925 0 1 0 1 5 22 8 59 27 67
14 19668970 0 1 0 1 4 22 14 52 26 66
14 19669002 0 1 0 1 4 12 14 36 16 50
14 19669206 0 1 0 1 7 17 17 36 24 53
14 19669221 0 1 0 1 7 14 11 50 21 61
14 19669280 0 1 0 1 3 38 21 92 41 113
14 19669300 0 1 0 1 8 36 17 106 44 123
14 19669325 0 1 0 1 4 39 24 95 43 119
14 19669405 0 1 0 1 5 27 19 97 32 116
14 19669428 0 1 0 1 6 34 27 112 40 139
14 19669564 0 1 0 1 17 13 54 49 30 103
14 19669569 0 1 0 1 10 17 26 72 27 98
14 19669571 0 1 0 1 5 22 13 88 27 101
14 19669769 0 1 0 1 2 16 3 61 18 64
14 19669794 0 1 0 1 4 7 13 29 11 42
14 19678160 0 1 0 1 9 69 15 152 78 167
14 19678176 0 1 0 1 18 71 33 143 89 176
14 19678247 0 1 0 1 13 38 27 80 51 107
14 19678442 0 1 0 1 7 78 15 144 85 159
14 19678448 0 1 0 1 12 77 19 143 89 162
14 19678515 0 1 0 1 16 56 27 114 72 141
14 19678529 0 1 0 1 12 42 23 101 54 124
14 19678838 0 1 0 1 4 11 12 35 15 47
14 19678863 0 1 0 1 6 24 18 56 30 74
14 19678869 0 1 0 1 5 25 20 60 30 80
14 19678891 0 1 0 1 6 34 19 88 40 107
14 19678894 0 1 0 1 6 36 20 89 42 109
14 19678959 0 1 0 1 6 43 14 102 49 116
14 19678987 0 1 0 1 9 50 30 102 59 132
14 19679027 0 1 0 1 10 73 15 153 83 168
14 19679077 0 1 0 1 9 69 18 145 78 163
14 19679080 0 1 0 1 9 68 17 146 77 163
14 19679159 0 1 0 1 10 20 28 55 30 83
14 19679501 0 1 0 1 2 50 5 135 52 140
14 19679679 0 1 0 1 3 61 7 97 64 104
14 19679728 0 1 0 1 14 53 28 118 67 146
14 19679893 0 1 0 1 7 7 21 34 14 55
14 19680115 0 1 0 1 11 70 19 142 81 161
14 19680120 0 1 0 1 18 58 20 137 76 157
14 19680170 0 1 0 1 9 30 18 77 39 95
14 19733813 0 1 0 1 54 41 105 55 95 160
14 19733881 0 1 0 1 44 31 94 46 75 140
14 19748139 0 1 0 1 102 44 142 57 146 199
14 19780669 0 1 0 1 46 125 54 147 171 201
14 19781017 0 1 0 1 32 102 52 121 134 173
14 19796516 0 1 0 1 5 38 16 90 43 106
14 19796571 0 1 0 1 5 29 17 83 34 100
14 19797042 0 1 0 1 25 46 51 125 71 176
14 19797210 0 1 0 1 16 27 43 81 43 124
14 19827351 0 1 0 1 5 6 28 15 11 43
14 19827372 0 1 0 1 3 14 33 34 17 67
14 19827604 0 1 0 1 14 31 28 85 45 113
14 19827619 0 1 0 1 7 23 15 87 30 102
14 19827620 0 1 0 1 7 24 15 85 31 100
14 19827675 0 1 0 1 13 9 59 39 22 98
14 19827845 0 1 0 1 11 68 61 116 79 177
14 19827851 0 1 0 1 11 67 64 112 78 176
14 19877187 0 1 0 1 10 26 39 65 36 104
14 19935932 0 1 0 1 96 50 124 76 146 200
14 19936455 0 1 0 1 81 35 126 62 116 188
14 19936576 0 1 0 1 66 42 112 69 108 181
14 20034762 0 1 0 1 14 20 53 69 34 122
14 20118273 0 1 0 1 44 55 96 84 99 180
14 20173875 0 1 0 1 8 11 30 38 19 68
14 20179531 0 1 0 1 11 19 48 48 30 96
14 20197379 0 1 0 1 4 14 30 30 18 60
14 20209843 0 1 0 1 6 14 41 23 20 64
14 20224029 0 1 0 1 56 58 94 101 114 195
14 20224132 0 1 0 1 52 48 89 105 100 194
14 20224294 0 1 0 1 39 40 70 88 79 158
14 20224415 0 1 0 1 44 52 73 102 96 175
14 20224484 0 1 0 1 38 54 77 106 92 183
14 20229441 0 1 0 1 31 34 89 79 65 168
14 20229909 0 1 0 1 56 47 88 99 103 187
14 20230080 0 1 0 1 47 61 83 104 108 187
14 20230139 0 1 0 1 42 59 101 94 101 195
14 20230345 0 1 0 1 33 34 44 70 67 114
14 20289645 0 1 0 1 14 12 51 43 26 94
14 20291907 0 1 0 1 5 6 26 24 11 50
14 20292190 0 1 0 1 4 7 15 16 11 31
14 20292191 0 1 0 1 4 7 14 16 11 30
14 20295872 0 1 0 1 12 12 38 47 24 85
14 20296426 0 1 0 1 22 42 72 76 64 148
14 20299547 0 1 0 1 5 17 33 47 22 80
14 20301877 0 1 0 1 24 25 61 76 49 137
14 20313765 0 1 0 0 2 18 0 77 20 77
14 20315958 0 1 0 1 11 13 34 41 24 75
14 20316559 0 1 0 1 7 6 18 26 13 44
14 20346706 0 1 0 1 10 9 30 36 19 66
14 20352208 0 1 0 0 2 15 0 76 17 76
14 20369542 0 1 0 1 22 25 60 74 47 134
14 20373003 0 1 0 1 31 32 62 74 63 136
14 20373154 0 1 0 1 46 47 85 97 93 182
14 20373548 0 1 0 1 42 38 100 81 80 181
14 20375730 0 1 0 1 14 17 46 54 31 100
14 20379043 0 1 0 1 25 30 79 81 55 160
14 20381855 0 1 0 1 6 14 32 36 20 68
14 20381934 0 1 0 1 46 36 74 64 82 138
14 20382012 0 1 0 1 49 68 96 94 117 190
14 20383870 0 1 0 1 35 46 90 99 81 189
14 20384611 0 1 0 1 27 36 85 77 63 162
14 20384658 0 1 0 1 23 31 70 65 54 135
14 20390854 0 1 0 1 51 46 78 105 97 183
14 20395518 0 1 0 1 13 12 41 37 25 78
14 20401660 0 1 0 1 22 18 56 43 40 99
14 20403486 0 1 0 1 18 14 57 53 32 110
14 20403687 0 1 0 1 8 5 28 26 13 54
14 20408094 0 1 0 1 46 51 94 98 97 192
14 20448799 0 1 0 1 14 21 57 55 35 112
14 20448828 0 1 0 1 13 18 55 38 31 93
14 20449283 0 1 0 1 26 30 54 92 56 146
14 20452091 0 1 0 1 10 7 33 41 17 74
14 20452181 0 1 0 1 8 11 29 23 19 52
14 20459452 0 1 0 1 50 26 85 72 76 157
14 20472356 0 1 0 1 10 30 61 61 40 122
14 20472447 0 1 0 1 12 31 64 68 43 132
14 20472467 0 1 0 1 11 28 66 66 39 132
14 20472675 0 1 0 1 5 6 16 22 11 38
14 20474585 0 1 0 1 22 33 57 78 55 135
14 20510372 0 1 0 1 19 16 52 62 35 114
14 20524728 0 1 0 1 5 8 23 35 13 58
14 20525104 0 1 0 1 24 18 60 70 42 130
14 20525161 0 1 0 1 10 12 41 55 22 96
14 20558711 0 1 0 1 10 10 45 35 20 80
14 20640982 0 1 0 1 31 33 88 85 64 173
14 20641119 0 1 0 1 41 35 82 97 76 179
14 20641226 0 1 0 1 42 42 84 88 84 172
14 20641512 0 1 0 1 51 43 84 99 94 183
14 20641567 0 1 0 1 41 34 78 98 75 176
14 20641700 0 1 0 1 16 9 36 53 25 89
14 20722147 0 1 0 1 20 29 66 79 49 145
14 20722367 0 1 0 1 21 23 65 61 44 126
14 20722373 0 1 0 1 20 23 64 59 43 123
14 20747764 0 1 0 1 24 27 71 79 51 150
14 20891649 0 1 0 1 7 8 20 14 15 34
14 20920272 0 1 0 1 16 13 44 38 29 82
14 20992743 0 1 0 1 7 8 25 16 15 41
14 20996041 0 1 0 0 3 51 0 127 54 127
14 20999754 0 1 0 1 20 16 49 59 36 108
14 20999997 0 1 0 1 19 16 44 49 35 93
14 21018283 0 1 0 1 45 55 93 95 100 188
14 21019205 0 1 0 1 18 21 49 66 39 115
14 21022992 0 1 0 1 58 50 99 94 108 193
14 21032236 0 1 0 1 17 24 49 54 41 103
14 21032252 0 1 0 1 18 30 55 61 48 116
14 21032267 0 1 0 1 24 33 58 74 57 132
14 21032296 0 1 0 1 29 43 65 97 72 162
14 21032438 0 1 0 1 21 34 66 59 55 125
14 21036288 0 1 0 1 20 29 45 47 49 92
14 21043299 0 1 0 1 44 62 89 108 106 197
14 21043338 0 1 0 1 49 53 92 100 102 192
14 21057885 0 1 0 1 15 10 30 42 25 72
14 21057920 0 1 0 1 21 27 52 63 48 115
14 21074607 0 1 0 1 19 15 42 53 34 95
14 21078881 0 1 0 0 3 52 0 142 55 142
14 21082899 0 1 0 1 18 18 55 58 36 113
14 21086909 0 1 0 1 7 14 39 36 21 75
14 21094401 0 1 0 1 41 36 88 80 77 168
14 21102114 0 1 0 1 25 30 62 97 55 159
14 21103049 0 1 0 1 8 14 46 44 22 90
14 21163398 0 1 0 1 9 6 27 17 15 44
14 21163492 0 1 0 1 11 8 16 29 19 45
14 21163514 0 1 0 1 9 9 24 26 18 50
14 21163764 0 1 0 1 14 12 37 43 26 80
14 21211491 0 1 0 0 2 14 0 69 16 69
14 21211597 0 1 0 1 14 11 61 46 25 107
14 21211603 0 1 0 0 2 22 0 110 24 110
14 21302571 0 1 0 1 46 46 83 78 92 161
14 21307657 0 1 0 1 13 14 30 27 27 57
14 21317631 0 1 0 1 30 22 57 60 52 117
14 21321881 0 1 0 1 15 20 52 59 35 111
14 21324652 0 1 0 1 44 43 89 89 87 178
14 21325077 0 1 0 1 26 17 60 57 43 117
14 21328625 0 1 0 1 10 7 28 20 17 48
14 21357973 0 1 0 0 2 15 0 94 17 94
14 21358559 0 1 0 1 9 5 27 28 14 55
14 21360361 0 1 0 1 10 18 33 57 28 90
14 21360743 0 1 0 1 2 9 2 51 11 53
14 21360970 0 1 0 1 25 31 58 73 56 131
14 21361245 0 1 0 1 47 25 62 82 72 144
14 21362893 0 1 0 1 31 32 74 77 63 151
14 21362953 0 1 0 1 34 39 83 94 73 177
14 21363260 0 1 0 1 33 26 72 73 59 145
14 21364988 0 1 0 1 9 12 52 58 21 110
14 21368241 0 1 0 1 3 9 19 14 12 33
14 21369720 0 1 0 1 9 4 18 20 13 38
14 21370001 0 1 0 1 9 9 27 24 18 51
14 21391377 0 1 0 1 14 8 37 42 22 79
14 21392201 0 1 0 1 48 37 89 82 85 171
14 21403494 0 1 0 1 29 40 85 86 69 171
14 21405909 0 1 0 1 7 10 17 24 17 41
14 21414490 0 1 0 1 8 20 45 35 28 80
14 21462437 0 1 0 1 28 21 60 59 49 119
14 21476778 0 1 0 0 2 9 0 74 11 74
14 21482677 0 1 0 1 19 17 39 41 36 80
14 21492657 0 1 0 1 7 6 24 23 13 47
14 21492810 0 1 0 1 31 34 77 91 65 168
14 21499772 0 1 0 1 47 61 90 98 108 188
14 21500477 0 1 0 1 8 12 36 43 20 79
14 21501949 0 1 0 1 29 22 41 55 51 96
14 21503551 0 1 0 1 37 40 78 84 77 162
14 21523492 0 1 0 1 32 26 71 84 58 155
14 21564081 0 1 0 1 5 6 27 17 11 44
14 21564879 0 1 0 1 6 13 36 36 19 72
14 21569994 0 1 0 1 18 22 74 56 40 130
14 21570319 0 1 0 1 38 33 78 82 71 160
14 21570784 0 1 0 1 22 27 71 48 49 119
14 21585551 0 1 0 1 21 26 75 47 47 122
14 21586274 0 1 0 1 9 7 25 28 16 53
14 21602359 0 1 0 1 12 53 30 109 65 139
14 21602747 0 1 0 1 17 12 61 51 29 112
14 21602793 0 1 0 1 20 15 68 54 35 122
14 21611989 0 1 0 1 18 17 59 57 35 116
14 21612001 0 1 0 1 21 17 62 59 38 121
14 21612184 0 1 0 1 4 22 7 67 26 74
14 21612196 0 1 0 1 3 23 10 70 26 80
14 21612214 0 1 0 1 8 21 16 71 29 87
14 21612347 0 1 0 1 14 20 57 52 34 109
14 21612473 0 1 0 1 8 8 22 17 16 39
14 21622441 0 1 0 1 35 38 88 83 73 171
14 21665434 0 1 0 1 73 53 100 95 126 195
14 21665783 0 1 0 1 30 26 80 65 56 145
14 21736286 0 1 0 1 38 35 77 81 73 158
14 21749072 0 1 0 1 18 12 29 37 30 66
14 21749767 0 1 0 1 4 12 27 23 16 50
14 21868938 0 1 0 1 16 10 49 37 26 86
14 21869000 0 1 0 1 7 10 32 27 17 59
14 21869212 0 1 0 1 41 44 73 106 85 179
14 21888045 0 1 0 1 28 20 66 75 48 141
14 21888371 0 1 0 1 43 54 84 109 97 193
14 21894791 0 1 0 1 49 35 90 97 84 187
14 21894900 0 1 0 1 41 38 70 64 79 134
14 21894904 0 1 0 1 36 36 65 61 72 126
14 21903270 0 1 0 1 28 24 75 74 52 149
14 21904458 0 1 0 1 5 5 17 21 10 38
14 21904478 0 1 0 1 11 5 22 25 16 47
14 21904696 0 1 0 1 4 6 15 22 10 37
14 21904699 0 1 0 1 4 6 13 23 10 36
14 21924463 0 1 0 1 33 44 91 63 77 154
14 21924669 0 1 0 1 15 18 39 37 33 76
14 21941380 0 1 0 1 3 8 15 24 11 39
14 21941580 0 1 0 1 20 24 52 70 44 122
14 22013991 0 1 0 0 2 16 0 70 18 70
14 22070845 0 1 0 1 24 13 52 57 37 109
14 22070853 0 1 0 1 26 14 56 58 40 114
14 22086736 0 1 0 1 39 37 76 93 76 169
14 22096796 0 1 0 1 24 24 64 59 48 123
14 22112670 0 1 0 1 16 7 41 39 23 80
14 22112809 0 1 0 1 48 70 91 98 118 189
14 22148593 0 1 0 1 13 19 52 59 32 111
14 22148634 0 1 0 0 2 18 0 70 20 70
14 22163321 0 1 0 1 30 36 90 82 66 172
14 22163782 0 1 0 1 36 32 88 74 68 162
14 22168841 0 1 0 1 37 27 84 75 64 159
14 22168888 0 1 0 1 32 46 75 83 78 158
14 22168978 0 1 0 1 29 24 50 69 53 119
14 22169058 0 1 0 1 7 5 19 18 12 37
14 22202480 0 1 0 1 11 5 23 36 16 59
14 22202564 0 1 0 1 35 31 59 75 66 134
14 22203081 0 1 0 1 30 35 62 68 65 130
14 22226882 0 1 0 1 26 29 74 67 55 141
14 22227031 0 1 0 1 21 33 57 94 54 151
14 22227233 0 1 0 1 20 20 48 69 40 117
14 22265772 0 1 0 1 11 13 37 70 24 107
14 22265774 0 1 0 1 12 12 38 68 24 106
14 22265811 0 1 0 1 13 11 44 69 24 113
14 22265875 0 1 0 1 11 14 48 62 25 110
14 22304238 0 1 0 1 24 26 71 66 50 137
14 22418740 0 1 0 1 32 42 70 74 74 144
14 22422803 0 1 0 1 26 30 53 54 56 107
14 22422892 0 1 0 1 61 61 90 95 122 185
14 22438470 0 1 0 0 2 14 0 57 16 57
14 22455202 0 1 0 1 33 38 61 64 71 125
14 22461046 0 1 0 1 23 21 68 73 44 141
14 22465922 0 1 0 1 17 15 66 60 32 126
14 22473900 0 1 0 1 11 22 59 60 33 119
14 22479482 0 1 0 1 49 63 103 92 112 195
14 22483099 0 1 0 1 51 39 72 101 90 173
14 22488500 0 1 0 1 21 26 55 41 47 96
14 22490604 0 1 0 1 25 27 50 64 52 114
14 22494121 0 1 0 0 2 14 0 58 16 58
14 22499814 0 1 0 1 45 68 96 93 113 189
14 22502153 0 1 0 1 8 13 31 38 21 69
14 22502281 0 1 0 1 44 61 77 109 105 186
14 22502376 0 1 0 1 27 24 47 65 51 112
14 22502402 0 1 0 1 16 16 39 44 32 83
14 22503623 0 1 0 1 7 8 24 34 15 58
14 22503630 0 1 0 1 7 8 27 37 15 64
14 22503632 0 1 0 1 7 8 30 40 15 70
14 22508684 0 1 0 1 34 46 72 86 80 158
14 22508755 0 1 0 0 2 19 0 74 21 74
14 22509533 0 1 0 1 11 8 26 21 19 47
14 22520314 0 1 0 1 9 11 31 39 20 70
14 22524520 0 1 0 1 6 9 22 24 15 46
14 22528564 0 1 0 1 35 27 86 75 62 161
14 22531112 0 1 0 1 52 37 83 92 89 175
14 22532438 0 1 0 1 12 14 29 38 26 67
14 22537730 0 1 0 1 5 9 31 35 14 66
14 22540348 0 1 0 1 21 18 56 35 39 91
14 22542153 0 1 0 1 12 9 34 35 21 69
14 22543982 0 1 0 1 11 10 26 35 21 61
14 22544934 0 1 0 1 5 7 27 17 12 44
14 22545118 0 1 0 1 17 22 40 44 39 84
14 22545162 0 1 0 1 20 11 39 41 31 80
14 22551693 0 1 0 1 17 25 58 70 42 128
14 22551882 0 1 0 1 33 25 83 72 58 155
14 22551976 0 1 0 1 29 18 64 58 47 122
14 22551978 0 1 0 1 27 20 67 57 47 124
14 22552027 0 1 0 1 25 18 77 44 43 121
14 22552096 0 1 0 1 29 10 72 29 39 101
14 22557052 0 1 0 1 9 16 35 28 25 63
14 22558841 0 1 0 1 7 6 35 22 13 57
14 22605993 0 1 0 1 12 5 25 23 17 48
14 22610824 0 1 0 1 8 3 24 17 11 41
14 22633879 0 1 0 1 16 22 58 57 38 115
14 22633977 0 1 0 1 10 20 41 71 30 112
14 22633991 0 1 0 1 11 20 40 73 31 113
14 22634064 0 1 0 1 26 27 77 39 53 116
14 22634135 0 1 0 1 36 32 73 70 68 143
14 22634377 0 1 0 1 42 55 90 94 97 184
14 22634442 0 1 0 1 47 49 98 88 96 186
14 22634449 0 1 0 1 45 52 88 89 97 177
14 22634450 0 1 0 1 45 51 89 88 96 177
14 22634838 0 1 0 1 8 3 35 27 11 62
14 22766488 0 1 0 1 36 48 90 88 84 178
14 22766599 0 1 0 1 62 56 108 87 118 195
14 22770303 0 1 0 1 39 47 88 98 86 186
14 22771119 0 1 0 1 41 42 83 96 83 179
14 22778903 0 1 0 1 13 19 37 45 32 82
14 22829926 0 1 0 1 19 25 52 73 44 125
14 22843509 0 1 0 1 9 16 40 31 25 71
14 22843654 0 1 0 1 6 4 29 16 10 45
14 22843660 0 1 0 1 4 8 17 30 12 47
14 22843666 0 1 0 1 4 10 19 30 14 49
14 22843714 0 1 0 1 15 23 50 47 38 97
14 22843973 0 1 0 1 7 3 30 13 10 43
14 22872457 0 1 0 1 18 9 18 43 27 61
14 22886678 0 1 0 0 2 39 0 148 41 148
14 22904777 0 1 0 1 15 15 47 34 30 81
14 22905226 0 1 0 1 23 34 68 79 57 147
14 22905653 0 1 0 1 30 43 83 82 73 165
14 22922704 0 1 0 1 8 12 34 38 20 72
14 22924798 0 1 0 1 5 5 22 17 10 39
14 22924860 0 1 0 1 4 9 22 27 13 49
14 22947043 0 1 0 1 8 16 22 28 24 50
14 22947254 0 1 0 1 4 42 2 115 46 117
14 22947270 0 1 0 1 3 34 3 101 37 104
14 22947276 0 1 0 1 3 33 3 93 36 96
14 22947287 0 1 0 1 3 28 2 79 31 81
14 22954977 0 1 0 1 8 12 26 33 20 59
14 22956935 0 1 0 0 2 34 0 130 36 130
14 22956973 0 1 0 1 14 16 49 62 30 111
14 22987106 0 1 0 1 8 8 32 27 16 59
14 22989947 0 1 0 1 20 24 55 78 44 133
14 22996190 0 1 0 0 2 33 0 127 35 127
14 23034812 0 1 0 1 23 43 88 88 66 176
14 23055025 0 1 0 1 19 20 58 39 39 97
14 23061413 0 1 0 1 21 30 61 88 51 149
14 23061699 0 1 0 1 5 8 28 18 13 46
14 23080110 0 1 0 1 28 19 72 69 47 141
14 23080576 0 1 0 1 50 44 91 90 94 181
14 23080917 0 1 0 1 5 8 28 26 13 54
14 23081678 0 1 0 1 19 49 53 73 68 126
14 23101505 0 1 0 1 6 10 18 27 16 45
14 23104904 0 1 0 1 2 8 4 50 10 54
14 23155374 0 1 0 1 11 8 29 31 19 60
14 23262882 0 1 0 1 38 51 71 110 89 181
14 23262883 0 1 0 1 39 52 73 109 91 182
14 23285810 0 1 0 0 2 28 0 116 30 116
14 23307890 0 1 0 1 35 22 72 72 57 144
14 23347789 0 1 0 1 21 23 60 53 44 113
14 23359500 0 1 0 0 2 8 0 36 10 36
14 23360777 0 1 0 0 2 35 0 127 37 127
14 23393895 0 1 0 0 2 28 0 118 30 118
14 23402598 0 1 0 1 33 29 70 87 62 157
14 23403457 0 1 0 1 28 14 55 49 42 104
14 23433060 0 1 0 1 13 17 50 54 30 104
14 23557284 0 1 0 1 20 21 57 59 41 116
14 23563818 0 1 0 1 23 40 80 87 63 167
14 23638713 0 1 0 1 3 8 19 13 11 32
14 23704079 0 1 0 1 11 7 37 25 18 62
14 23960009 0 1 0 0 3 47 0 87 50 87
14 23960024 0 1 0 1 3 24 6 49 27 55
14 23960030 0 1 0 1 1 11 4 27 12 31
14 23988953 0 1 0 1 32 26 91 66 58 157
14 23989002 0 1 0 1 16 15 54 44 31 98
14 23995115 0 1 0 1 3 79 7 159 82 166
14 23995151 0 1 0 1 8 52 17 113 60 130
14 23995156 0 1 0 1 8 46 17 108 54 125
14 23995169 0 1 0 1 8 37 17 91 45 108
14 23995172 0 1 0 1 8 35 17 87 43 104
14 24036405 0 1 0 1 22 24 46 56 46 102
14 24036513 0 1 0 1 49 41 73 99 90 172
14 24036555 0 1 0 1 24 34 51 81 58 132
14 24037794 0 1 0 1 30 32 67 77 62 144
14 24050750 0 1 0 1 27 36 68 61 63 129
14 24051009 0 1 0 1 4 8 26 20 12 46
14 24053612 0 1 0 1 21 26 61 65 47 126
14 24053702 0 1 0 1 28 26 59 71 54 130
14 24054385 0 1 0 1 58 59 91 97 117 188
14 24055872 0 1 0 1 10 9 27 29 19 56
14 24056997 0 1 0 1 17 31 61 69 48 130
14 24057269 0 1 0 1 22 36 62 67 58 129
14 24059489 0 1 0 1 4 6 20 15 10 35
14 24060611 0 1 0 1 12 7 29 26 19 55
14 24065618 0 1 0 1 16 15 49 53 31 102
14 24074664 0 1 0 1 39 62 85 97 101 182
14 24075039 0 1 0 1 11 7 30 19 18 49
14 24076934 0 1 0 1 33 34 77 84 67 161
14 24146667 0 1 0 0 3 16 0 42 19 42
14 24148029 0 1 0 1 59 56 89 108 115 197
14 24155532 0 1 0 1 31 29 69 81 60 150
14 24177263 0 1 0 1 31 32 96 79 63 175
14 24177770 0 1 0 0 2 25 0 108 27 108
14 24178608 0 1 0 1 8 7 27 31 15 58
14 24178696 0 1 0 1 32 32 67 82 64 149
14 24178751 0 1 0 1 39 47 89 90 86 179
14 24179833 0 1 0 0 2 33 0 144 35 144
14 24180463 0 1 0 1 20 14 56 60 34 116
14 24188201 0 1 0 1 25 21 61 59 46 120
14 24188288 0 1 0 0 2 36 0 135 38 135
14 24210671 0 1 0 1 22 34 71 68 56 139
14 24233781 0 1 0 1 27 30 61 72 57 133
14 24237576 0 1 0 0 2 26 0 112 28 112
14 24249309 0 1 0 1 31 44 79 76 75 155
14 24290803 0 1 0 1 8 7 34 23 15 57
14 24291049 0 1 0 1 39 26 83 75 65 158
14 24292155 0 1 0 1 21 28 66 83 49 149
14 24292484 0 1 0 1 9 5 21 11 14 32
14 24296478 0 1 0 1 16 12 36 28 28 64
14 24303616 0 1 0 1 15 7 39 33 22 72
14 24303623 0 1 0 1 9 18 37 44 27 81
14 24303759 0 1 0 1 58 44 106 82 102 188
14 24322592 0 1 0 1 35 23 69 71 58 140
14 24325848 0 1 0 0 2 20 0 97 22 97
14 24325909 0 1 0 1 9 14 38 40 23 78
14 24329818 0 1 0 1 14 7 32 30 21 62
14 24330081 0 1 0 1 27 17 50 49 44 99
14 24330372 0 1 0 1 23 9 42 40 32 82
14 24331673 0 1 0 1 6 9 27 20 15 47
14 24332750 0 1 0 1 28 23 66 62 51 128
14 24337023 0 1 0 1 33 38 84 80 71 164
14 24337594 0 1 0 1 30 38 72 92 68 164
14 24338962 0 1 0 1 39 25 79 82 64 161
14 24369415 0 1 0 1 48 37 78 105 85 183
14 24369877 0 1 0 1 13 29 72 59 42 131
14 24374414 0 1 0 1 10 9 58 42 19 100
14 24374493 0 1 0 1 15 10 51 54 25 105
14 24375948 0 1 0 1 14 12 43 33 26 76
14 24376635 0 1 0 1 32 26 70 80 58 150
14 24407858 0 1 0 1 20 28 61 59 48 120
14 24413167 0 1 0 1 11 5 36 34 16 70
14 24413234 0 1 0 1 9 6 35 24 15 59
14 24414681 0 1 0 1 18 11 43 49 29 92
14 24418256 0 1 0 1 12 10 45 41 22 86
14 24429352 0 1 0 1 28 28 68 57 56 125
14 24429487 0 1 0 1 34 29 70 57 63 127
14 24429490 0 1 0 1 32 28 67 59 60 126
14 24429545 0 1 0 1 15 13 31 26 28 57
14 24429574 0 1 0 1 9 10 20 19 19 39
14 24431003 0 1 0 1 13 7 27 32 20 59
14 24432043 0 1 0 1 25 27 81 72 52 153
14 24432070 0 1 0 1 27 26 75 73 53 148
14 24432638 0 1 0 1 37 53 87 88 90 175
14 24436327 0 1 0 1 49 28 61 82 77 143
14 24436342 0 1 0 1 56 37 67 89 93 156
14 24440075 0 1 0 1 25 22 55 64 47 119
14 24440156 0 1 0 1 25 35 86 79 60 165
14 24440269 0 1 0 1 31 46 84 76 77 160
14 24440525 0 1 0 1 30 37 78 87 67 165
14 24441004 0 1 0 1 33 26 84 78 59 162
14 24441670 0 1 0 1 4 11 21 21 15 42
14 24441767 0 1 0 1 23 34 49 71 57 120
14 24441768 0 1 0 1 23 34 48 72 57 120
14 24441910 0 1 0 1 15 15 44 34 30 78
14 24441963 0 1 0 1 11 10 31 30 21 61
14 24442646 0 1 0 1 8 13 45 29 21 74
14 24501802 0 1 0 1 15 18 40 34 33 74
14 24506303 0 1 0 1 6 10 27 32 16 59
14 24506608 0 1 0 1 14 13 42 49 27 91
14 24575506 0 1 0 1 24 18 58 36 42 94
14 24606714 0 1 0 1 5 9 33 45 14 78
14 25267247 0 1 0 1 4 7 15 24 11 39
14 28768762 0 1 0 1 8 9 23 35 17 58
14 28792102 0 1 0 1 38 44 70 91 82 161
14 29593996 0 1 0 1 17 16 47 40 33 87
14 30581009 0 1 0 1 9 6 19 32 15 51
14 30605654 0 1 0 0 2 20 0 90 22 90
14 30622552 0 1 0 1 14 8 28 31 22 59
14 30630532 0 1 0 1 24 27 64 63 51 127
14 30638358 0 1 0 1 12 11 27 30 23 57
14 30683016 0 1 0 1 5 7 19 23 12 42
14 30885890 0 1 0 1 49 57 79 94 106 173
14 30956251 0 1 0 1 26 27 60 53 53 113
14 31026140 0 1 0 1 7 8 22 23 15 45
14 31069778 0 1 0 1 19 17 52 57 36 109
14 31080539 0 1 0 1 24 23 52 59 47 111
14 31109556 0 1 0 1 32 28 56 74 60 130
14 31114306 0 1 0 1 8 13 30 44 21 74
14 31129042 0 1 0 1 49 54 105 86 103 191
14 31141733 0 1 0 1 7 5 27 13 12 40
14 31141758 0 1 0 1 8 13 25 40 21 65
14 31148674 0 1 0 1 5 8 26 22 13 48
14 31150186 0 1 0 1 13 23 63 76 36 139
14 31178242 0 1 0 1 33 28 68 60 61 128
14 31318296 0 1 0 0 3 72 0 150 75 150
14 31326155 0 1 0 1 16 13 48 47 29 95
14 31337408 0 1 0 1 4 6 17 14 10 31
14 31388981 0 1 0 1 38 29 84 76 67 160
14 31389003 0 1 0 1 31 33 65 73 64 138
14 31394019 0 1 0 1 9 9 29 26 18 55
14 31453202 0 1 0 1 26 20 61 58 46 119
14 31457378 0 1 0 1 6 9 11 34 15 45
14 31562287 0 1 0 1 7 6 19 31 13 50
14 31850027 0 1 0 1 13 11 35 36 24 71
14 31850035 0 1 0 1 15 12 38 42 27 80
14 31859302 0 1 0 1 12 11 39 25 23 64
14 31950192 0 1 0 1 36 22 67 74 58 141
14 31964652 0 1 0 1 6 8 22 27 14 49
14 31969278 0 1 0 1 10 18 48 55 28 103
14 31969380 0 1 0 1 17 26 63 79 43 142
14 32006862 0 1 0 1 37 36 72 95 73 167
14 32242489 0 1 0 1 5 7 32 39 12 71
14 32272289 0 1 0 1 12 11 37 39 23 76
14 32545808 0 1 0 1 48 54 99 90 102 189
14 32577265 0 1 0 1 44 38 73 70 82 143
14 32678559 0 1 0 1 7 11 16 27 18 43
14 32773657 0 1 0 1 43 35 94 99 78 193
14 32822288 0 1 0 1 38 47 95 90 85 185
14 32823708 0 1 0 1 49 59 85 107 108 192
14 32824325 0 1 0 1 43 32 79 87 75 166
14 32824836 0 1 0 1 7 9 23 33 16 56
14 33680710 0 1 0 1 16 20 59 65 36 124
14 33680791 0 1 0 1 9 13 26 41 22 67
14 33793892 0 1 0 1 39 24 77 38 63 115
14 33793894 0 1 0 0 3 64 0 122 67 122
14 34629826 0 1 0 0 2 27 0 99 29 99
14 34694181 0 1 0 0 2 12 0 66 14 66
14 34758674 0 1 0 1 26 22 53 37 48 90
14 34758884 0 1 0 1 24 25 63 44 49 107
14 34768668 0 1 0 1 5 7 22 29 12 51
14 34773568 0 1 0 0 2 9 0 45 11 45
14 34773622 0 1 0 1 14 12 42 58 26 100
14 34776542 0 1 0 1 5 9 18 23 14 41
14 34996578 0 1 0 1 7 3 20 11 10 31
14 34999687 0 1 0 1 26 35 79 65 61 144
14 35000785 0 1 0 1 10 9 23 21 19 44
14 35000813 0 1 0 1 17 15 33 35 32 68
14 35000843 0 1 0 1 22 25 52 54 47 106
14 35013591 0 1 0 1 10 13 37 36 23 73
14 35019103 0 1 0 1 18 14 32 36 32 68
14 35028060 0 1 0 1 19 16 37 40 35 77
14 35046751 0 1 0 1 27 33 78 76 60 154
14 35077167 0 1 0 1 66 39 88 95 105 183
14 35077292 0 1 0 1 33 27 68 60 60 128
14 35096667 0 1 0 1 19 30 57 74 49 131
14 35107326 0 1 0 0 2 16 0 91 18 91
14 35122110 0 1 0 1 13 10 42 27 23 69
14 35123332 0 1 0 1 25 18 83 49 43 132
14 35292469 0 1 0 1 13 12 38 44 25 82
14 35292761 0 1 0 1 10 6 21 23 16 44
14 35312698 0 1 0 1 3 8 18 25 11 43
14 35312732 0 1 0 1 7 12 33 37 19 70
14 35313094 0 1 0 1 14 10 50 47 24 97
14 35314500 0 1 0 1 55 51 95 84 106 179
14 35389032 0 1 0 1 7 5 19 19 12 38
14 35402011 0 1 0 1 13 7 33 36 20 69
14 35402754 0 1 0 1 22 18 83 79 40 162
14 35402853 0 1 0 1 15 8 40 41 23 81
14 35402888 0 1 0 1 6 6 26 25 12 51
14 35403559 0 1 0 1 13 29 61 40 42 101
14 35403586 0 1 0 1 35 25 48 84 60 132
14 35403720 0 1 0 1 24 19 58 69 43 127
14 35512701 0 1 0 1 6 5 13 23 11 36
14 35541754 0 1 0 1 43 41 65 97 84 162
14 35570852 0 1 0 0 2 11 0 71 13 71
14 35766327 0 1 0 0 2 12 0 59 14 59
14 36055231 0 1 0 1 8 7 28 13 15 41
14 36308085 0 1 0 0 2 25 0 102 27 102
14 36517707 0 1 0 0 2 16 0 61 18 61
14 36683958 0 1 0 1 23 22 63 51 45 114
14 36683980 0 1 0 1 13 15 44 43 28 87
14 36734492 0 1 0 1 30 25 83 66 55 149
14 36875070 0 1 0 1 37 29 45 85 66 130
14 36875142 0 1 0 1 13 8 8 38 21 46
14 37172633 0 1 0 1 34 35 78 89 69 167
14 37266849 0 1 0 1 14 9 24 36 23 60
14 37545684 0 1 0 1 17 28 47 75 45 122
14 37546874 0 1 0 0 2 15 0 60 17 60
14 37592537 0 1 0 1 34 32 72 72 66 144
14 37623051 0 1 0 1 22 22 49 49 44 98
14 37737613 0 1 0 1 7 7 20 18 14 38
14 37749138 0 1 0 1 39 37 73 105 76 178
14 37787739 0 1 0 1 8 11 25 18 19 43
14 37796869 0 1 0 1 34 35 83 85 69 168
14 37808794 0 1 0 1 16 28 61 68 44 129
14 38209151 0 1 0 1 14 13 22 12 27 34
14 39114793 0 1 0 1 34 29 80 63 63 143
14 39118144 0 1 0 0 2 13 0 59 15 59
14 39237328 0 1 0 0 2 8 0 40 10 40
14 39386101 0 1 0 0 2 11 0 45 13 45
14 44120767 0 1 0 1 10 14 45 35 24 80
14 44505857 0 1 0 0 2 34 0 137 36 137
14 44506308 0 1 0 1 26 33 70 87 59 157
14 44862309 0 1 0 0 2 22 0 86 24 86
14 44863935 0 1 0 0 2 13 0 58 15 58
14 45054574 0 1 0 0 2 35 0 140 37 140
14 45101714 0 1 0 1 2 14 2 73 16 75
14 45105999 0 1 0 1 51 55 86 93 106 179
14 45195472 0 1 0 0 2 36 0 133 38 133
14 45224445 0 1 0 1 22 19 56 74 41 130
14 45246775 0 1 0 0 2 26 0 107 28 107
14 46845735 0 1 0 1 16 21 33 39 37 72
14 47144161 0 1 0 1 49 41 78 96 90 174
14 47343108 0 1 0 1 5 10 35 35 15 70
14 47760853 0 1 0 1 25 24 39 54 49 93
14 47802151 0 1 0 1 13 7 36 33 20 69
14 49374173 0 1 0 1 4 9 27 34 13 61
14 49602353 0 1 0 0 3 70 0 148 73 148
14 49602355 0 1 0 0 4 73 0 153 77 153
14 49602358 0 1 0 0 3 74 0 155 77 155
14 49602359 0 1 0 0 3 72 0 157 75 157
14 49813977 0 1 0 0 2 9 0 47 11 47
14 49992891 0 1 0 1 21 21 82 63 42 145
14 50007288 0 1 0 1 21 25 59 74 46 133
14 50011093 0 1 0 1 5 9 40 45 14 85
14 50156961 0 1 1 1 11 8 57 10 19 67
14 50188589 0 1 0 1 16 6 42 63 22 105
14 50231134 0 1 0 0 2 14 0 84 16 84
14 50265324 0 1 0 1 46 37 88 81 83 169
14 50269229 0 1 0 1 39 43 73 107 82 180
14 50293312 0 1 0 1 20 15 41 49 35 90
14 50314626 0 1 0 1 4 6 18 12 10 30
14 50342247 0 1 0 1 10 8 46 22 18 68
14 50377538 0 1 0 1 13 21 42 57 34 99
14 50378513 0 1 0 1 5 8 11 19 13 30
14 50380292 0 1 0 1 9 7 41 45 16 86
14 50390164 0 1 0 1 29 31 73 83 60 156
14 50410718 0 1 0 0 2 20 0 78 22 78
14 50435050 0 1 0 1 8 14 21 38 22 59
14 50504832 0 1 0 0 2 21 0 102 23 102
14 50587880 0 1 0 1 31 22 59 69 53 128
14 50595575 0 1 0 0 3 66 0 143 69 143
14 50595639 0 1 0 1 44 53 77 106 97 183
14 50595737 0 1 0 1 15 17 47 32 32 79
14 50667320 0 1 0 1 15 14 35 34 29 69
14 50738278 0 1 0 1 51 58 90 98 109 188
14 50888799 0 1 0 1 33 32 61 71 65 132
14 50979251 0 1 0 1 7 7 20 20 14 40
14 50979498 0 1 0 1 31 30 73 69 61 142
14 50981695 0 1 0 1 8 6 16 23 14 39
14 51025238 0 1 0 1 26 33 68 66 59 134
14 51243834 0 1 0 1 8 8 16 33 16 49
14 51245374 0 1 0 1 26 33 63 49 59 112
14 51715363 0 1 0 1 36 37 88 78 73 166
14 51841596 0 1 0 1 35 37 71 102 72 173
14 51877511 0 1 0 0 2 21 0 91 23 91
14 52001923 0 1 0 1 12 11 20 29 23 49
14 52004171 0 1 0 1 5 5 11 25 10 36
14 52011597 0 1 0 1 25 14 49 64 39 113
14 52018979 0 1 0 1 10 25 47 42 35 89
14 52028636 0 1 0 1 20 22 61 43 42 104
14 52038828 0 1 0 1 47 54 83 106 101 189
14 52053584 0 1 0 1 35 36 85 89 71 174
14 52155853 0 1 0 1 17 24 68 60 41 128
14 52156051 0 1 0 1 14 22 41 93 36 134
14 52156065 0 1 0 1 19 25 41 98 44 139
14 52274879 0 1 0 1 27 54 77 74 81 151
14 52470537 0 1 0 1 19 24 60 67 43 127
14 52596903 0 1 0 1 7 9 21 25 16 46
14 52632184 0 1 0 1 45 40 89 90 85 179
14 52634042 0 1 0 1 4 9 17 18 13 35
14 52682347 0 1 0 0 2 30 0 124 32 124
14 52719102 0 1 0 0 2 22 0 94 24 94
14 53062951 0 1 0 1 26 46 47 70 72 117
14 53072753 0 1 0 1 13 5 29 31 18 60
14 53152745 0 1 0 1 14 17 36 58 31 94
14 53152826 0 1 0 1 19 36 69 72 55 141
14 53274760 0 1 0 1 9 7 34 30 16 64
14 53991565 0 1 0 1 17 20 53 56 37 109
14 54412755 0 1 0 1 33 33 91 81 66 172
14 54751443 0 1 0 1 7 10 24 25 17 49
14 54754825 0 1 0 1 24 20 59 56 44 115
14 54774840 0 1 0 1 8 12 18 11 20 29
14 54774841 0 1 0 1 7 13 20 9 20 29
14 54775223 0 1 0 1 6 9 15 24 15 39
14 54788955 0 1 0 1 48 69 92 102 117 194
14 54843774 0 1 0 1 31 23 64 70 54 134
14 54981691 0 1 0 1 33 42 77 94 75 171
14 54988958 0 1 0 0 3 11 0 39 14 39
14 55634494 0 1 0 1 14 19 41 46 33 87
14 55637265 0 1 0 0 3 58 0 107 61 107
14 55641289 0 1 0 1 8 19 48 41 27 89
14 55641802 0 1 0 1 4 6 22 17 10 39
14 55647199 0 1 0 1 7 4 25 23 11 48
14 55648148 0 1 0 1 13 18 45 44 31 89
14 55667224 0 1 0 1 11 23 33 60 34 93
14 55679510 0 1 0 1 10 9 24 20 19 44
14 55680822 0 1 0 1 3 11 21 15 14 36
14 56491529 0 1 0 1 18 18 69 37 36 106
14 56491752 0 1 0 1 8 3 27 24 11 51
14 56580098 0 1 0 1 10 19 41 36 29 77
14 56580111 0 1 0 1 6 16 36 33 22 69
14 56585793 0 1 0 1 51 40 65 103 91 168
14 56615930 0 1 0 1 18 12 50 44 30 94
14 56625320 0 1 0 1 8 8 32 40 16 72
14 57040890 0 1 0 0 2 11 0 53 13 53
14 57209612 0 1 0 1 39 36 77 85 75 162
14 57209793 0 1 0 1 29 23 64 65 52 129
14 57209797 0 1 0 1 28 20 62 60 48 122
14 57244463 0 1 0 1 6 9 10 21 15 31
14 57269236 0 1 0 1 8 10 30 29 18 59
14 57274832 0 1 0 1 23 34 55 77 57 132
14 57490936 0 1 0 1 6 15 37 32 21 69
14 57594004 0 1 0 0 2 22 0 96 24 96
14 58096976 0 1 0 1 8 8 27 24 16 51
14 58116306 0 1 0 1 13 13 50 34 26 84
14 58131534 0 1 0 1 23 21 46 68 44 114
14 58138354 0 1 0 1 39 52 90 98 91 188
14 58202866 0 1 0 0 2 23 0 86 25 86
14 58211339 0 1 0 1 47 51 96 97 98 193
14 58260938 0 1 0 0 2 28 0 106 30 106
14 58328212 0 1 0 1 8 9 36 50 17 86
14 58429464 0 1 0 0 2 31 0 123 33 123
14 58638470 0 1 0 1 15 15 44 47 30 91
14 58646014 0 1 0 1 52 36 100 84 88 184
14 59263735 0 1 0 1 12 19 40 44 31 84
14 59315153 0 1 0 1 12 24 34 35 36 69
14 59324095 0 1 0 1 13 9 33 34 22 67
14 59331755 0 1 0 1 10 7 17 30 17 47
14 59483905 0 1 0 1 27 21 76 56 48 132
14 59484085 0 1 0 1 33 40 89 84 73 173
14 59510570 0 1 0 0 3 66 0 134 69 134
14 59572656 0 1 0 1 10 12 25 35 22 60
14 59605254 0 1 0 1 12 6 20 33 18 53
14 59605305 0 1 0 1 30 20 54 55 50 109
14 59928110 0 1 0 1 5 6 32 34 11 66
14 59966649 0 1 0 1 12 26 53 50 38 103
14 60292377 0 1 0 1 17 19 44 40 36 84
14 60397865 0 1 0 1 38 30 83 78 68 161
14 60433395 0 1 0 1 19 17 41 52 36 93
14 60466034 0 1 0 1 6 5 32 22 11 54
14 60468563 0 1 0 1 7 14 35 45 21 80
14 60509819 0 1 0 1 52 70 96 102 122 198
14 60811966 0 1 0 1 4 17 49 35 21 84
14 60982118 0 1 0 0 2 23 0 90 25 90
14 61083597 0 1 0 0 2 20 0 75 22 75
14 61391251 0 1 0 1 28 19 51 67 47 118
14 61451018 0 1 0 1 17 17 44 40 34 84
14 61457374 0 1 0 1 8 8 44 45 16 89
14 61457521 0 1 0 1 14 6 38 43 20 81
14 61457523 0 1 0 1 13 7 37 48 20 85
14 61530508 0 1 0 1 23 24 67 73 47 140
14 61549680 0 1 0 0 2 21 0 96 23 96
14 61996411 0 1 0 1 45 43 83 90 88 173
14 61996496 0 1 0 1 37 43 69 89 80 158
14 62079538 0 1 0 1 18 12 31 43 30 74
14 62080751 0 1 0 1 7 3 19 20 10 39
14 62084159 0 1 0 1 13 8 42 47 21 89
14 62708242 0 1 0 1 31 43 91 85 74 176
14 62802599 0 1 0 1 30 21 62 73 51 135
14 62950072 0 1 0 1 11 24 59 52 35 111
14 63415127 0 1 0 0 2 28 0 105 30 105
14 63542718 0 1 0 1 5 7 23 31 12 54
14 63542771 0 1 0 1 13 8 41 54 21 95
14 63542803 0 1 0 1 12 8 33 53 20 86
14 63686100 0 1 0 0 2 11 0 54 13 54
14 63941858 0 1 0 0 2 33 0 129 35 129
14 63986406 0 1 0 1 10 5 16 19 15 35
14 64026735 0 1 0 0 2 29 0 108 31 108
14 64026752 0 1 0 0 2 22 0 103 24 103
14 64065417 0 1 0 1 2 11 5 45 13 50
14 64158760 0 1 0 1 45 45 81 91 90 172
14 64221455 0 1 0 0 2 16 0 66 18 66
14 64338283 0 1 0 1 24 16 59 78 40 137
14 64347593 0 1 0 1 18 17 41 71 35 112
14 64415662 0 1 0 1 36 29 65 91 65 156
14 64425921 0 1 0 1 14 13 45 46 27 91
14 64439258 0 1 0 0 2 15 0 66 17 66
14 64442127 0 1 0 1 62 53 98 95 115 193
14 64442433 0 1 0 1 16 13 43 33 29 76
14 64453947 0 1 0 1 23 23 44 63 46 107
14 64469008 0 1 0 1 58 54 90 98 112 188
14 64480463 0 1 0 1 17 19 34 49 36 83
14 64522112 0 1 0 1 55 58 93 97 113 190
14 64540793 0 1 0 0 2 25 0 100 27 100
14 64541533 0 1 0 1 73 67 82 115 140 197
14 64549984 0 1 0 1 42 31 75 71 73 146
14 64562010 0 1 0 1 4 6 16 15 10 31
14 64564816 0 1 0 1 48 45 67 111 93 178
14 64564854 0 1 0 1 48 48 66 109 96 175
14 64587281 0 1 0 1 38 51 84 94 89 178
14 64600378 0 1 0 1 20 44 51 74 64 125
14 64601503 0 1 0 1 22 33 48 86 55 134
14 64601615 0 1 0 1 11 42 23 113 53 136
14 64601618 0 1 0 1 10 45 23 112 55 135
14 64601628 0 1 0 1 11 50 24 109 61 133
14 64729076 0 1 0 1 34 26 81 74 60 155
14 64730408 0 1 0 1 5 11 36 40 16 76
14 64730425 0 1 0 1 4 9 27 36 13 63
14 64731049 0 1 0 1 40 43 68 104 83 172
14 64732763 0 1 0 1 28 27 68 72 55 140
14 64741308 0 1 0 1 36 44 86 93 80 179
14 64742962 0 1 0 1 10 9 34 26 19 60
14 64752299 0 1 0 0 2 19 0 74 21 74
14 64793509 0 1 0 1 44 46 83 102 90 185
14 65053272 0 1 0 1 34 37 88 91 71 179
14 65335093 0 1 0 1 26 34 60 65 60 125
14 65412089 0 1 0 1 35 37 86 88 72 174
14 65561728 0 1 0 1 43 40 82 88 83 170
14 65561787 0 1 0 1 32 27 64 68 59 132
14 65615855 0 1 0 1 10 8 24 25 18 49
14 65616075 0 1 0 1 40 59 99 88 99 187
14 65669445 0 1 0 1 32 36 89 71 68 160
14 65733459 0 1 0 1 14 10 33 31 24 64
14 65742472 0 1 0 1 5 13 22 27 18 49
14 66013050 0 1 0 1 8 5 28 27 13 55
14 67347493 0 1 0 1 6 6 19 27 12 46
14 67364723 0 1 0 1 5 11 2 41 16 43
14 67446075 0 1 0 1 17 16 49 51 33 100
14 67572310 0 1 0 1 13 17 33 48 30 81
14 67573672 0 1 0 1 16 7 28 36 23 64
14 67575538 0 1 0 1 26 16 52 71 42 123
14 67575779 0 1 0 1 7 12 24 25 19 49
14 67578047 0 1 0 0 2 20 0 85 22 85
14 67579036 0 1 0 1 8 12 28 47 20 75
14 67579218 0 1 0 1 28 22 60 59 50 119
14 67600232 0 1 0 1 25 21 70 56 46 126
14 67648284 0 1 0 1 6 4 19 22 10 41
14 67724651 0 1 0 1 8 16 37 34 24 71
14 67729919 0 1 0 1 7 3 18 13 10 31
14 67751007 0 1 0 1 38 38 71 102 76 173
14 67753683 0 1 0 1 37 61 70 96 98 166
14 67753791 0 1 0 1 17 25 54 60 42 114
14 67754215 0 1 0 1 10 18 33 40 28 73
14 67754241 0 1 0 1 6 13 27 26 19 53
14 67754242 0 1 0 1 5 13 26 26 18 52
14 67767710 0 1 0 1 33 53 63 86 86 149
14 67769805 0 1 0 1 14 23 37 29 37 66
14 67776181 0 1 0 1 8 10 13 27 18 40
14 67783430 0 1 0 1 33 43 81 84 76 165
14 67783563 0 1 0 1 9 16 33 37 25 70
14 67785217 0 1 0 1 19 11 50 47 30 97
14 67785952 0 1 0 1 13 21 62 59 34 121
14 67835059 0 1 0 1 15 23 37 47 38 84
14 67885931 0 1 0 1 17 18 70 52 35 122
14 68306581 0 1 0 1 44 55 74 98 99 172
14 68306636 0 1 0 1 35 43 70 79 78 149
14 68306752 0 1 0 1 5 9 15 24 14 39
14 68545501 0 1 0 1 16 15 57 31 31 88
14 68545740 0 1 0 1 9 7 16 31 16 47
14 68545752 0 1 0 1 8 6 11 24 14 35
14 68650733 0 1 0 1 24 27 73 65 51 138
14 68791141 0 1 0 1 4 16 26 35 20 61
14 68796357 0 1 0 1 4 9 20 18 13 38
14 68861724 0 1 0 1 16 23 50 45 39 95
14 68861877 0 1 0 1 38 65 78 114 103 192
14 68861896 0 1 0 1 37 64 77 114 101 191
14 68868125 0 1 0 1 15 11 33 38 26 71
14 68868145 0 1 0 1 14 13 32 40 27 72
14 68868214 0 1 0 1 14 7 30 40 21 70
14 68868706 0 1 0 1 28 33 73 75 61 148
14 68868721 0 1 0 1 27 37 72 83 64 155
14 68868725 0 1 0 1 26 39 70 85 65 155
14 68868847 0 1 0 1 24 20 56 65 44 121
14 68868926 0 1 0 1 4 8 29 29 12 58
14 68875189 0 1 0 1 10 21 53 57 31 110
14 68875195 0 1 0 1 11 21 51 52 32 103
14 68882811 0 1 0 1 27 20 55 54 47 109
14 68909941 0 1 0 1 15 20 46 62 35 108
14 68925547 0 1 0 1 40 33 94 80 73 174
14 69054628 0 1 0 1 24 26 49 63 50 112
14 69229075 0 1 0 1 21 23 32 51 44 83
14 69230412 0 1 0 1 2 13 3 65 15 68
14 69230418 0 1 0 1 2 15 3 73 17 76
14 69236441 0 1 0 1 24 24 57 65 48 122
14 69237836 0 1 0 1 39 27 55 87 66 142
14 69328482 0 1 0 1 39 36 85 73 75 158
14 69331567 0 1 0 1 28 14 71 56 42 127
14 69333175 0 1 0 1 12 17 50 56 29 106
14 69338609 0 1 0 0 2 14 0 75 16 75
14 69339338 0 1 0 1 8 8 28 14 16 42
14 69339614 0 1 0 1 17 18 53 55 35 108
14 69352174 0 1 0 1 8 8 30 23 16 53
14 69454957 0 1 0 1 11 24 39 53 35 92
14 69767515 0 1 0 0 2 25 0 110 27 110
14 70060808 0 1 0 0 3 28 0 90 31 90
14 70060811 0 1 0 0 3 29 0 92 32 92
14 70168084 0 1 0 1 40 32 87 84 72 171
14 70247065 0 1 0 1 2 79 3 116 81 119
14 70247583 0 1 0 1 16 37 40 92 53 132
14 70457733 0 1 0 1 10 19 19 58 29 77
14 70732735 0 1 0 1 43 53 109 81 96 190
14 70738256 0 1 0 1 26 22 95 60 48 155
14 70748818 0 1 0 0 3 17 0 63 20 63
14 70748823 0 1 0 0 3 18 0 69 21 69
14 70907985 0 1 0 1 20 23 76 55 43 131
14 70978071 0 1 0 1 46 44 69 127 90 196
14 70978696 0 1 0 1 6 7 28 33 13 61
14 70988823 0 1 0 1 28 30 48 61 58 109
14 70996042 0 1 0 1 12 13 25 32 25 57
14 71031939 0 1 0 1 8 10 32 43 18 75
14 71671767 0 1 0 1 3 12 30 18 15 48
14 71735268 0 1 0 1 26 58 108 76 84 184
14 71990501 0 1 0 1 36 45 78 56 81 134
14 71990965 0 1 0 1 10 8 49 29 18 78
14 72472787 0 1 0 1 17 36 82 54 53 136
14 72540282 0 1 0 0 2 14 0 82 16 82
14 72547380 0 1 0 1 11 7 34 34 18 68
14 72562470 0 1 0 1 14 18 50 64 32 114
14 72562901 0 1 0 1 4 10 27 42 14 69
14 72723493 0 1 0 1 6 9 15 18 15 33
14 72753312 0 1 0 1 12 8 80 37 20 117
14 72753445 0 1 0 1 8 11 43 34 19 77
14 72753480 0 1 0 1 6 5 27 20 11 47
14 72937972 0 1 0 1 31 15 51 87 46 138
14 72938087 0 1 0 1 15 13 71 44 28 115
14 72938117 0 1 0 1 5 10 26 51 15 77
14 72939960 0 1 0 1 5 6 22 40 11 62
14 72941647 0 1 0 1 7 4 24 12 11 36
14 72942905 0 1 0 1 19 11 60 36 30 96
14 72942975 0 1 0 1 35 40 62 110 75 172
14 72946031 0 1 0 1 34 38 95 65 72 160
14 72947257 0 1 0 1 5 5 35 19 10 54
14 72954576 0 1 0 1 20 24 42 68 44 110
14 72955642 0 1 0 1 48 38 104 82 86 186
14 72958607 0 1 0 1 22 26 53 83 48 136
14 72993405 0 1 0 1 5 7 19 23 12 42
14 73099756 0 1 0 0 2 29 0 128 31 128
14 73198145 0 1 0 1 13 18 25 73 31 98
14 73206247 0 1 0 0 3 41 0 118 44 118
14 73206253 0 1 0 0 3 46 0 126 49 126
14 73251766 0 1 0 1 32 39 65 110 71 175
14 73253295 0 1 0 1 15 13 34 48 28 82
14 73261268 0 1 0 0 2 41 0 169 43 169
14 73263582 0 1 0 1 30 41 103 62 71 165
14 73263987 0 1 0 1 18 38 87 49 56 136
14 73265594 0 1 0 1 5 10 19 41 15 60
14 73266702 0 1 0 1 54 49 75 123 103 198
14 73268543 0 1 0 0 2 31 0 120 33 120
14 73490977 0 1 0 1 6 5 16 15 11 31
14 73491067 0 1 0 1 24 20 53 69 44 122
14 73491397 0 1 0 1 8 14 24 54 22 78
14 73491671 0 1 0 1 33 19 64 96 52 160
14 73492108 0 1 0 1 60 67 67 133 127 200
14 73495137 0 1 0 1 9 16 32 57 25 89
14 73496679 0 1 0 1 13 9 33 61 22 94
14 73502906 0 1 0 1 18 26 61 88 44 149
14 73523155 0 1 0 1 10 11 32 58 21 90
14 73537843 0 1 0 1 8 19 20 112 27 132
14 73592128 0 1 0 1 15 17 42 64 32 106
14 73595264 0 1 0 1 37 41 73 109 78 182
14 73617142 0 1 0 1 23 22 39 115 45 154
14 73662029 0 1 0 0 2 30 0 129 32 129
14 73726724 0 1 0 1 28 26 62 100 54 162
14 73729983 0 1 0 1 22 26 66 95 48 161
14 73730089 0 1 0 1 17 27 37 78 44 115
14 73730141 0 1 0 1 5 11 20 54 16 74
14 73737350 0 1 0 1 14 22 47 48 36 95
14 73739778 0 1 0 1 34 48 71 111 82 182
14 73874094 0 1 0 1 49 43 73 116 92 189
14 73874421 0 1 0 1 4 14 23 42 18 65
14 73896334 0 1 0 0 2 24 0 110 26 110
14 73905072 0 1 0 0 2 15 0 58 17 58
14 73909253 0 1 0 1 10 14 23 39 24 62
14 73932509 0 1 0 1 27 20 38 83 47 121
14 73938053 0 1 0 1 52 54 71 120 106 191
14 73942329 0 1 0 1 7 7 23 30 14 53
14 73942332 0 1 0 1 7 9 23 33 16 56
14 73942780 0 1 0 0 2 13 0 89 15 89
14 73949962 0 1 0 1 16 20 42 81 36 123
14 73955626 0 1 0 1 19 14 56 43 33 99
14 73958353 0 1 0 1 13 10 16 54 23 70
14 73961742 0 1 0 1 30 54 81 111 84 192
14 73967156 0 1 0 1 22 24 46 75 46 121
14 73970029 0 1 0 0 2 41 0 156 43 156
14 73971716 0 1 0 0 2 21 0 83 23 83
14 73972792 0 1 0 1 9 11 24 28 20 52
14 73974834 0 1 0 1 13 17 50 72 30 122
14 73974981 0 1 0 1 12 11 39 80 23 119
14 73987008 0 1 0 1 27 31 90 73 58 163
14 74023032 0 1 0 1 19 21 76 59 40 135
14 74057166 0 1 0 1 42 51 56 127 93 183
14 74057246 0 1 0 1 50 58 70 123 108 193
14 74064782 0 1 0 1 15 8 60 85 23 145
14 74072003 0 1 0 1 20 25 84 46 45 130
14 74084205 0 1 0 1 13 13 54 32 26 86
14 74084815 0 1 0 1 11 12 34 42 23 76
14 74084823 0 1 0 1 14 12 39 48 26 87
14 74097765 0 1 0 1 25 25 53 95 50 148
14 74097902 0 1 0 1 28 19 42 80 47 122
14 74097906 0 1 0 1 22 21 46 71 43 117
14 74101249 0 1 0 1 17 11 40 72 28 112
14 74239526 0 1 0 0 2 27 0 103 29 103
14 74289446 0 1 0 0 2 27 0 100 29 100
14 74300368 0 1 0 0 2 22 0 97 24 97
14 74507037 0 1 0 1 7 9 42 24 16 66
14 74516792 0 1 0 1 17 27 33 75 44 108
14 74525256 0 1 0 1 30 25 72 52 55 124
14 74526097 0 1 0 1 14 10 63 46 24 109
14 74532405 0 1 0 1 14 14 56 35 28 91
14 74535904 0 1 0 1 15 18 64 36 33 100
14 74536072 0 1 0 1 11 24 30 80 35 110
14 74552299 0 1 0 1 30 38 58 103 68 161
14 74555568 0 1 0 1 14 22 51 79 36 130
14 74661285 0 1 0 0 2 40 0 161 42 161
14 74670107 0 1 0 0 2 19 0 105 21 105
14 74670961 0 1 0 1 16 9 49 49 25 98
14 74675903 0 1 0 1 36 31 63 97 67 160
14 74712937 0 1 0 0 2 19 0 74 21 74
14 74733994 0 1 0 1 45 36 98 76 81 174
14 74764250 0 1 0 1 25 24 91 57 49 148
14 74809376 0 1 0 1 22 11 63 44 33 107
14 74811599 0 1 0 1 19 16 54 38 35 92
14 74812692 0 1 0 1 24 24 77 52 48 129
14 74889190 0 1 0 0 2 20 0 98 22 98
14 74892967 0 1 0 1 36 19 74 97 55 171
14 74894474 0 1 0 1 34 38 63 94 72 157
14 74899744 0 1 0 1 6 4 22 26 10 48
14 74901037 0 1 0 1 10 8 17 38 18 55
14 74901104 0 1 0 1 35 25 40 84 60 124
14 74909529 0 1 0 1 9 6 18 38 15 56
14 74909890 0 1 0 1 2 33 2 137 35 139
14 74910064 0 1 0 0 2 40 0 154 42 154
14 74949297 0 1 0 1 24 21 80 57 45 137
14 75047912 0 1 0 0 3 55 0 169 58 169
14 75109741 0 1 0 1 19 18 48 86 37 134
14 75269156 0 1 0 1 24 46 100 65 70 165
14 75278923 0 1 0 1 24 20 86 56 44 142
14 75279987 0 1 0 1 18 24 106 66 42 172
14 75292182 0 1 0 1 35 29 56 118 64 174
14 75578877 0 1 0 1 14 24 35 68 38 103
14 75579019 0 1 0 1 71 68 75 126 139 201
14 75579515 0 1 0 1 44 43 68 122 87 190
14 75579620 0 1 0 1 49 66 73 121 115 194
14 75579761 0 1 0 1 4 12 14 51 16 65
14 75624854 0 1 0 1 20 12 33 49 32 82
14 75662944 0 1 0 1 13 18 42 30 31 72
14 75669406 0 1 0 0 3 50 0 145 53 145
14 75681713 0 1 0 1 32 39 90 54 71 144
14 75683487 0 1 0 1 20 20 46 88 40 134
14 75690266 0 1 0 1 52 63 106 85 115 191
14 75709222 0 1 0 1 22 26 54 53 48 107
14 75709251 0 1 0 1 18 18 36 37 36 73
14 75720033 0 1 0 1 7 7 19 28 14 47
14 75735139 0 1 0 1 23 39 96 62 62 158
14 75757810 0 1 0 1 37 46 99 85 83 184
14 75771660 0 1 0 1 10 22 40 49 32 89
14 75771860 0 1 0 1 30 13 44 55 43 99
14 75775746 0 1 0 1 7 5 26 13 12 39
14 75820718 0 1 0 1 17 27 68 43 44 111
14 75904015 0 1 0 1 4 6 9 38 10 47
14 75944394 0 1 0 1 2 13 50 37 15 87
14 75963525 0 1 0 1 8 16 33 59 24 92
14 75965793 0 1 0 1 11 24 57 38 35 95
14 76059172 0 1 0 1 11 8 20 25 19 45
14 76059210 0 1 0 1 17 12 33 56 29 89
14 76076513 0 1 0 1 14 23 32 54 37 86
14 76076661 0 1 0 1 36 50 76 113 86 189
14 76083409 0 1 0 1 17 19 70 35 36 105
14 76196027 0 1 0 1 37 33 88 65 70 153
14 76439434 0 1 0 1 18 24 44 103 42 147
14 76439814 0 1 0 1 10 9 40 41 19 81
14 76690363 0 1 0 1 5 6 22 23 11 45
14 76763196 0 1 0 1 16 12 52 26 28 78
14 76770037 0 1 0 1 37 28 63 86 65 149
14 76773224 0 1 0 1 15 17 42 85 32 127
14 76806649 0 1 0 1 52 43 93 98 95 191
14 76826649 0 1 0 1 32 35 61 98 67 159
14 76836106 0 1 0 1 7 7 31 19 14 50
14 76839490 0 1 0 1 2 9 22 20 11 42
14 77027265 0 1 0 0 2 24 0 89 26 89
14 77027304 0 1 0 1 11 10 42 37 21 79
14 77173603 0 1 0 1 12 10 27 42 22 69
14 77218722 0 1 0 0 2 9 0 63 11 63
14 77219960 0 1 0 1 19 18 36 70 37 106
14 77233590 0 1 0 1 18 13 40 63 31 103
14 77239383 0 1 0 1 26 24 55 81 50 136
14 77270745 0 1 0 1 10 14 28 55 24 83
14 77277301 0 1 0 1 5 6 35 16 11 51
14 77279033 0 1 0 1 10 13 46 34 23 80
14 77279769 0 1 0 1 34 36 66 115 70 181
14 77279774 0 1 0 1 38 37 118 63 75 181
14 77279967 0 1 0 1 66 52 121 78 118 199
14 77283714 0 1 0 1 10 10 25 37 20 62
14 77288878 0 1 0 1 34 27 49 103 61 152
14 77299682 0 1 0 1 17 9 37 22 26 59
14 77299684 0 1 0 1 15 8 36 20 23 56
14 77301039 0 1 0 1 16 8 44 27 24 71
14 77321363 0 1 0 1 28 17 53 98 45 151
14 77324529 0 1 0 1 53 24 64 100 77 164
14 77326864 0 1 0 1 41 36 57 110 77 167
14 77326894 0 1 0 1 36 27 47 104 63 151
14 77327849 0 1 0 1 35 32 91 78 67 169
14 77330298 0 1 0 1 38 45 70 110 83 180
14 77343596 0 1 0 1 13 10 39 24 23 63
14 77484919 0 1 0 0 2 24 0 115 26 115
14 77562343 0 1 0 1 6 9 15 30 15 45
14 77697080 0 1 0 1 9 10 40 21 19 61
14 77697100 0 1 0 0 2 10 0 55 12 55
14 77708069 0 1 0 0 2 33 0 145 35 145
14 77717363 0 1 0 1 7 5 19 19 12 38
14 77718223 0 1 0 1 23 46 71 102 69 173
14 77720689 0 1 0 1 42 21 71 100 63 171
14 77722594 0 1 0 1 15 17 39 67 32 106
14 77734049 0 1 0 1 10 11 35 61 21 96
14 77859332 0 1 0 1 9 13 43 48 22 91
14 77899269 0 1 0 1 28 23 54 102 51 156
14 77900624 0 1 0 1 67 82 64 132 149 196
14 77907984 0 1 0 1 15 32 72 51 47 123
14 77925669 0 1 0 1 11 10 21 37 21 58
14 78243471 0 1 0 1 42 45 117 80 87 197
14 78300471 0 1 0 1 8 3 26 11 11 37
14 78709678 0 1 0 1 10 16 41 62 26 103
14 78810231 0 1 0 1 22 23 49 64 45 113
14 78988000 0 1 0 1 3 42 3 110 45 113
14 78988176 0 1 0 1 23 16 36 65 39 101
14 79805241 0 1 0 1 15 18 60 29 33 89
14 80526969 0 1 0 0 2 19 0 81 21 81
14 80792734 0 1 0 1 27 21 64 41 48 105
14 80894614 0 1 0 1 20 21 36 86 41 122
14 80916501 0 1 0 1 34 36 58 122 70 180
14 81088033 0 1 0 0 2 37 0 146 39 146
14 81091050 0 1 0 0 2 18 0 74 20 74
14 81916277 0 1 0 1 9 6 34 65 15 99
14 83805595 0 1 0 1 4 8 34 59 12 93
14 85529790 0 1 0 0 2 37 0 140 39 140
14 86914800 0 1 0 1 16 13 38 61 29 99
14 86920320 0 1 0 1 31 23 55 94 54 149
14 87934009 0 1 0 1 19 23 39 90 42 129
14 87939776 0 1 0 1 8 10 48 33 18 81
14 87939783 0 1 0 1 10 12 46 39 22 85
14 87941544 0 1 0 1 27 37 68 92 64 160
14 87941573 0 1 0 1 25 22 66 60 47 126
14 87945493 0 1 0 1 18 11 29 59 29 88
14 87947867 0 1 0 1 25 18 61 101 43 162
14 87965554 0 1 0 1 26 28 102 69 54 171
14 87986842 0 1 0 1 4 7 20 22 11 42
14 87986934 0 1 0 1 25 26 78 59 51 137
14 87987080 0 1 0 1 22 13 49 59 35 108
14 87988347 0 1 0 1 2 8 20 10 10 30
14 87988566 0 1 0 1 8 10 52 35 18 87
14 88011069 0 1 0 1 55 82 132 66 137 198
14 88185618 0 1 0 1 38 31 66 109 69 175
14 88192420 0 1 0 1 19 29 48 100 48 148
14 88235048 0 1 0 1 15 9 51 35 24 86
14 88263587 0 1 0 1 10 7 25 28 17 53
14 88391362 0 1 0 1 7 3 17 18 10 35
14 88437847 0 1 0 0 3 73 0 173 76 173
14 88577970 0 1 0 0 3 37 0 111 40 111
14 88618510 0 1 0 1 7 8 25 12 15 37
14 88662960 0 1 0 1 13 29 71 44 42 115
14 88739034 0 1 0 0 2 16 0 70 18 70
14 88841014 0 1 0 0 2 45 0 171 47 171
14 88870008 0 1 0 1 10 9 42 18 19 60
14 88871723 0 1 0 0 2 37 0 136 39 136
14 89111069 0 1 0 1 10 15 67 34 25 101
14 89125283 0 1 0 1 43 47 70 116 90 186
14 89125485 0 1 0 1 16 24 58 30 40 88
14 89162757 0 1 0 0 2 42 0 152 44 152
14 89350746 0 1 0 0 2 28 0 151 30 151
14 89417678 0 1 0 1 10 27 39 98 37 137
14 89629101 0 1 0 1 18 38 102 71 56 173
14 89738147 0 1 0 1 35 31 96 61 66 157
14 90062599 0 1 0 0 2 33 0 134 35 134
14 90107708 0 1 0 1 16 15 37 63 31 100
14 90256656 0 1 0 1 22 27 41 93 49 134
14 90256715 0 1 0 1 11 12 27 42 23 69
14 90260332 0 1 0 1 46 33 49 102 79 151
14 90263587 0 1 0 1 5 5 27 30 10 57
14 90263921 0 1 0 1 11 14 38 54 25 92
14 90268482 0 1 0 1 17 18 63 34 35 97
14 90274244 0 1 0 1 30 31 110 67 61 177
14 90278328 0 1 0 1 18 8 53 42 26 95
14 90279078 0 1 0 1 43 63 119 75 106 194
14 90288194 0 1 0 1 15 17 46 56 32 102
14 90301263 0 1 0 1 26 44 87 61 70 148
14 90301402 0 1 0 1 25 26 84 65 51 149
14 90301415 0 1 0 1 22 25 78 58 47 136
14 90301512 0 1 0 1 3 8 28 10 11 38
14 90303195 0 1 0 1 22 27 89 56 49 145
14 90400002 0 1 0 1 10 10 34 39 20 73
14 90617994 0 1 0 1 12 18 54 76 30 130
14 90647127 0 1 0 1 10 13 46 24 23 70
14 90676495 0 1 0 0 2 23 0 109 25 109
14 90676675 0 1 0 0 2 28 0 117 30 117
14 90899303 0 1 0 1 10 18 15 57 28 72
14 90899305 0 1 0 1 13 31 49 82 44 131
14 90900157 0 1 0 0 2 21 0 100 23 100
14 90920134 0 1 0 1 12 15 39 45 27 84
14 91001223 0 1 0 1 8 9 14 63 17 77
14 91160266 0 1 0 1 19 32 83 60 51 143
14 91250870 0 1 0 1 39 30 68 112 69 180
14 91272737 0 1 0 1 8 9 45 52 17 97
14 91285464 0 1 0 1 35 56 56 127 91 183
14 91293507 0 1 0 1 2 13 6 19 15 25
14 91293509 0 1 0 1 3 13 5 22 16 27
14 91293537 0 1 0 1 5 9 9 22 14 31
14 91293567 0 1 0 1 5 10 7 20 15 27
14 91293570 0 1 0 1 3 14 4 19 17 23
14 91293571 0 1 0 1 2 14 3 21 16 24
14 91294178 0 1 0 1 19 23 41 71 42 112
14 91297293 0 1 0 1 17 10 48 57 27 105
14 91310090 0 1 0 1 17 12 27 55 29 82
14 91325976 0 1 0 1 17 26 87 62 43 149
14 91342346 0 1 0 1 16 9 41 24 25 65
14 91342510 0 1 0 1 16 17 80 59 33 139
14 91587018 0 1 0 1 13 15 29 46 28 75
14 91624865 0 1 0 0 2 26 0 97 28 97
14 91674084 0 1 0 1 11 16 71 37 27 108
14 91719387 0 1 0 1 9 9 53 33 18 86
14 91723022 0 1 0 1 7 12 29 33 19 62
14 91725006 0 1 0 1 13 8 47 48 21 95
14 91942109 0 1 0 0 2 26 0 123 28 123
14 91974722 0 1 0 1 6 5 23 18 11 41
14 91993754 0 1 0 1 12 19 62 42 31 104
14 92007599 0 1 0 1 3 14 37 32 17 69
14 92025509 0 1 0 1 5 9 38 25 14 63
14 92070879 0 1 0 1 12 19 81 59 31 140
14 92071010 0 1 0 1 7 10 31 30 17 61
14 92080832 0 1 0 1 7 6 41 22 13 63
14 92082441 0 1 0 1 41 35 93 84 76 177
14 92082552 0 1 0 1 6 9 33 22 15 55
14 92083242 0 1 0 1 24 18 71 37 42 108
14 92096224 0 1 0 1 21 16 58 55 37 113
14 92121658 0 1 0 1 11 13 35 65 24 100
14 92142990 0 1 0 1 19 20 39 54 39 93
14 92158011 0 1 0 1 6 7 16 29 13 45
14 92161324 0 1 0 1 12 13 30 51 25 81
14 92454027 0 1 0 1 26 26 40 109 52 149
14 92456337 0 1 0 1 9 9 23 35 18 58
14 92492872 0 1 0 1 5 16 54 26 21 80
14 92515262 0 1 0 1 22 20 67 73 42 140
14 92641245 0 1 0 1 60 45 120 77 105 197
14 92651693 0 1 0 1 23 38 64 101 61 165
14 92652323 0 1 0 1 34 24 75 98 58 173
14 92652324 0 1 0 1 24 35 100 75 59 175
14 92653062 0 1 0 1 9 18 39 63 27 102
14 92659070 0 1 0 1 9 10 30 31 19 61
14 92704396 0 1 0 1 26 34 98 76 60 174
14 92704556 0 1 0 1 24 21 87 60 45 147
14 92704648 0 1 0 1 43 34 119 65 77 184
14 92712670 0 1 0 0 3 34 0 93 37 93
14 92716121 0 1 0 1 27 29 89 62 56 151
14 92732627 0 1 0 1 8 7 26 21 15 47
14 92732628 0 1 0 1 7 8 21 27 15 48
14 92809369 0 1 0 1 16 26 97 61 42 158
14 92923058 0 1 0 1 7 14 61 30 21 91
14 92926489 0 1 0 1 12 10 67 39 22 106
14 92932756 0 1 0 1 23 27 100 47 50 147
14 92934833 0 1 0 1 26 29 99 65 55 164
14 92938392 0 1 0 1 15 14 55 38 29 93
14 92940717 0 1 0 1 31 23 96 58 54 154
14 92940903 0 1 0 1 12 18 51 64 30 115
14 92940956 0 1 0 1 6 7 40 37 13 77
14 92946264 0 1 0 1 4 7 40 32 11 72
14 92962715 0 1 0 1 22 28 88 69 50 157
14 93183156 0 1 0 1 4 7 16 22 11 38
14 93207235 0 1 0 1 3 7 25 42 10 67
14 93207310 0 1 0 1 25 18 56 83 43 139
14 93218751 0 1 0 1 14 11 43 49 25 92
14 93223955 0 1 0 1 6 9 28 24 15 52
14 93227076 0 1 0 1 38 43 111 57 81 168
14 93246295 0 1 0 0 3 23 0 44 26 44
14 93332864 0 1 0 0 2 26 0 108 28 108
14 93630941 0 1 0 1 35 43 89 66 78 155
14 93637256 0 1 0 1 50 38 87 95 88 182
14 93686422 0 1 0 1 13 9 57 23 22 80
14 93694175 0 1 0 1 9 11 44 27 20 71
14 93694265 0 1 0 1 28 30 92 69 58 161
14 93779303 0 1 0 1 37 50 100 51 87 151
14 93925359 0 1 0 1 14 27 51 74 41 125
14 93934303 0 1 0 0 2 15 0 59 17 59
14 93937627 0 1 0 1 12 8 31 38 20 69
14 93937871 0 1 0 1 17 32 46 104 49 150
14 93942278 0 1 0 0 2 37 0 137 39 137
14 93948106 0 1 0 1 9 7 21 20 16 41
14 93951075 0 1 0 1 40 53 125 69 93 194
14 93951240 0 1 0 1 11 11 50 35 22 85
14 93953319 0 1 0 1 35 34 57 128 69 185
14 93955142 0 1 0 1 35 35 52 98 70 150
14 94057818 0 1 0 0 2 30 0 117 32 117
14 94088204 0 1 0 1 18 15 62 30 33 92
14 94096847 0 1 0 1 20 30 78 54 50 132
14 94100687 0 1 0 1 7 10 44 22 17 66
14 94128431 0 1 0 1 19 14 34 53 33 87
14 94129457 0 1 0 1 23 20 83 40 43 123
14 94129608 0 1 0 1 25 35 50 117 60 167
14 94129652 0 1 0 1 12 16 38 77 28 115
14 94242157 0 1 0 1 13 8 33 23 21 56
14 94250051 0 1 0 1 9 8 32 22 17 54
14 94258612 0 1 0 1 6 13 25 13 19 38
14 94265770 0 1 0 1 20 26 91 66 46 157
14 94265830 0 1 0 0 2 29 0 137 31 137
14 94283955 0 1 0 1 24 27 87 60 51 147
14 94289782 0 1 0 1 28 25 84 40 53 124
14 94290113 0 1 0 1 27 27 98 59 54 157
14 94290413 0 1 0 1 36 43 89 82 79 171
14 94290457 0 1 0 1 23 31 74 64 54 138
14 94306092 0 1 0 1 19 23 69 61 42 130
14 94306167 0 1 0 1 22 24 63 76 46 139
14 94309882 0 1 0 1 70 61 73 120 131 193
14 94310050 0 1 0 1 14 13 38 56 27 94
14 94310064 0 1 0 1 13 11 32 45 24 77
14 94314271 0 1 0 1 24 23 47 96 47 143
14 94366696 0 1 0 1 29 52 60 121 81 181
14 94378506 0 1 0 1 32 47 64 113 79 177
14 94381078 0 1 0 1 10 20 48 61 30 109
14 94382864 0 1 0 1 17 16 41 92 33 133
14 94476054 0 1 0 1 3 8 37 21 11 58
14 94489797 0 1 0 1 4 8 51 21 12 72
14 94561683 0 1 0 1 19 18 67 43 37 110
14 94563515 0 1 0 1 20 16 44 56 36 100
14 94563928 0 1 0 0 2 44 0 187 46 187
14 94567334 0 1 0 1 4 6 20 34 10 54
14 94568005 0 1 0 1 8 15 29 42 23 71
14 94590314 0 1 0 0 2 14 0 62 16 62
14 94619305 0 1 0 1 27 26 52 108 53 160
14 94632028 0 1 0 1 9 9 21 36 18 57
14 94632029 0 1 0 1 9 9 22 34 18 56
14 94634411 0 1 0 1 18 11 53 29 29 82
14 94641022 0 1 0 1 11 14 43 58 25 101
14 94641636 0 1 0 1 17 22 78 53 39 131
14 94643496 0 1 0 1 50 48 68 111 98 179
14 94643680 0 1 0 1 13 10 38 56 23 94
14 95108277 0 1 0 0 2 7 0 36 9 36
14 95112338 0 1 0 1 28 33 74 56 61 130
14 95115624 0 1 0 1 43 42 70 90 85 160
14 95117779 0 1 0 1 10 9 44 39 19 83
14 95193410 0 1 0 1 13 13 64 32 26 96
14 95193905 0 1 0 1 32 36 91 77 68 168
14 95194644 0 1 0 1 38 36 83 68 74 151
14 95194691 0 1 0 1 18 22 57 45 40 102
14 95203909 0 1 0 0 4 78 0 180 82 180
14 95222622 0 1 0 1 29 22 92 66 51 158
14 95229938 0 1 0 1 10 16 44 30 26 74
14 95409760 0 1 0 1 10 10 22 40 20 62
14 95432150 0 1 0 1 23 21 78 60 44 138
14 95432270 0 1 0 1 19 18 41 73 37 114
14 95432298 0 1 0 0 2 21 0 81 23 81
14 95432338 0 1 0 1 6 6 22 24 12 46
14 95439686 0 1 0 1 32 25 55 110 57 165
14 95439984 0 1 0 1 27 35 114 55 62 169
14 95444596 0 1 0 1 23 42 95 70 65 165
14 95444671 0 1 0 1 40 40 105 76 80 181
14 95444723 0 1 0 1 21 14 60 69 35 129
14 95444786 0 1 0 1 3 8 42 26 11 68
14 95446051 0 1 0 1 32 46 70 95 78 165
14 95452129 0 1 0 1 12 8 28 30 20 58
14 95452136 0 1 0 1 12 10 33 33 22 66
14 95452176 0 1 0 1 24 18 48 64 42 112
14 95452288 0 1 0 1 51 57 127 68 108 195
14 95452404 0 1 0 1 13 19 44 36 32 80
14 95452408 0 1 0 1 13 19 44 32 32 76
14 95452422 0 1 0 1 9 14 37 28 23 65
14 95466291 0 1 0 1 11 28 64 40 39 104
14 95516993 0 1 0 1 29 37 100 71 66 171
14 95542970 0 1 0 1 20 29 43 92 49 135
14 95636762 0 1 0 1 23 15 65 50 38 115
14 95636778 0 1 0 1 14 22 50 66 36 116
14 95636932 0 1 0 1 14 21 56 45 35 101
14 95663618 0 1 0 1 25 36 80 91 61 171
14 96090491 0 1 0 1 7 4 18 22 11 40
14 96090509 0 1 0 1 6 8 32 21 14 53
14 96240715 0 1 0 1 63 72 81 118 135 199
14 96241120 0 1 0 1 63 47 119 79 110 198
14 96263805 0 1 0 1 19 23 80 63 42 143
14 96276266 0 1 0 1 38 31 66 89 69 155
14 96290690 0 1 0 0 2 11 0 57 13 57
14 96295177 0 1 0 1 27 35 80 59 62 139
14 96311071 0 1 0 1 16 12 38 72 28 110
14 96311131 0 1 0 1 32 32 63 110 64 173
14 96317127 0 1 0 1 7 4 25 15 11 40
14 96317390 0 1 0 1 3 7 27 21 10 48
14 96329660 0 1 0 1 5 8 31 21 13 52
14 96362953 0 1 0 1 18 27 64 100 45 164
14 96385734 0 1 0 1 16 10 41 59 26 100
14 96392330 0 1 0 1 13 15 55 32 28 87
14 96404767 0 1 0 1 20 25 88 68 45 156
14 96437819 0 1 0 0 2 17 0 86 19 86
14 96456415 0 1 0 1 38 46 115 68 84 183
14 96502515 0 1 0 0 2 18 0 84 20 84
14 96536950 0 1 0 0 2 35 0 128 37 128
14 96876163 0 1 0 1 27 29 51 94 56 145
14 97633533 0 1 0 1 20 23 80 50 43 130
14 97977948 0 1 0 1 7 28 28 91 35 119
14 99463492 0 1 0 0 4 79 0 153 83 153
14 99510765 0 1 0 0 2 22 0 92 24 92
14 99572772 0 1 0 1 39 32 99 74 71 173
14 99659384 0 1 0 1 7 6 37 29 13 66
14 99668969 0 1 0 1 13 16 57 34 29 91
14 99675352 0 1 0 1 42 33 50 97 75 147
14 99691904 0 1 0 1 15 24 59 46 39 105
14 99699336 0 1 0 1 16 15 63 35 31 98
14 99699963 0 1 0 1 40 50 69 119 90 188
14 99700152 0 1 0 1 6 7 23 34 13 57
14 99715821 0 1 0 0 2 25 0 95 27 95
14 99851039 0 1 0 1 6 4 17 38 10 55
14 99865539 0 1 0 1 15 46 61 101 61 162
14 99897334 0 1 0 1 12 9 14 33 21 47
14 99897335 0 1 0 1 12 9 13 33 21 46
14 99898223 0 1 0 0 2 27 0 118 29 118
14 99917895 0 1 0 1 16 8 59 30 24 89
14 99937730 0 1 0 1 9 7 28 18 16 46
14 99939856 0 1 0 1 18 10 38 51 28 89
14 100097425 0 1 0 1 11 7 35 44 18 79
14 100141258 0 1 0 1 27 49 64 110 76 174
14 100146756 0 1 0 1 42 21 80 57 63 137
14 100146990 0 1 0 1 13 16 42 33 29 75
14 100148868 0 1 0 1 7 4 25 12 11 37
14 100149624 0 1 0 1 31 44 117 65 75 182
14 100159565 0 1 0 1 38 38 71 105 76 176
14 100274745 0 1 0 0 2 28 0 110 30 110
14 100292165 0 1 0 1 25 24 75 53 49 128
14 100292709 0 1 0 1 49 51 58 136 100 194
14 100326145 0 1 0 1 46 38 80 104 84 184
14 100327280 0 1 0 1 42 48 65 120 90 185
14 100328802 0 1 0 1 32 25 67 102 57 169
14 100329001 0 1 0 1 29 39 90 70 68 160
14 100342173 0 1 0 1 18 11 28 63 29 91
14 100342389 0 1 0 1 15 15 77 50 30 127
14 100342508 0 1 0 1 8 5 26 37 13 63
14 100346740 0 1 0 1 21 18 48 66 39 114
14 100354643 0 1 0 1 10 4 18 37 14 55
14 100366054 0 1 0 1 29 22 60 106 51 166
14 100381100 0 1 0 1 37 40 118 69 77 187
14 100381280 0 1 0 1 32 38 95 67 70 162
14 100381987 0 1 0 0 2 14 0 96 16 96
14 100468265 0 1 0 1 9 13 36 40 22 76
14 100539225 0 1 0 1 24 32 61 104 56 165
14 100539412 0 1 0 0 2 13 0 62 15 62
14 100567853 0 1 0 1 8 9 23 40 17 63
14 100568021 0 1 0 0 2 11 0 54 13 54
14 100569715 0 1 0 1 22 30 61 109 52 170
14 100672120 0 1 0 1 6 10 24 42 16 66
14 100834675 0 1 0 1 15 16 39 62 31 101
14 100845392 0 1 0 1 21 13 70 49 34 119
14 100874613 0 1 0 0 2 27 0 109 29 109
14 100939674 0 1 0 1 12 6 54 38 18 92
14 100945616 0 1 0 1 9 23 64 40 32 104
14 100945734 0 1 0 0 2 29 0 114 31 114
14 100963231 0 1 0 1 14 14 61 29 28 90
14 100964857 0 1 0 1 32 28 96 52 60 148
14 100967132 0 1 0 1 24 47 88 64 71 152
14 100967215 0 1 0 1 18 16 41 35 34 76
14 100969034 0 1 0 1 15 17 52 55 32 107
14 100973533 0 1 0 1 2 8 28 18 10 46
14 100973579 0 1 0 1 13 24 63 35 37 98
14 100975881 0 1 0 1 54 59 128 70 113 198
14 100981180 0 1 0 1 9 11 28 32 20 60
14 100982088 0 1 0 1 29 31 81 53 60 134
14 100986237 0 1 0 1 18 12 48 33 30 81
14 100987007 0 1 0 1 19 22 68 45 41 113
14 100988241 0 1 0 1 63 57 107 79 120 186
14 100988257 0 1 0 1 51 50 99 77 101 176
14 101039881 0 1 0 1 23 16 59 43 39 102
14 101552580 0 1 0 1 23 23 56 81 46 137
14 101552609 0 1 0 1 22 29 58 97 51 155
14 101552626 0 1 0 1 28 30 61 99 58 160
14 101552820 0 1 0 1 13 5 25 36 18 61
14 101893152 0 1 0 1 52 41 110 76 93 186
14 101893231 0 1 0 1 18 17 52 40 35 92
14 101894579 0 1 0 1 41 46 104 80 87 184
14 101909515 0 1 0 1 10 13 35 52 23 87
14 101980063 0 1 0 1 9 4 20 22 13 42
14 101988596 0 1 0 1 19 7 53 27 26 80
14 101991691 0 1 0 1 17 17 69 48 34 117
14 101991715 0 1 0 1 8 13 53 36 21 89
14 102002468 0 1 0 0 2 11 0 45 13 45
14 102030015 0 1 0 1 5 13 42 34 18 76
14 102033907 0 1 0 1 12 8 33 31 20 64
14 102040728 0 1 0 1 28 41 44 106 69 150
14 102041719 0 1 0 1 54 58 115 70 112 185
14 102044537 0 1 0 1 39 49 117 75 88 192
14 102048678 0 1 0 1 4 6 31 30 10 61
14 102082047 0 1 0 1 14 14 33 50 28 83
14 102084932 0 1 0 0 3 66 0 172 69 172
14 102326891 0 1 0 0 2 8 0 53 10 53
14 102376720 0 1 0 1 41 53 54 128 94 182
14 102408463 0 1 0 0 3 38 0 103 41 103
14 102449828 0 1 0 1 46 48 74 122 94 196
14 102496791 0 1 0 1 4 9 28 27 13 55
14 102499061 0 1 0 0 2 37 0 146 39 146
14 102593309 0 1 0 0 2 15 0 85 17 85
14 102870467 0 1 0 1 8 6 34 14 14 48
14 102875712 0 1 0 1 32 24 95 61 56 156
14 102891266 0 1 0 1 16 18 60 44 34 104
14 102903826 0 1 0 1 33 27 77 57 60 134
14 102903835 0 1 0 0 3 56 0 139 59 139
14 102905840 0 1 0 0 2 19 0 82 21 82
14 102922662 0 1 0 1 10 12 40 86 22 126
14 102922666 0 1 0 1 11 12 40 82 23 122
14 102930718 0 1 0 1 14 9 37 57 23 94
14 102939738 0 1 0 1 73 74 114 87 147 201
14 102945764 0 1 0 1 30 27 73 86 57 159
14 102950693 0 1 0 1 12 17 59 31 29 90
14 102963083 0 1 0 1 8 8 67 34 16 101
14 102968402 0 1 0 1 51 63 126 69 114 195
14 102974136 0 1 0 1 30 33 98 68 63 166
14 102986730 0 1 0 1 9 8 42 17 17 59
14 103103799 0 1 0 1 3 17 3 63 20 66
14 103104042 0 1 0 0 2 33 0 121 35 121
14 103104392 0 1 0 0 2 32 0 139 34 139
14 103106897 0 1 0 0 2 36 0 144 38 144
14 103135361 0 1 0 0 3 110 0 193 113 193
14 103340513 0 1 0 1 32 22 53 107 54 160
14 103386388 0 1 0 1 38 38 104 82 76 186
14 103412144 0 1 0 1 15 9 54 30 24 84
14 103412687 0 1 0 1 11 4 18 22 15 40
14 103457138 0 1 0 1 7 6 24 47 13 71
14 103519918 0 1 0 1 21 11 86 30 32 116
14 103520741 0 1 0 1 5 5 24 19 10 43
14 103520968 0 1 0 1 13 14 46 85 27 131
14 103520973 0 1 0 0 2 28 0 131 30 131
14 103521843 0 1 0 1 4 15 44 44 19 88
14 103535180 0 1 0 1 25 22 108 50 47 158
14 103561220 0 1 0 1 11 12 31 37 23 68
14 103563041 0 1 0 1 17 24 41 82 41 123
14 103563455 0 1 0 1 3 7 37 33 10 70
14 103587204 0 1 0 0 2 14 0 60 16 60
14 103662653 0 1 0 0 2 25 0 98 27 98
14 103687022 0 1 0 0 2 17 0 107 19 107
14 103699416 0 1 0 1 14 19 26 54 33 80
14 103700738 0 1 0 1 9 12 50 58 21 108
14 103701208 0 1 0 1 29 35 48 98 64 146
14 103701227 0 1 0 1 23 27 39 83 50 122
14 103706470 0 1 0 1 31 30 55 89 61 144
14 103711658 0 1 0 0 2 27 0 127 29 127
14 103735967 0 1 0 1 9 7 18 33 16 51
14 103737601 0 1 0 1 8 8 14 26 16 40
14 103746612 0 1 0 1 13 14 33 50 27 83
14 103749956 0 1 0 1 35 27 44 76 62 120
14 103753084 0 1 0 0 2 37 0 145 39 145
14 103753125 0 1 0 0 2 23 0 121 25 121
14 103763106 0 1 0 1 5 5 6 25 10 31
14 103778697 0 1 0 1 28 11 34 53 39 87
14 103784939 0 1 0 1 19 23 46 73 42 119
14 104006386 0 1 0 0 2 17 0 93 19 93
14 104008486 0 1 0 0 2 36 0 149 38 149
14 104018309 0 1 0 1 24 16 69 48 40 117
14 104093225 0 1 0 0 2 25 0 98 27 98
14 104093286 0 1 0 1 30 27 88 66 57 154
14 104095661 0 1 0 1 39 44 107 56 83 163
14 104097537 0 1 0 1 10 15 89 48 25 137
14 104109194 0 1 0 1 26 21 55 83 47 138
14 104112480 0 1 0 1 25 38 45 86 63 131
14 104173307 0 1 0 1 29 27 85 70 56 155
14 104173674 0 1 1 1 6 6 33 11 12 44
14 104174144 0 1 0 0 2 31 0 131 33 131
14 104175275 0 1 0 1 54 53 109 87 107 196
14 104175455 0 1 0 1 25 26 54 96 51 150
14 104176085 0 1 0 1 26 30 84 79 56 163
14 104177084 0 1 0 1 21 21 49 99 42 148
14 104177384 0 1 0 1 32 19 60 90 51 150
14 104177522 0 1 0 1 18 14 37 49 32 86
14 104177762 0 1 0 1 21 23 43 87 44 130
14 104177810 0 1 0 1 14 15 68 32 29 100
14 104587784 0 1 0 0 2 39 0 155 41 155
14 104588967 0 1 0 1 17 7 50 28 24 78
14 104591611 0 1 0 1 15 9 47 18 24 65
14 104593687 0 1 0 1 5 9 36 26 14 62
14 104593692 0 1 0 1 4 7 31 26 11 57
14 104596916 0 1 0 1 14 13 63 24 27 87
14 104683936 0 1 0 1 9 9 23 37 18 60
14 104703826 0 1 0 1 9 13 29 61 22 90
14 104703838 0 1 0 1 10 14 28 69 24 97
14 104703885 0 1 0 1 10 17 37 86 27 123
14 104703912 0 1 0 0 2 24 0 120 26 120
14 104708680 0 1 0 0 3 66 0 175 69 175
14 104712857 0 1 0 1 24 34 65 101 58 166
14 104714147 0 1 0 1 8 9 27 59 17 86
14 104714228 0 1 0 1 25 20 61 95 45 156
14 104714369 0 1 0 1 33 31 57 128 64 185
14 104729893 0 1 0 1 10 7 43 27 17 70
14 104739835 0 1 0 1 22 32 57 102 54 159
14 104740703 0 1 0 1 50 54 61 124 104 185
14 104741720 0 1 0 1 13 7 41 33 20 74
14 104742056 0 1 0 1 7 3 28 21 10 49
14 104747039 0 1 0 1 21 18 74 35 39 109
14 104755700 0 1 0 1 15 16 71 41 31 112
14 104759283 0 1 0 1 26 16 44 61 42 105
14 104766758 0 1 0 1 17 20 65 46 37 111
14 104772267 0 1 0 1 16 26 61 43 42 104
14 104773557 0 1 0 1 6 8 60 37 14 97
14 104775041 0 1 0 1 24 27 55 80 51 135
14 104775270 0 1 0 1 4 12 30 54 16 84
14 104775891 0 1 0 1 11 25 55 36 36 91
14 104776629 0 1 0 1 36 34 104 52 70 156
14 104780070 0 1 0 1 21 17 55 48 38 103
14 104792556 0 1 0 1 34 37 101 52 71 153
14 104801242 0 1 0 1 37 57 101 85 94 186
14 104801750 0 1 0 0 2 29 0 154 31 154
14 104801767 0 1 0 1 12 15 92 59 27 151
14 104801891 0 1 0 1 11 17 94 57 28 151
14 104883072 0 1 0 0 2 33 0 140 35 140
14 104883199 0 1 0 0 3 71 0 180 74 180
14 104884018 0 1 0 1 43 46 56 132 89 188
14 104886314 0 1 0 1 13 21 67 48 34 115
14 104893078 0 1 0 0 2 26 0 101 28 101
14 104894470 0 1 0 0 2 28 0 113 30 113
14 104931820 0 1 0 0 2 33 0 133 35 133
14 104942768 0 1 0 1 17 15 69 41 32 110
14 104946026 0 1 0 1 5 5 20 21 10 41
14 104946577 0 1 0 1 10 47 22 149 57 171
14 104946592 0 1 0 1 9 47 28 148 56 176
14 104946606 0 1 0 1 8 38 30 143 46 173
14 104947901 0 1 0 1 9 20 61 52 29 113
14 104949886 0 1 0 1 3 64 5 163 67 168
14 104949986 0 1 0 1 9 61 8 116 70 124
14 104950118 0 1 0 1 4 20 13 97 24 110
14 104950397 0 1 0 1 34 30 70 95 64 165
14 104951938 0 1 0 1 5 23 7 68 28 75
14 104953797 0 1 0 1 51 51 67 129 102 196
14 104957554 0 1 0 1 25 18 106 64 43 170
14 104957726 0 1 0 0 2 20 0 82 22 82
14 105011948 0 1 0 1 17 18 59 30 35 89
14 105057326 0 1 0 1 11 11 53 23 22 76
14 105142231 0 1 0 1 3 8 21 14 11 35
14 105157474 0 1 0 1 8 3 28 15 11 43
14 105181204 0 1 0 0 2 9 0 57 11 57
14 105220233 0 1 0 1 16 7 50 31 23 81
14 105226360 0 1 0 1 14 15 54 38 29 92
14 105249178 0 1 0 1 21 30 41 125 51 166
14 105249697 0 1 0 1 34 48 62 97 82 159
14 105256389 0 1 0 1 41 28 59 116 69 175
14 105380015 0 1 0 0 2 24 0 95 26 95
14 105411887 0 1 0 1 29 22 90 52 51 142
14 105465225 0 1 0 1 11 7 49 34 18 83
14 105488350 0 1 0 1 29 30 72 46 59 118
14 105549534 0 1 0 1 7 6 39 20 13 59
14 105587771 0 1 0 1 14 21 45 99 35 144
14 105588119 0 1 0 1 2 27 15 113 29 128
14 105588355 0 1 0 1 3 131 3 195 134 198
14 105588356 0 1 0 1 5 130 4 194 135 198
14 105588411 0 1 0 1 23 111 45 144 134 189
14 105588454 0 1 0 1 24 62 49 99 86 148
14 105588459 0 1 0 1 18 58 45 96 76 141
14 105588475 0 1 0 1 9 42 32 88 51 120
14 105588517 0 1 0 1 4 14 5 64 18 69
14 105588521 0 1 0 1 3 13 4 66 16 70
14 105600189 0 1 0 0 3 25 0 118 28 118
14 105619044 0 1 0 1 5 7 13 24 12 37
14 105619110 0 1 0 1 12 5 39 16 17 55
14 105619121 0 1 0 1 2 12 5 43 14 48
14 105624509 0 1 0 1 4 16 22 50 20 72
14 105624992 0 1 0 1 6 10 11 59 16 70
14 105625167 0 1 0 1 12 25 39 110 37 149
14 105625218 0 1 0 1 16 40 45 114 56 159
14 105625360 0 1 0 1 20 51 50 137 71 187
14 105643545 0 1 0 0 2 22 0 101 24 101
14 105644711 0 1 0 0 2 18 0 78 20 78
14 105662072 0 1 0 1 4 9 29 38 13 67
14 105668258 0 1 0 1 4 7 11 39 11 50
14 105668556 0 1 0 0 13 6 0 54 19 54
14 105707164 0 1 0 1 24 58 37 102 82 139
14 105707924 0 1 1 1 16 13 88 0 29 88
14 105708181 0 1 1 1 23 25 111 3 48 114
14 105708317 0 1 0 1 2 17 14 51 19 65
14 105721708 0 1 0 0 6 6 1 52 12 53
14 105721893 0 1 0 1 3 37 5 115 40 120
14 105722214 0 1 1 1 8 9 42 1 17 43
14 105741426 0 1 0 1 8 5 20 7 13 27
14 105763285 0 1 0 1 7 6 51 19 13 70
14 105763300 0 1 0 1 4 11 19 54 15 73
14 105763312 0 1 0 1 5 9 17 66 14 83
14 105769191 0 1 0 1 4 12 11 25 16 36
14 105769198 0 1 0 1 4 13 12 29 17 41
14 105769230 0 1 0 0 8 14 0 59 22 59
14 105769232 0 1 0 0 8 14 0 56 22 56
14 105769277 0 1 0 1 4 11 5 43 15 48
14 105770114 0 1 1 1 11 31 32 4 42 36
14 105770121 0 1 1 1 8 26 27 4 34 31
14 105838501 0 1 0 1 5 15 2 48 20 50
14 105851916 0 1 1 1 48 29 130 1 77 131
14 105852010 0 1 1 1 38 27 91 1 65 92
14 105855808 0 1 1 1 32 27 118 1 59 119
14 105863709 0 1 1 1 27 22 125 0 49 125
14 105884838 0 1 1 1 55 48 8 2 103 10
14 105891786 0 1 1 1 45 87 9 2 132 11
14 105903477 0 1 0 0 14 17 0 52 31 52
14 105903537 0 1 1 1 44 36 124 0 80 124
14 105903575 0 1 1 1 51 50 153 0 101 153
14 105907227 0 1 1 1 18 20 76 0 38 76
14 105907228 0 1 1 1 17 21 78 0 38 78
14 105907350 0 1 1 1 21 25 104 2 46 106
14 105909779 0 1 0 0 14 18 0 78 32 78
14 105909862 0 1 1 1 26 21 82 2 47 84
14 105910285 0 1 0 0 21 16 0 51 37 51
14 105913103 0 1 1 1 15 27 92 2 42 94
14 105913161 0 1 1 1 46 34 135 1 80 136
14 105914312 0 1 1 1 17 10 59 0 27 59
14 105916828 0 1 0 0 17 17 0 85 34 85
14 105921137 0 1 1 1 42 41 120 0 83 120
14 105921312 0 1 1 1 20 13 47 0 33 47
14 105948548 0 1 0 0 3 13 0 34 16 34
14 105979092 0 1 0 0 6 6 0 30 12 30
14 105986541 0 1 0 0 8 14 0 49 22 49
14 105986677 0 1 0 1 2 101 3 142 103 145
14 105986686 0 1 0 1 15 94 15 138 109 153
14 105986702 0 1 0 1 22 95 25 125 117 150
14 105986703 0 1 0 1 22 93 26 124 115 150
14 105986708 0 1 0 1 23 90 26 125 113 151
14 105986709 0 1 0 1 24 91 27 125 115 152
14 105986725 0 1 0 1 37 88 46 117 125 163
14 105986757 0 1 0 1 37 71 46 96 108 142
14 105986775 0 1 0 1 13 59 20 93 72 113
14 105986776 0 1 0 1 13 57 18 92 70 110
14 105986781 0 1 0 1 11 57 16 92 68 108
14 105986782 0 1 0 1 11 56 16 92 67 108
14 105986785 0 1 0 1 11 56 16 93 67 109
14 105986787 0 1 0 1 13 55 19 93 68 112
14 106005119 0 1 0 0 38 37 0 136 75 136
14 106005124 0 1 0 0 42 36 0 139 78 139
14 106012281 0 1 0 0 4 7 0 39 11 39
14 106038048 0 1 0 1 5 55 12 100 60 112
14 106038072 0 1 0 1 10 52 26 92 62 118
14 106038076 0 1 0 1 11 52 28 86 63 114
14 106038085 0 1 0 1 12 48 30 79 60 109
14 106038090 0 1 0 1 12 44 30 75 56 105
14 106038092 0 1 0 1 12 44 28 74 56 102
14 106038103 0 1 0 1 10 42 29 72 52 101
14 106038108 0 1 0 1 11 39 30 67 50 97
14 106038109 0 1 0 1 11 39 30 64 50 94
14 106038147 0 1 0 1 8 36 19 57 44 76
14 106038249 0 1 0 1 6 81 15 108 87 123
14 106038252 0 1 0 1 6 81 15 112 87 127
14 106038254 0 1 0 1 6 81 15 111 87 126
14 106038258 0 1 0 1 6 83 15 109 89 124
14 106038260 0 1 0 1 6 84 15 111 90 126
14 106038271 0 1 0 1 6 98 15 118 104 133
14 106038279 0 1 0 1 6 99 15 122 105 137
14 106038291 0 1 0 1 6 102 13 124 108 137
14 106038293 0 1 0 1 6 102 11 125 108 136
14 106038301 0 1 0 1 5 97 10 125 102 135
14 106038309 0 1 0 1 5 92 6 119 97 125
14 106038310 0 1 0 1 3 93 5 120 96 125
14 106038319 0 1 0 1 3 85 2 115 88 117
14 106055788 0 1 0 0 10 10 0 66 20 66
14 106062169 0 1 0 1 3 37 4 63 40 67
14 106062229 0 1 0 1 19 59 23 86 78 109
14 106145923 0 1 0 1 3 68 4 100 71 104
14 106145950 0 1 0 1 20 77 23 110 97 133
14 106145951 0 1 0 1 20 75 23 110 95 133
14 106145956 0 1 0 1 20 81 23 109 101 132
14 106145961 0 1 0 1 20 79 23 108 99 131
14 106145986 0 1 0 1 19 84 23 105 103 128
14 106165524 0 1 0 1 2 38 4 87 40 91
14 106165529 0 1 0 1 2 39 4 90 41 94
14 106165552 0 1 0 1 2 43 4 88 45 92
14 106210941 0 1 0 1 3 51 3 62 54 65
14 106210949 0 1 0 1 11 57 13 67 68 80
14 106210968 0 1 0 1 26 65 34 77 91 111
14 106211049 0 1 0 1 76 81 83 103 157 186
14 106211055 0 1 0 1 70 85 76 101 155 177
14 106211059 0 1 0 1 67 87 72 100 154 172
14 106211069 0 1 0 1 60 88 62 104 148 166
14 106211077 0 1 0 1 53 88 57 105 141 162
14 106211085 0 1 0 1 47 86 48 108 133 156
14 106211100 0 1 0 1 32 82 28 111 114 139
14 106211118 0 1 0 1 12 79 11 110 91 121
14 106211167 0 1 1 1 17 33 92 3 50 95
14 106211383 0 1 0 1 2 39 3 92 41 95
14 106211394 0 1 0 1 3 33 6 79 36 85
14 106235188 0 1 0 1 2 97 8 154 99 162
14 106235189 0 1 0 1 2 97 8 152 99 160
14 106235209 0 1 0 1 8 90 24 142 98 166
14 106235214 0 1 0 1 9 89 28 140 98 168
14 106268552 0 1 0 0 6 15 0 31 21 31
14 106287630 0 1 1 1 30 24 89 1 54 90
14 106289043 0 1 0 0 9 4 0 28 13 28
14 106324325 0 1 0 1 5 31 12 50 36 62
14 106324340 0 1 0 1 10 32 21 52 42 73
14 106324346 0 1 0 1 15 34 30 51 49 81
14 106324388 0 1 0 1 20 51 38 79 71 117
14 106324415 0 1 0 1 11 59 22 104 70 126
14 106324428 0 1 0 1 2 72 8 123 74 131
14 106324433 0 1 0 1 10 63 19 113 73 132
14 106324442 0 1 0 1 2 67 3 119 69 122
14 106335019 0 1 0 1 10 37 22 55 47 77
14 106335083 0 1 0 1 32 65 33 95 97 128
14 106335196 0 1 0 1 50 94 50 121 144 171
14 106335208 0 1 0 1 32 116 56 122 148 178
14 106335277 0 1 0 1 47 68 52 125 115 177
14 106335278 0 1 0 1 46 68 53 125 114 178
14 106344579 0 1 0 1 4 10 10 35 14 45
14 106349075 0 1 0 1 3 7 14 21 10 35
14 106349211 0 1 0 1 2 18 14 48 20 62
14 106349219 0 1 0 1 3 15 15 52 18 67
14 106349221 0 1 0 1 3 16 15 51 19 66
14 106349288 0 1 0 1 2 14 14 36 16 50
14 106349312 0 1 0 1 3 14 15 23 17 38
14 106349318 0 1 0 1 2 13 15 19 15 34
14 106349375 0 1 0 1 7 29 9 40 36 49
14 106349417 0 1 0 1 24 42 36 37 66 73
14 106349419 0 1 0 1 27 42 39 38 69 77
14 106349456 0 1 0 1 56 35 72 37 91 109
14 106349457 0 1 0 1 30 62 57 54 92 111
14 106349462 0 1 0 1 63 35 81 35 98 116
14 106349471 0 1 0 1 29 65 18 103 94 121
14 106349478 0 1 0 1 66 32 87 33 98 120
14 106349484 0 1 0 1 29 71 18 102 100 120
14 106349515 0 1 0 1 49 24 61 42 73 103
14 106349557 0 1 0 1 10 22 12 46 32 58
14 106349561 0 1 0 1 5 23 6 50 28 56
14 106389332 0 1 0 0 2 20 0 81 22 81
14 106389361 0 1 0 0 2 34 0 124 36 124
14 106410741 0 1 0 1 5 57 11 142 62 153
14 106410781 0 1 0 1 11 68 10 158 79 168
14 106410837 0 1 0 1 6 87 7 173 93 180
14 106470185 0 1 0 1 11 9 19 27 20 46
14 106470222 0 1 0 1 11 11 25 45 22 70
14 106470288 0 1 0 1 13 30 33 102 43 135
14 106470299 0 1 0 1 11 30 26 117 41 143
14 106470464 0 1 0 1 2 40 3 111 42 114
14 106507393 0 1 0 1 19 19 69 55 38 124
14 106511086 0 1 0 1 4 26 7 63 30 70
14 106511104 0 1 0 1 4 38 7 87 42 94
14 106511115 0 1 0 1 8 42 12 95 50 107
14 106511175 0 1 0 1 10 86 21 152 96 173
14 106511183 0 1 0 1 10 92 21 157 102 178
14 106511184 0 1 0 1 10 95 21 158 105 179
14 106511189 0 1 0 1 10 93 21 160 103 181
14 106511194 0 1 0 1 10 95 21 163 105 184
14 106511231 0 1 0 1 2 109 3 191 111 194
14 106518629 0 1 0 1 23 28 57 65 51 122
14 106518738 0 1 0 1 16 32 59 79 48 138
14 106518774 0 1 0 1 15 25 44 68 40 112
14 106518817 0 1 0 1 12 15 38 51 27 89
14 106518901 0 1 0 1 12 11 34 42 23 76
14 106518904 0 1 0 1 11 11 32 43 22 75
14 106537884 0 1 0 1 10 47 13 104 57 117
14 106537890 0 1 0 1 34 32 36 90 66 126
14 106537943 0 1 0 1 24 75 35 139 99 174
14 106537997 0 1 0 1 8 36 10 101 44 111
14 106538002 0 1 0 1 5 36 6 98 41 104
14 106538007 0 1 0 1 2 29 3 91 31 94
14 106538126 0 1 0 1 4 37 10 119 41 129
14 106538127 0 1 0 1 4 37 10 121 41 131
14 106556917 0 1 0 1 12 9 33 25 21 58
14 106557129 0 1 0 1 38 38 74 96 76 170
14 106565708 0 1 0 1 7 4 17 29 11 46
14 106578996 0 1 0 1 45 32 87 81 77 168
14 106586538 0 1 0 1 16 15 55 50 31 105
14 106592891 0 1 0 1 5 34 12 74 39 86
14 106592994 0 1 0 1 5 35 15 102 40 117
14 106593002 0 1 0 1 5 36 15 103 41 118
14 106593020 0 1 0 1 5 38 14 104 43 118
14 106593039 0 1 0 1 5 43 14 122 48 136
14 106593041 0 1 0 1 5 43 14 121 48 135
14 106622553 0 1 0 1 46 52 91 92 98 183
14 106622776 0 1 0 1 43 47 87 95 90 182
14 106627081 0 1 0 1 3 11 8 60 14 68
14 106627384 0 1 0 0 10 22 0 42 32 42
14 106627385 0 1 0 0 10 22 0 43 32 43
14 106627393 0 1 0 0 16 25 0 51 41 51
14 106627394 0 1 0 0 15 26 0 54 41 54
14 106627419 0 1 0 0 25 34 0 93 59 93
14 106627421 0 1 0 0 26 35 0 98 61 98
14 106627496 0 1 0 1 5 36 3 71 41 74
14 106627497 0 1 0 1 5 36 3 71 41 74
14 106627569 0 1 0 1 4 13 7 53 17 60
14 106627607 0 1 0 1 4 20 7 61 24 68
14 106631196 0 1 0 1 8 7 22 22 15 44
14 106631218 0 1 0 1 8 11 22 30 19 52
14 106631224 0 1 0 1 8 12 22 38 20 60
14 106631254 0 1 0 1 6 21 12 60 27 72
14 106631284 0 1 0 1 10 19 22 68 29 90
14 106631294 0 1 0 1 2 32 9 94 34 103
14 106631326 0 1 0 1 15 33 36 94 48 130
14 106631364 0 1 0 1 10 43 35 107 53 142
14 106631371 0 1 0 1 20 34 46 94 54 140
14 106631380 0 1 0 1 20 32 44 91 52 135
14 106631387 0 1 0 1 12 39 37 93 51 130
14 106631392 0 1 0 1 19 32 39 89 51 128
14 106631568 0 1 0 1 26 16 67 59 42 126
14 106631573 0 1 0 1 25 16 65 57 41 122
14 106639254 0 1 0 1 14 7 23 25 21 48
14 106639255 0 1 0 1 13 8 23 26 21 49
14 106639263 0 1 0 1 15 6 25 34 21 59
14 106639264 0 1 0 1 14 8 26 34 22 60
14 106639289 0 1 0 1 18 14 49 40 32 89
14 106639291 0 1 0 1 18 13 49 40 31 89
14 106639333 0 1 0 1 14 15 51 47 29 98
14 106639372 0 1 0 1 2 10 18 16 12 34
14 106639373 0 1 0 1 2 10 17 16 12 33
14 106639473 0 1 0 1 2 10 4 24 12 28
14 106639481 0 1 0 1 2 10 6 26 12 32
14 106643129 0 1 0 1 3 11 16 25 14 41
14 106643144 0 1 0 1 3 16 21 25 19 46
14 106643153 0 1 0 1 5 17 22 33 22 55
14 106643154 0 1 0 1 6 16 23 34 22 57
14 106643159 0 1 0 1 7 19 25 37 26 62
14 106643259 0 1 0 1 19 38 54 70 57 124
14 106643290 0 1 0 1 12 39 30 72 51 102
14 106643302 0 1 0 1 6 37 23 63 43 86
14 106643304 0 1 0 1 6 37 19 64 43 83
14 106643325 0 1 0 1 6 31 22 65 37 87
14 106643390 0 1 0 1 5 13 13 56 18 69
14 106643400 0 1 0 1 2 13 6 63 15 69
14 106643448 0 1 0 1 3 28 7 89 31 96
14 106643477 0 1 0 1 8 37 33 94 45 127
14 106643497 0 1 0 1 11 42 38 88 53 126
14 106643499 0 1 0 1 12 43 39 87 55 126
14 106643508 0 1 0 1 11 41 43 88 52 131
14 106643555 0 1 0 1 10 26 31 94 36 125
14 106643556 0 1 0 1 10 26 30 94 36 124
14 106657835 0 1 0 1 51 53 80 111 104 191
14 106657993 0 1 0 1 3 24 11 81 27 92
14 106658016 0 1 0 1 14 26 10 100 40 110
14 106658110 0 1 0 1 12 52 11 155 64 166
14 106658177 0 1 0 1 15 19 60 60 34 120
14 106666157 0 1 0 1 18 39 41 81 57 122
14 106666170 0 1 0 1 22 46 41 91 68 132
14 106675274 0 1 0 1 2 9 12 70 11 82
14 106675284 0 1 0 1 2 11 11 79 13 90
14 106675378 0 1 0 1 3 20 14 80 23 94
14 106675380 0 1 0 1 3 20 14 79 23 93
14 106675394 0 1 0 1 3 22 29 74 25 103
14 106680831 0 1 0 1 19 30 55 62 49 117
14 106680856 0 1 0 1 15 23 65 56 38 121
14 106714576 0 1 0 1 6 6 3 38 12 41
14 106714577 0 1 0 1 6 7 3 40 13 43
14 106714581 0 1 0 1 5 10 4 41 15 45
14 106714594 0 1 0 1 8 16 7 56 24 63
14 106714620 0 1 0 1 7 16 7 53 23 60
14 106714808 0 1 0 1 23 37 49 48 60 97
14 106714815 0 1 0 1 20 31 41 43 51 84
14 106714830 0 1 0 1 13 23 27 28 36 55
14 106723768 0 1 0 1 28 30 54 85 58 139
14 106723818 0 1 0 1 8 37 10 110 45 120
14 106723819 0 1 0 1 8 37 10 110 45 120
14 106723845 0 1 0 1 12 38 17 109 50 126
14 106723896 0 1 0 1 7 25 8 75 32 83
14 106723897 0 1 0 1 5 25 8 74 30 82
14 106728237 0 1 0 1 4 32 7 63 36 70
14 106750410 0 1 0 1 5 15 11 51 20 62
14 106762573 0 1 0 1 6 4 26 27 10 53
14 106775438 0 1 0 1 9 10 25 39 19 64
14 106790663 0 1 0 1 10 6 30 59 16 89
14 106802973 0 1 0 1 26 21 84 66 47 150
14 106810005 0 1 0 1 10 10 31 24 20 55
14 106810329 0 1 0 1 4 13 31 20 17 51
14 106872645 0 1 0 1 3 7 16 15 10 31
14 106872984 0 1 0 1 12 13 43 37 25 80
14 106874941 0 1 0 1 13 21 53 45 34 98
14 106874947 0 1 0 1 13 19 48 44 32 92
14 106874951 0 1 0 1 12 18 45 41 30 86
