chr pos bloodGT1 bloodGT2 tumorGT1 tumorGT2 AN BN AT BT sN sT
18 48104 0 1 0 1 5 18 9 55 23 64
18 48387 0 1 0 1 6 18 11 56 24 67
18 48398 0 1 0 1 6 20 14 63 26 77
18 48399 0 1 0 1 6 19 14 64 25 78
18 108116 0 1 0 1 8 10 13 20 18 33
18 108128 0 1 0 1 9 9 14 18 18 32
18 108131 0 1 0 1 8 9 10 19 17 29
18 108142 0 1 0 1 3 15 3 27 18 30
18 108165 0 1 0 1 8 8 12 13 16 25
18 108385 0 1 0 1 3 14 4 27 17 31
18 108400 0 1 0 1 7 15 14 26 22 40
18 108408 0 1 0 1 9 13 17 23 22 40
18 108411 0 1 0 1 9 13 17 22 22 39
18 108439 0 1 0 1 2 21 6 38 23 44
18 108467 0 1 0 1 4 22 9 39 26 48
18 108468 0 1 0 1 2 24 3 44 26 47
18 109956 0 1 0 1 3 15 10 44 18 54
18 109968 0 1 0 1 1 17 3 51 18 54
18 109970 0 1 0 1 2 18 9 43 20 52
18 109981 0 1 0 1 2 18 7 43 20 50
18 110000 0 1 0 1 2 15 8 32 17 40
18 110303 0 1 0 1 3 11 5 22 14 27
18 110326 0 1 0 0 5 9 0 26 14 26
18 110352 0 1 0 1 1 15 3 35 16 38
18 166819 0 1 0 1 21 17 61 62 38 123
18 204780 0 1 0 1 7 11 28 37 18 65
18 214959 0 1 0 1 18 7 36 37 25 73
18 264012 0 1 0 1 17 23 48 69 40 117
18 348265 0 1 0 1 13 5 15 23 18 38
18 904765 0 1 0 1 12 16 41 39 28 80
18 2656249 0 1 0 1 17 24 68 63 41 131
18 2718267 0 1 0 1 10 9 46 68 19 114
18 2724932 0 1 0 1 13 19 40 52 32 92
18 2726415 0 1 0 0 2 21 0 104 23 104
18 2738582 0 1 0 1 40 32 62 75 72 137
18 2740716 0 1 0 1 7 5 35 18 12 53
18 2750479 0 1 0 1 8 14 40 47 22 87
18 2763699 0 1 0 1 39 58 67 103 97 170
18 2777925 0 1 0 1 16 19 52 62 35 114
18 2802516 0 1 0 0 3 47 0 130 50 130
18 2920249 0 1 0 1 7 9 23 21 16 44
18 2946522 0 1 0 1 51 50 89 100 101 189
18 2954441 0 1 0 1 19 25 40 71 44 111
18 3067601 0 1 0 1 5 11 36 29 16 65
18 3075714 0 1 0 1 20 21 53 54 41 107
18 3089524 0 1 0 1 6 15 32 36 21 68
18 3089679 0 1 0 1 21 32 59 56 53 115
18 3100431 0 1 0 1 40 47 74 101 87 175
18 3112233 0 1 0 1 3 9 27 29 12 56
18 3112254 0 1 0 1 13 5 37 32 18 69
18 3164387 0 1 0 1 43 29 75 71 72 146
18 3188978 0 1 0 1 38 64 82 97 102 179
18 3214920 0 1 0 1 13 8 35 38 21 73
18 3215032 0 1 0 1 21 17 55 65 38 120
18 3447873 0 1 0 1 23 27 73 73 50 146
18 3534177 0 1 0 1 47 53 85 71 100 156
18 3708369 0 1 0 0 3 38 0 119 41 119
18 3742572 0 1 0 1 27 24 61 70 51 131
18 5133200 0 1 0 1 9 14 16 39 23 55
18 5232784 0 1 0 0 3 27 0 69 30 69
18 5437968 0 1 0 1 31 27 76 66 58 142
18 5577259 0 1 0 1 13 10 30 29 23 59
18 5630532 0 1 0 1 12 7 53 36 19 89
18 5891638 0 1 0 1 58 61 88 110 119 198
18 5956473 0 1 0 1 21 22 45 44 43 89
18 5960166 0 1 0 1 33 41 62 65 74 127
18 6046718 0 1 0 1 19 10 46 51 29 97
18 6239934 0 1 0 1 2 50 2 128 52 130
18 6576157 0 1 0 1 10 19 42 38 29 80
18 6588866 0 1 0 1 40 29 75 70 69 145
18 6589557 0 1 0 1 42 44 68 90 86 158
18 6837447 0 1 0 1 13 10 37 38 23 75
18 6873355 0 1 0 1 9 4 12 23 13 35
18 6896634 0 1 0 0 2 15 0 71 17 71
18 6928139 0 1 0 1 14 7 35 30 21 65
18 6928181 0 1 0 1 18 13 41 32 31 73
18 6928258 0 1 0 1 11 9 21 22 20 43
18 6928292 0 1 0 1 6 7 15 22 13 37
18 6928339 0 1 0 1 7 8 13 31 15 44
18 6928423 0 1 0 1 22 21 42 82 43 124
18 6966274 0 1 0 0 2 36 0 131 38 131
18 6985271 0 1 0 1 23 23 56 76 46 132
18 6985469 0 1 0 1 19 32 53 74 51 127
18 6985500 0 1 0 1 26 42 67 84 68 151
18 6985508 0 1 0 1 40 29 79 70 69 149
18 6985632 0 1 0 1 29 18 54 50 47 104
18 6986260 0 1 0 1 24 32 59 72 56 131
18 6992510 0 1 0 1 34 31 52 67 65 119
18 6993674 0 1 0 1 21 41 75 70 62 145
18 6997819 0 1 0 1 53 71 90 95 124 185
18 6999369 0 1 0 1 19 16 54 45 35 99
18 6999378 0 1 0 1 21 19 56 55 40 111
18 6999629 0 1 0 1 27 20 54 54 47 108
18 7008592 0 1 0 1 35 25 66 104 60 170
18 7010429 0 1 0 1 5 12 25 39 17 64
18 7011414 0 1 0 1 25 33 76 81 58 157
18 7011960 0 1 0 1 8 10 21 20 18 41
18 7035916 0 1 0 1 14 10 26 41 24 67
18 7039035 0 1 0 1 15 18 60 30 33 90
18 7042100 0 1 0 1 21 15 43 43 36 86
18 7042105 0 1 0 1 22 15 48 45 37 93
18 7043146 0 1 0 1 16 14 36 21 30 57
18 7567805 0 1 0 1 17 18 52 40 35 92
18 8088591 0 1 0 1 7 7 19 9 14 28
18 8248043 0 1 0 1 17 17 36 42 34 78
18 8343335 0 1 0 1 9 4 15 15 13 30
18 8343532 0 1 0 1 37 21 77 83 58 160
18 8387060 0 1 0 1 36 35 80 79 71 159
18 8387067 0 1 0 1 39 34 79 82 73 161
18 8387197 0 1 0 1 10 24 43 45 34 88
18 8387221 0 1 0 1 7 18 32 35 25 67
18 8545595 0 1 0 1 9 22 39 38 31 77
18 8545619 0 1 0 1 11 36 55 58 47 113
18 8545624 0 1 0 1 11 39 61 58 50 119
18 8545738 0 1 0 1 51 69 78 117 120 195
18 8545787 0 1 0 1 51 63 73 125 114 198
18 8545825 0 1 0 1 42 53 67 109 95 176
18 8545861 0 1 0 1 25 36 60 87 61 147
18 8705681 0 1 0 1 14 14 45 48 28 93
18 8706145 0 1 0 1 6 5 21 21 11 42
18 8706188 0 1 0 1 9 6 30 31 15 61
18 8783837 0 1 0 1 28 21 52 76 49 128
18 8784614 0 1 0 1 31 30 53 72 61 125
18 8784725 0 1 0 1 44 41 82 85 85 167
18 8786356 0 1 0 1 16 24 55 32 40 87
18 8809447 0 1 0 1 32 43 72 74 75 146
18 8821303 0 1 0 1 6 5 24 25 11 49
18 8825194 0 1 0 1 16 26 64 77 42 141
18 9104285 0 1 0 1 9 18 43 55 27 98
18 9119262 0 1 0 1 4 7 16 17 11 33
18 9122593 0 1 0 1 16 98 25 148 114 173
18 9122613 0 1 0 1 11 115 20 163 126 183
18 9221885 0 1 0 1 43 56 88 86 99 174
18 9254787 0 1 0 1 15 21 42 68 36 110
18 9255473 0 1 0 1 18 11 56 41 29 97
18 9255786 0 1 0 1 13 7 34 47 20 81
18 9255984 0 1 0 1 14 11 41 51 25 92
18 9258533 0 1 0 1 17 19 59 71 36 130
18 9258539 0 1 0 1 20 23 56 69 43 125
18 9275544 0 1 0 1 14 15 24 53 29 77
18 9275565 0 1 0 1 19 20 38 62 39 100
18 9279526 0 1 0 1 11 10 27 25 21 52
18 9512987 0 1 0 1 26 24 60 86 50 146
18 9522608 0 1 0 1 23 35 50 57 58 107
18 9522668 0 1 0 1 8 10 14 31 18 45
18 9562044 0 1 0 1 24 24 66 71 48 137
18 9775375 0 1 0 1 22 19 54 50 41 104
18 9775414 0 1 0 1 12 11 31 31 23 62
18 9886291 0 1 0 1 18 19 41 49 37 90
18 9886991 0 1 0 1 46 55 84 105 101 189
18 9887152 0 1 0 1 45 60 86 105 105 191
18 9887397 0 1 0 1 44 46 84 89 90 173
18 9887549 0 1 0 1 45 41 84 97 86 181
18 9887939 0 1 0 1 24 38 51 84 62 135
18 9888030 0 1 0 1 26 13 63 49 39 112
18 9888072 0 1 0 1 12 21 43 52 33 95
18 10485360 0 1 0 1 14 20 37 37 34 74
18 10485366 0 1 0 1 16 21 38 39 37 77
18 10485372 0 1 0 1 17 22 40 40 39 80
18 10526190 0 1 0 1 12 6 35 23 18 58
18 10533373 0 1 0 1 9 11 23 35 20 58
18 10533509 0 1 0 1 10 18 43 44 28 87
18 10539742 0 1 0 1 16 20 62 63 36 125
18 10540435 0 1 0 1 26 32 50 62 58 112
18 10637365 0 1 0 1 4 14 10 64 18 74
18 10714992 0 1 0 0 2 20 0 82 22 82
18 10726144 0 1 0 1 11 9 28 48 20 76
18 10726145 0 1 0 1 11 9 28 48 20 76
18 10731430 0 1 0 1 19 15 53 57 34 110
18 10744110 0 1 0 1 27 48 65 94 75 159
18 10748605 0 1 0 1 24 21 64 58 45 122
18 10763134 0 1 0 1 16 17 40 83 33 123
18 10795043 0 1 0 1 10 16 40 32 26 72
18 10797310 0 1 0 1 3 8 4 35 11 39
18 10797364 0 1 0 1 25 20 62 47 45 109
18 10797569 0 1 0 1 18 14 48 38 32 86
18 10979482 0 1 0 1 6 10 18 19 16 37
18 11609755 0 1 0 1 6 7 25 32 13 57
18 11609864 0 1 0 1 16 24 36 35 40 71
18 11610053 0 1 0 1 27 29 49 60 56 109
18 11610074 0 1 0 1 16 25 33 53 41 86
18 11753802 0 1 0 1 34 33 78 45 67 123
18 11867298 0 1 0 1 18 24 45 62 42 107
18 11876614 0 1 0 1 53 37 85 67 90 152
18 11884671 0 1 0 1 19 7 37 25 26 62
18 12056824 0 1 0 1 11 22 42 57 33 99
18 12056851 0 1 0 1 12 16 47 62 28 109
18 12057118 0 1 0 1 11 5 36 47 16 83
18 12057196 0 1 0 1 14 6 42 51 20 93
18 12057390 0 1 0 1 38 35 91 95 73 186
18 12057404 0 1 0 1 40 34 94 89 74 183
18 12062986 0 1 0 1 5 5 28 24 10 52
18 12067111 0 1 0 0 3 54 0 141 57 141
18 12067763 0 1 0 1 16 14 47 67 30 114
18 12067778 0 1 0 1 15 16 45 65 31 110
18 12067920 0 1 0 1 14 18 41 66 32 107
18 12075502 0 1 0 1 12 9 36 42 21 78
18 12076441 0 1 0 1 8 6 27 14 14 41
18 12076452 0 1 0 1 4 7 14 24 11 38
18 12092171 0 1 0 1 13 13 44 40 26 84
18 12092365 0 1 0 1 14 17 28 48 31 76
18 12094032 0 1 0 1 13 10 30 31 23 61
18 12096250 0 1 0 1 27 26 75 67 53 142
18 12099655 0 1 0 1 17 13 49 61 30 110
18 12107494 0 1 0 1 13 13 40 42 26 82
18 12115311 0 1 0 1 11 12 28 25 23 53
18 12115340 0 1 0 1 10 11 33 29 21 62
18 12125658 0 1 0 1 20 21 59 59 41 118
18 12358662 0 1 0 1 6 9 26 30 15 56
18 12429314 0 1 0 1 6 9 35 33 15 68
18 12453006 0 1 0 1 14 9 22 34 23 56
18 12512560 0 1 0 1 21 17 41 57 38 98
18 12634987 0 1 0 1 12 15 29 40 27 69
18 12657432 0 1 0 1 5 6 38 24 11 62
18 12662187 0 1 0 1 4 11 25 19 15 44
18 12718648 0 1 0 1 26 27 49 65 53 114
18 12836869 0 1 0 0 2 13 0 87 15 87
18 13068826 0 1 0 0 2 20 0 98 22 98
18 13460038 0 1 0 1 12 15 34 40 27 74
18 13460079 0 1 0 1 6 7 20 32 13 52
18 13643180 0 1 0 1 6 10 30 23 16 53
18 13666769 0 1 0 1 17 27 45 41 44 86
18 13762031 0 1 0 0 2 23 0 106 25 106
18 13826008 0 1 0 1 47 38 88 83 85 171
18 13826392 0 1 0 1 51 65 94 99 116 193
18 13826509 0 1 0 1 33 39 86 86 72 172
18 13885235 0 1 0 0 7 68 0 168 75 168
18 14105017 0 1 0 1 18 22 46 59 40 105
18 14105854 0 1 0 1 12 16 37 45 28 82
18 14106040 0 1 0 1 3 9 28 29 12 57
18 14143640 0 1 1 1 14 10 33 9 24 42
18 14146163 0 1 0 1 7 9 26 28 16 54
18 14148571 0 1 0 1 5 8 29 25 13 54
18 14157292 0 1 0 1 32 40 74 93 72 167
18 14378580 0 1 0 1 5 9 29 23 14 52
18 14378622 0 1 0 1 5 5 19 16 10 35
18 14542891 0 1 0 1 8 15 49 53 23 102
18 14543140 0 1 0 1 17 20 27 48 37 75
18 14632791 0 1 0 1 11 16 52 47 27 99
18 14779987 0 1 0 1 2 18 6 91 20 97
18 14780020 0 1 0 1 3 11 7 75 14 82
18 14780025 0 1 0 1 3 12 7 74 15 81
18 14780038 0 1 0 1 3 10 7 62 13 69
18 20984498 0 1 0 0 2 19 0 80 21 80
18 21440261 0 1 0 0 3 41 0 119 44 119
18 21518199 0 1 0 0 2 40 0 154 42 154
18 21520756 0 1 0 1 26 29 69 69 55 138
18 21664279 0 1 0 0 2 27 0 101 29 101
18 22415787 0 1 0 1 5 9 37 24 14 61
18 22416510 0 1 0 0 2 28 0 110 30 110
18 22936795 0 1 0 1 48 40 85 76 88 161
18 22993593 0 1 0 1 30 19 63 68 49 131
18 23237312 0 1 0 1 11 7 23 22 18 45
18 23365804 0 1 0 1 14 19 42 38 33 80
18 23437871 0 1 0 1 23 24 68 58 47 126
18 23463142 0 1 0 1 9 10 27 21 19 48
18 23464643 0 1 0 1 25 24 36 53 49 89
18 23504301 0 1 0 1 44 34 95 81 78 176
18 23560403 0 1 0 1 12 22 57 52 34 109
18 23612297 0 1 0 1 23 21 48 51 44 99
18 23748124 0 1 0 1 16 21 43 41 37 84
18 23749613 0 1 0 1 17 16 28 39 33 67
18 23758312 0 1 0 1 12 16 54 49 28 103
18 23763390 0 1 0 1 30 37 53 64 67 117
18 23815394 0 1 0 1 9 33 41 83 42 124
18 23816593 0 1 0 1 22 32 65 55 54 120
18 23820064 0 1 0 1 5 7 22 20 12 42
18 23824370 0 1 0 1 19 23 58 55 42 113
18 23833905 0 1 0 1 17 21 51 75 38 126
18 23845027 0 1 0 1 42 33 69 75 75 144
18 23894863 0 1 0 1 18 29 61 53 47 114
18 23901269 0 1 0 1 11 18 56 38 29 94
18 23931070 0 1 0 1 50 44 86 83 94 169
18 23933804 0 1 0 1 34 23 60 70 57 130
18 23951548 0 1 0 1 6 8 28 22 14 50
18 24358420 0 1 0 1 7 6 20 21 13 41
18 24358432 0 1 0 1 9 9 25 24 18 49
18 24358694 0 1 0 1 8 6 33 27 14 60
18 24366608 0 1 0 1 12 11 32 31 23 63
18 24368371 0 1 0 0 2 23 0 95 25 95
18 24428949 0 1 0 1 4 27 47 47 31 94
18 24430457 0 1 0 1 12 7 19 24 19 43
18 24440579 0 1 0 1 29 37 77 66 66 143
18 24445449 0 1 0 0 2 23 0 87 25 87
18 24477327 0 1 0 0 3 108 0 191 111 191
18 26018196 0 1 0 1 15 19 31 34 34 65
18 26285887 0 1 0 1 34 68 81 105 102 186
18 26292271 0 1 0 1 44 37 77 80 81 157
18 26293499 0 1 0 1 11 5 30 36 16 66
18 26321234 0 1 0 1 24 27 42 51 51 93
18 26547349 0 1 0 1 69 61 94 106 130 200
18 26599892 0 1 0 1 6 6 33 24 12 57
18 26856504 0 1 0 0 20 36 0 117 56 117
18 27963423 0 1 0 1 18 16 53 48 34 101
18 27993437 0 1 0 1 37 39 66 83 76 149
18 28147782 0 1 0 0 4 53 0 149 57 149
18 28177084 0 1 0 1 3 11 32 25 14 57
18 28234354 0 1 0 0 2 8 0 44 10 44
18 28652224 0 1 0 1 42 35 80 66 77 146
18 28652352 0 1 0 1 22 25 65 58 47 123
18 28653117 0 1 0 1 13 9 43 30 22 73
18 31006998 0 1 0 1 38 37 67 94 75 161
18 31008571 0 1 0 1 20 19 36 40 39 76
18 31025749 0 1 0 1 13 12 41 39 25 80
18 31031022 0 1 0 1 18 27 40 67 45 107
18 31031095 0 1 0 1 36 56 81 93 92 174
18 31042558 0 1 0 1 20 25 56 77 45 133
18 31070782 0 1 0 1 37 23 70 90 60 160
18 31148421 0 1 0 1 5 8 11 26 13 37
18 31154786 0 1 0 1 36 31 74 63 67 137
18 31157336 0 1 0 1 26 19 58 58 45 116
18 31318238 0 1 0 1 28 25 51 75 53 126
18 31318331 0 1 0 1 42 29 70 96 71 166
18 31328127 0 1 0 1 9 16 36 43 25 79
18 31333636 0 1 0 1 41 43 94 87 84 181
18 31344020 0 1 0 1 15 18 32 46 33 78
18 31344021 0 1 0 1 15 18 32 46 33 78
18 31354718 0 1 0 1 29 44 91 86 73 177
18 31531146 0 1 0 1 49 63 101 93 112 194
18 31839499 0 1 0 1 4 11 24 22 15 46
18 31852661 0 1 0 1 14 19 44 29 33 73
18 31864848 0 1 0 1 13 8 37 23 21 60
18 31867505 0 1 0 1 4 8 19 14 12 33
18 31916255 0 1 0 1 5 6 14 28 11 42
18 31963000 0 1 0 1 11 14 40 36 25 76
18 31963241 0 1 0 1 23 20 46 54 43 100
18 31967115 0 1 0 1 43 47 101 81 90 182
18 32196578 0 1 0 1 9 18 39 49 27 88
18 32196683 0 1 0 1 9 7 29 35 16 64
18 32196719 0 1 0 1 11 8 25 34 19 59
18 32204407 0 1 0 1 9 4 27 17 13 44
18 32215138 0 1 0 1 29 27 72 89 56 161
18 32270333 0 1 0 1 13 9 32 23 22 55
18 32310079 0 1 0 1 7 6 20 17 13 37
18 32310334 0 1 0 1 23 33 67 65 56 132
18 32392811 0 1 0 1 18 16 44 56 34 100
18 32470393 0 1 0 1 25 15 57 63 40 120
18 32512095 0 1 0 1 6 4 22 27 10 49
18 32512364 0 1 0 1 8 5 26 14 13 40
18 32513759 0 1 0 1 8 13 19 24 21 43
18 32674856 0 1 0 1 7 9 13 23 16 36
18 32773379 0 1 0 0 2 42 0 152 44 152
18 33328083 0 1 0 1 6 11 24 19 17 43
18 33389603 0 1 0 1 6 13 30 38 19 68
18 33645066 0 1 0 1 14 13 32 37 27 69
18 33683356 0 1 0 1 32 38 73 58 70 131
18 33732105 0 1 0 1 10 14 49 40 24 89
18 33740265 0 1 0 1 45 42 85 89 87 174
18 34019295 0 1 0 1 17 9 30 27 26 57
18 34793909 0 1 0 1 2 8 17 27 10 44
18 34806376 0 1 0 1 48 28 74 82 76 156
18 34827461 0 1 0 1 6 11 15 24 17 39
18 34828936 0 1 0 1 15 19 44 38 34 82
18 34838222 0 1 0 1 18 19 41 61 37 102
18 34838670 0 1 0 1 53 61 97 85 114 182
18 34864076 0 1 0 1 13 17 45 46 30 91
18 34875415 0 1 0 1 45 27 96 76 72 172
18 34879740 0 1 0 1 27 22 72 61 49 133
18 35005403 0 1 0 1 9 6 22 18 15 40
18 35070377 0 1 0 1 7 5 24 23 12 47
18 35140225 0 1 0 1 10 8 43 31 18 74
18 35140395 0 1 0 1 22 29 64 76 51 140
18 35242418 0 1 0 1 2 12 16 22 14 38
18 35243793 0 1 0 1 12 24 51 42 36 93
18 35243941 0 1 0 1 34 26 77 61 60 138
18 35246124 0 1 0 1 19 30 76 55 49 131
18 35307950 0 1 0 1 13 15 30 47 28 77
18 35307969 0 1 0 1 11 10 23 36 21 59
18 35337680 0 1 0 1 32 30 64 94 62 158
18 35468590 0 1 0 1 18 15 49 36 33 85
18 35973023 0 1 0 1 8 6 22 21 14 43
18 35977503 0 1 0 1 14 20 54 99 34 153
18 35993437 0 1 0 1 10 10 22 15 20 37
18 36067225 0 1 0 1 25 12 41 44 37 85
18 36067291 0 1 0 1 50 54 83 83 104 166
18 36111350 0 1 0 1 6 4 20 10 10 30
18 36114157 0 1 0 1 36 22 77 66 58 143
18 36129799 0 1 0 1 17 22 41 41 39 82
18 36133324 0 1 0 1 17 17 48 50 34 98
18 36138363 0 1 0 1 29 22 63 79 51 142
18 36139471 0 1 0 1 11 19 35 42 30 77
18 36141362 0 1 0 1 44 30 71 78 74 149
18 36142462 0 1 0 1 6 7 14 19 13 33
18 36145911 0 1 0 1 18 24 57 66 42 123
18 36145968 0 1 0 1 23 25 60 86 48 146
18 36170083 0 1 0 1 49 43 81 90 92 171
18 36195408 0 1 0 1 11 18 31 36 29 67
18 36195416 0 1 0 1 10 14 29 29 24 58
18 36203067 0 1 0 1 38 51 78 87 89 165
18 36249017 0 1 0 1 18 26 70 60 44 130
18 36249114 0 1 0 1 6 17 42 24 23 66
18 36576435 0 1 0 0 3 48 0 97 51 97
18 36653477 0 1 0 0 2 16 0 66 18 66
18 36718129 0 1 0 0 2 27 0 110 29 110
18 36740764 0 1 0 0 2 22 0 82 24 82
18 36959518 0 1 0 0 2 23 0 105 25 105
18 42743532 0 1 0 1 44 34 60 96 78 156
18 42974155 0 1 0 1 17 22 66 70 39 136
18 43033875 0 1 0 1 7 9 36 19 16 55
18 43979356 0 1 0 1 29 29 48 68 58 116
18 44876688 0 1 0 1 23 22 54 82 45 136
18 44952641 0 1 0 1 31 30 73 73 61 146
18 45624883 0 1 0 1 5 6 33 25 11 58
18 45625665 0 1 0 1 19 33 77 67 52 144
18 45748372 0 1 0 0 4 77 0 166 81 166
18 45748375 0 1 0 0 3 76 0 170 79 170
18 45852660 0 1 0 1 40 38 71 95 78 166
18 46119992 0 1 0 0 2 14 0 55 16 55
18 46216390 0 1 0 1 18 25 54 72 43 126
18 46529152 0 1 0 1 16 15 43 39 31 82
18 46542047 0 1 0 1 10 10 45 21 20 66
18 46542909 0 1 0 0 2 25 0 129 27 129
18 46546946 0 1 0 1 40 66 79 107 106 186
18 46555087 0 1 0 1 37 24 56 73 61 129
18 46969231 0 1 0 1 6 57 10 95 63 105
18 47630070 0 1 0 1 20 21 31 57 41 88
18 48029458 0 1 0 1 43 54 81 102 97 183
18 48180408 0 1 0 1 32 31 77 65 63 142
18 48185369 0 1 0 1 13 26 59 61 39 120
18 48758240 0 1 0 1 22 30 82 61 52 143
18 48758469 0 1 0 1 20 10 35 59 30 94
18 49562456 0 1 0 1 14 24 59 68 38 127
18 49562460 0 1 0 1 16 24 57 70 40 127
18 49567494 0 1 0 1 35 25 73 79 60 152
18 49586795 0 1 0 1 22 22 64 65 44 129
18 49837547 0 1 0 1 5 59 22 146 64 168
18 49837560 0 1 0 1 7 60 28 135 67 163
18 49837561 0 1 0 1 9 57 29 136 66 165
18 49837639 0 1 0 1 7 35 20 72 42 92
18 49837750 0 1 0 0 2 29 0 108 31 108
18 49911941 0 1 0 0 2 14 0 62 16 62
18 49937217 0 1 0 1 16 14 31 50 30 81
18 49937502 0 1 0 1 16 19 30 41 35 71
18 49954290 0 1 0 1 29 36 73 80 65 153
18 49962255 0 1 0 1 26 35 67 59 61 126
18 50001447 0 1 0 1 34 30 69 74 64 143
18 50056666 0 1 0 1 15 12 47 50 27 97
18 50126628 0 1 0 0 2 23 0 91 25 91
18 50238751 0 1 0 1 18 21 54 46 39 100
18 50250874 0 1 0 1 39 37 84 72 76 156
18 50251802 0 1 0 1 30 18 68 56 48 124
18 50271627 0 1 0 0 2 18 0 81 20 81
18 50275430 0 1 0 1 25 16 53 51 41 104
18 50276690 0 1 0 0 2 43 0 159 45 159
18 50283501 0 1 0 1 34 19 65 78 53 143
18 50283881 0 1 0 1 46 45 89 87 91 176
18 50286217 0 1 0 1 36 68 81 100 104 181
18 50380320 0 1 0 1 14 10 32 37 24 69
18 50382186 0 1 0 1 12 13 41 35 25 76
18 50391365 0 1 0 1 6 7 35 23 13 58
18 50392269 0 1 0 1 21 11 33 41 32 74
18 50406897 0 1 0 1 9 9 33 37 18 70
18 50664415 0 1 0 0 3 92 0 181 95 181
18 50799982 0 1 0 1 12 18 34 29 30 63
18 50805183 0 1 0 1 19 23 54 60 42 114
18 50809403 0 1 0 1 42 46 100 80 88 180
18 50920583 0 1 0 1 5 16 44 49 21 93
18 51051412 0 1 0 1 14 5 28 29 19 57
18 51059814 0 1 0 1 8 9 43 34 17 77
18 51059974 0 1 0 1 13 7 41 31 20 72
18 51845323 0 1 0 0 2 13 0 57 15 57
18 51845526 0 1 0 1 9 9 19 25 18 44
18 52752316 0 1 0 1 53 59 71 108 112 179
18 52923870 0 1 0 1 30 29 59 58 59 117
18 52925451 0 1 0 1 28 39 72 67 67 139
18 53205432 0 1 0 1 10 13 26 52 23 78
18 53305732 0 1 0 1 24 17 67 50 41 117
18 53385982 0 1 0 1 17 11 33 44 28 77
18 53391612 0 1 0 1 12 23 42 57 35 99
18 53391941 0 1 0 1 17 10 34 40 27 74
18 53410410 0 1 0 1 9 7 27 28 16 55
18 53410624 0 1 0 1 36 60 86 85 96 171
18 53410656 0 1 0 1 29 39 74 66 68 140
18 53416283 0 1 0 1 30 51 69 85 81 154
18 53459433 0 1 0 1 2 72 2 163 74 165
18 53467838 0 1 0 1 16 30 56 54 46 110
18 53526526 0 1 0 1 13 13 32 42 26 74
18 53526806 0 1 0 1 5 7 36 29 12 65
18 53530545 0 1 0 1 31 43 71 94 74 165
18 54159687 0 1 0 1 7 3 21 20 10 41
18 54277889 0 1 0 1 16 24 43 69 40 112
18 54294435 0 1 0 1 25 25 44 61 50 105
18 54329351 0 1 0 1 13 17 46 40 30 86
18 54354616 0 1 0 1 4 13 22 18 17 40
18 54360480 0 1 0 1 6 7 26 18 13 44
18 54360753 0 1 0 1 11 22 58 49 33 107
18 54361799 0 1 0 1 39 33 63 114 72 177
18 54361803 0 1 0 1 39 33 60 115 72 175
18 54374314 0 1 0 0 2 29 0 111 31 111
18 54378128 0 1 0 1 10 10 42 29 20 71
18 54884485 0 1 0 1 16 20 63 37 36 100
18 54919314 0 1 0 1 27 33 66 66 60 132
18 55228300 0 1 0 1 31 35 83 55 66 138
18 55228426 0 1 0 1 2 9 17 15 11 32
18 55254442 0 1 0 1 10 5 22 26 15 48
18 55261576 0 1 0 1 16 15 43 74 31 117
18 55275596 0 1 0 1 17 23 66 44 40 110
18 55463979 0 1 0 1 6 7 10 19 13 29
18 56781547 0 1 0 1 22 20 59 77 42 136
18 57027221 0 1 0 1 27 29 53 78 56 131
18 57147794 0 1 0 1 11 13 42 32 24 74
18 57354494 0 1 0 1 40 27 79 80 67 159
18 57359981 0 1 0 1 28 10 61 46 38 107
18 57360103 0 1 0 1 74 56 93 102 130 195
18 57360295 0 1 0 1 4 8 21 24 12 45
18 57476534 0 1 0 1 31 42 94 82 73 176
18 57551344 0 1 0 0 2 22 0 92 24 92
18 57554416 0 1 0 1 23 17 36 60 40 96
18 57559022 0 1 0 1 12 11 27 28 23 55
18 57559151 0 1 0 1 58 39 81 106 97 187
18 57571588 0 1 0 1 11 7 35 27 18 62
18 57580104 0 1 0 1 9 14 40 36 23 76
18 57580222 0 1 0 1 12 15 42 38 27 80
18 57601634 0 1 0 1 41 35 64 78 76 142
18 57652240 0 1 0 1 11 8 35 35 19 70
18 57667063 0 1 0 1 48 53 83 101 101 184
18 57668008 0 1 0 1 11 12 37 32 23 69
18 57671634 0 1 0 1 8 6 21 29 14 50
18 57692082 0 1 0 1 10 4 22 22 14 44
18 58149559 0 1 0 1 53 54 88 102 107 190
18 58515257 0 1 0 1 4 8 19 31 12 50
18 58529219 0 1 0 1 24 32 62 54 56 116
18 58535536 0 1 0 1 40 47 96 91 87 187
18 58535611 0 1 0 0 3 102 0 187 105 187
18 58535842 0 1 0 1 31 30 74 78 61 152
18 58535888 0 1 0 1 29 37 64 83 66 147
18 58537178 0 1 0 1 43 47 76 103 90 179
18 58537412 0 1 0 1 23 25 73 67 48 140
18 58537439 0 1 0 1 23 22 66 70 45 136
18 58537700 0 1 0 1 52 60 89 103 112 192
18 58537713 0 1 0 1 57 67 88 105 124 193
18 58537745 0 1 0 1 62 64 86 110 126 196
18 58537759 0 1 0 1 61 64 81 114 125 195
18 58538030 0 1 0 1 60 75 95 103 135 198
18 58538249 0 1 0 1 15 19 41 55 34 96
18 58579210 0 1 0 1 38 46 83 101 84 184
18 58579948 0 1 0 1 46 37 81 82 83 163
18 58580335 0 1 0 1 47 48 91 95 95 186
18 58580368 0 1 0 1 49 63 82 109 112 191
18 58744259 0 1 0 1 10 9 22 23 19 45
18 58981524 0 1 0 1 6 8 26 12 14 38
18 59140076 0 1 0 1 21 20 54 52 41 106
18 59140107 0 1 0 1 10 11 41 31 21 72
18 59155839 0 1 0 1 17 20 45 52 37 97
18 59225682 0 1 0 1 10 22 61 50 32 111
18 59333237 0 1 0 1 22 19 39 45 41 84
18 59447971 0 1 0 1 9 13 27 28 22 55
18 59778835 0 1 0 1 5 5 17 31 10 48
18 59900406 0 1 0 1 9 23 46 48 32 94
18 59900467 0 1 0 1 34 20 73 69 54 142
18 60010621 0 1 0 1 13 10 38 38 23 76
18 60196859 0 1 0 1 13 12 38 23 25 61
18 60197908 0 1 0 1 12 9 37 40 21 77
18 60615985 0 1 0 1 23 22 67 75 45 142
18 60617574 0 1 0 1 22 20 40 69 42 109
18 60622980 0 1 0 1 34 39 77 96 73 173
18 60643576 0 1 0 1 2 8 29 24 10 53
18 61816281 0 1 0 1 43 41 89 85 84 174
18 61957392 0 1 0 0 2 35 0 130 37 130
18 62084482 0 1 0 1 8 5 24 28 13 52
18 62102938 0 1 0 1 15 21 58 54 36 112
18 62106989 0 1 0 0 2 21 0 98 23 98
18 62109778 0 1 0 1 19 19 52 44 38 96
18 62140402 0 1 0 1 4 8 18 18 12 36
18 62147035 0 1 0 1 27 15 61 55 42 116
18 62147091 0 1 0 1 12 9 36 18 21 54
18 62157257 0 1 0 1 21 16 48 51 37 99
18 62232519 0 1 0 0 2 11 0 49 13 49
18 62279885 0 1 0 1 31 33 90 73 64 163
18 62287341 0 1 0 0 6 38 0 96 44 96
18 62291445 0 1 0 1 12 12 34 20 24 54
18 62442484 0 1 0 1 26 13 49 49 39 98
18 62442865 0 1 0 1 12 9 34 42 21 76
18 62576643 0 1 0 1 31 28 65 75 59 140
18 62715583 0 1 0 1 8 11 30 12 19 42
18 62716017 0 1 0 0 2 12 0 59 14 59
18 62895065 0 1 0 1 31 21 52 65 52 117
18 63318646 0 1 0 1 70 51 82 103 121 185
18 63355433 0 1 0 0 2 40 0 151 42 151
18 63415655 0 1 0 0 2 25 0 95 27 95
18 63486810 0 1 0 1 26 16 68 29 42 97
18 63489373 0 1 0 1 29 41 95 56 70 151
18 63493054 0 1 0 1 61 51 128 67 112 195
18 63493152 0 1 0 1 24 25 94 43 49 137
18 63592274 0 1 0 1 18 19 38 72 37 110
18 63592920 0 1 0 0 2 39 0 143 41 143
18 63594281 0 1 0 1 29 27 106 58 56 164
18 63594306 0 1 0 1 34 30 105 64 64 169
18 63594331 0 1 0 1 40 36 107 70 76 177
18 63595133 0 1 0 1 75 52 61 138 127 199
18 63597064 0 1 0 1 42 31 100 70 73 170
18 63597234 0 1 0 1 69 61 123 79 130 202
18 63603831 0 1 0 1 8 8 29 18 16 47
18 63643140 0 1 0 1 39 40 61 130 79 191
18 63655761 0 1 0 1 51 54 116 82 105 198
18 63716120 0 1 0 1 30 31 75 91 61 166
18 63724504 0 1 0 1 6 8 18 23 14 41
18 63793195 0 1 0 0 2 23 0 88 25 88
18 63804289 0 1 0 1 27 24 88 54 51 142
18 63891422 0 1 0 1 16 10 69 40 26 109
18 63891644 0 1 0 1 4 8 25 19 12 44
18 63895137 0 1 0 1 7 10 34 28 17 62
18 63895157 0 1 0 1 12 12 51 38 24 89
18 63895170 0 1 0 0 2 29 0 109 31 109
18 63895456 0 1 0 1 11 10 40 27 21 67
18 63897160 0 1 0 1 45 32 103 83 77 186
18 63897279 0 1 0 1 22 14 61 43 36 104
18 63897298 0 1 0 1 15 11 52 31 26 83
18 63903236 0 1 0 1 14 29 72 68 43 140
18 63903269 0 1 0 1 10 28 61 64 38 125
18 63903295 0 1 0 1 8 30 61 66 38 127
18 63915517 0 1 0 1 19 11 61 38 30 99
18 63915633 0 1 0 1 29 22 92 63 51 155
18 63917408 0 1 0 1 8 11 49 17 19 66
18 63917911 0 1 0 1 8 14 29 21 22 50
18 63918026 0 1 0 1 34 29 98 71 63 169
18 63919833 0 1 0 1 18 39 79 57 57 136
18 63933150 0 1 0 1 21 23 88 78 44 166
18 63933207 0 1 0 0 2 38 0 166 40 166
18 63953532 0 1 0 1 47 51 101 82 98 183
18 63979835 0 1 0 1 58 47 69 124 105 193
18 63987063 0 1 0 1 51 52 124 69 103 193
18 63987229 0 1 0 1 32 23 52 115 55 167
18 65762970 0 1 0 0 2 18 0 90 20 90
18 65824561 0 1 0 1 10 10 32 16 20 48
18 65843940 0 1 0 1 46 35 107 77 81 184
18 67831553 0 1 1 1 9 4 29 0 13 29
18 68874769 0 1 1 1 18 19 59 1 37 60
18 69698349 0 1 1 1 28 38 85 1 66 86
18 69698432 0 1 0 1 44 60 3 147 104 150
18 70020624 0 1 1 1 26 18 80 3 44 83
18 70057604 0 1 1 1 6 9 27 0 15 27
18 73774840 0 1 0 0 15 20 0 86 35 86
18 73774842 0 1 0 0 15 22 0 88 37 88
18 74082124 0 1 0 0 26 41 0 146 67 146
18 74173340 0 1 1 1 10 8 28 0 18 28
18 74173360 0 1 0 0 4 12 0 28 16 28
18 74173369 0 1 0 0 5 11 0 31 16 31
18 74322798 0 1 1 1 11 14 57 0 25 57
18 74353240 0 1 1 1 27 15 77 1 42 78
18 74390155 0 1 1 1 11 11 41 1 22 42
18 74390207 0 1 1 1 12 11 39 1 23 40
18 74390239 0 1 1 1 9 7 33 1 16 34
18 74441939 0 1 1 1 9 11 32 3 20 35
18 74559269 0 1 0 0 17 13 0 36 30 36
18 74561034 0 1 1 1 8 12 48 0 20 48
18 74567400 0 1 0 0 12 16 0 54 28 54
18 74583526 0 1 1 1 38 39 97 2 77 99
18 74597161 0 1 1 1 18 16 54 0 34 54
18 74597170 0 1 1 1 20 18 59 0 38 59
18 74597237 0 1 1 1 24 39 105 1 63 106
18 76379762 0 1 1 1 66 73 165 2 139 167
18 76441756 0 1 1 1 21 36 100 0 57 100
18 76927022 0 1 1 1 20 24 51 0 44 51
18 76959812 0 1 1 1 13 14 57 0 27 57
18 76979995 0 1 1 1 9 10 49 0 19 49
18 76980380 0 1 0 0 22 17 0 85 39 85
18 76990028 0 1 1 1 11 6 45 1 17 46
18 76990908 0 1 0 1 24 19 4 82 43 86
18 76991043 0 1 0 1 7 8 4 42 15 46
18 77009741 0 1 1 1 12 15 44 0 27 44
18 77066283 0 1 1 1 35 48 142 1 83 143
18 77066289 0 1 1 1 40 46 140 1 86 141
18 77067697 0 1 1 1 11 15 36 0 26 36
18 77069010 0 1 1 1 20 46 108 2 66 110
18 77069055 0 1 1 1 23 54 104 1 77 105
18 77069130 0 1 1 1 16 31 78 0 47 78
18 77436046 0 1 0 0 8 6 0 27 14 27
18 77436060 0 1 0 0 10 7 0 35 17 35
18 77436072 0 1 0 0 13 10 0 44 23 44
18 77436421 0 1 0 0 13 11 0 36 24 36
18 77436580 0 1 0 0 7 8 0 41 15 41
18 77436884 0 1 0 0 6 10 0 47 16 47
18 78992544 0 1 0 0 12 11 0 39 23 39
18 78992545 0 1 0 0 13 10 0 39 23 39
18 78993588 0 1 1 1 28 13 58 1 41 59
18 78993768 0 1 1 1 18 19 77 3 37 80
18 78994466 0 1 1 1 30 18 90 2 48 92
18 78994757 0 1 0 0 3 7 0 55 10 55
18 79200727 0 1 0 1 6 7 5 27 13 32
18 79307000 0 1 1 1 50 51 143 1 101 144
18 79449015 0 1 1 1 17 14 48 3 31 51
18 79451764 0 1 1 1 44 56 138 6 100 144
18 79461207 0 1 1 1 9 22 44 0 31 44
18 79461264 0 1 1 1 21 25 82 3 46 85
18 79461278 0 1 1 1 21 28 91 4 49 95
18 79467476 0 1 1 1 28 16 88 3 44 91
18 79467678 0 1 1 1 4 11 25 1 15 26
18 79698037 0 1 1 1 32 40 101 2 72 103
18 79713086 0 1 0 0 26 26 0 84 52 84
18 79753495 0 1 0 0 18 19 0 74 37 74
18 79943476 0 1 1 1 21 18 86 0 39 86
18 79950618 0 1 1 1 16 7 43 0 23 43
18 79964726 0 1 0 0 8 11 0 34 19 34
18 80036574 0 1 1 1 4 8 33 1 12 34
18 80037321 0 1 1 1 9 5 41 2 14 43
18 80038461 0 1 1 1 8 8 34 0 16 34
18 80045896 0 1 1 1 22 25 89 2 47 91
18 80138359 0 1 0 1 39 33 2 136 72 138
18 80159755 0 1 1 1 30 40 106 4 70 110
