chr pos bloodGT1 bloodGT2 tumorGT1 tumorGT2 AN BN AT BT sN sT
20 157484 0 1 0 1 12 6 36 48 18 84
20 157507 0 1 0 1 15 12 41 53 27 94
20 158768 0 1 0 1 11 10 39 49 21 88
20 158815 0 1 0 1 29 41 74 71 70 145
20 158935 0 1 0 1 36 47 95 90 83 185
20 275932 0 1 0 1 18 23 52 60 41 112
20 276122 0 1 0 1 3 9 11 36 12 47
20 276679 0 1 0 1 11 11 14 19 22 33
20 278179 0 1 0 1 7 6 21 30 13 51
20 278515 0 1 0 1 5 7 19 9 12 28
20 284123 0 1 0 1 10 7 31 26 17 57
20 289787 0 1 0 1 12 17 30 35 29 65
20 297874 0 1 0 1 9 12 34 33 21 67
20 298162 0 1 0 1 37 43 89 80 80 169
20 298839 0 1 0 1 26 26 78 69 52 147
20 408812 0 1 0 1 25 24 66 67 49 133
20 410526 0 1 0 1 18 15 50 74 33 124
20 417634 0 1 0 1 28 20 70 72 48 142
20 419571 0 1 0 0 2 26 0 120 28 120
20 422277 0 1 0 1 34 12 41 52 46 93
20 444962 0 1 0 1 18 18 54 35 36 89
20 448123 0 1 0 1 22 23 51 62 45 113
20 469856 0 1 0 1 2 8 3 36 10 39
20 469873 0 1 0 1 2 9 4 45 11 49
20 469904 0 1 0 1 2 10 3 42 12 45
20 648098 0 1 0 1 33 37 87 83 70 170
20 648246 0 1 0 1 65 69 87 111 134 198
20 649005 0 1 0 1 25 18 47 53 43 100
20 763406 0 1 0 1 10 13 40 47 23 87
20 765454 0 1 0 1 27 22 76 74 49 150
20 874297 0 1 0 1 28 39 72 73 67 145
20 878276 0 1 0 0 3 62 0 148 65 148
20 881100 0 1 0 1 4 7 12 28 11 40
20 881351 0 1 0 0 3 74 0 144 77 144
20 1125593 0 1 0 0 2 26 0 100 28 100
20 1161541 0 1 0 1 6 5 14 24 11 38
20 1181726 0 1 0 1 6 5 14 28 11 42
20 1231542 0 1 0 1 22 22 51 50 44 101
20 1305289 0 1 0 1 21 28 64 86 49 150
20 1310432 0 1 0 1 11 10 28 41 21 69
20 1312345 0 1 0 1 32 22 68 64 54 132
20 1312364 0 1 0 1 39 34 80 72 73 152
20 1312402 0 1 0 1 52 53 96 79 105 175
20 1312603 0 1 0 1 57 75 89 109 132 198
20 1370028 0 1 0 1 12 17 48 36 29 84
20 1445979 0 1 0 1 22 32 64 73 54 137
20 1537170 0 1 0 1 2 34 2 91 36 93
20 1670040 0 1 0 0 2 22 0 83 24 83
20 1927653 0 1 0 1 6 5 28 15 11 43
20 1937659 0 1 0 1 12 14 29 36 26 65
20 2332052 0 1 0 0 3 58 0 152 61 152
20 2394616 0 1 0 1 9 16 39 42 25 81
20 2399677 0 1 0 1 20 9 58 64 29 122
20 2417371 0 1 0 1 26 31 74 65 57 139
20 2462887 0 1 0 0 2 16 0 66 18 66
20 2536568 0 1 0 0 2 21 0 79 23 79
20 2536731 0 1 0 1 10 32 58 64 42 122
20 2536786 0 1 0 1 8 18 33 32 26 65
20 2536802 0 1 0 1 6 15 26 18 21 44
20 2537505 0 1 0 1 14 12 49 28 26 77
20 2572171 0 1 0 0 2 18 0 71 20 71
20 2579260 0 1 0 0 3 69 0 156 72 156
20 2616116 0 1 0 1 11 12 23 28 23 51
20 2616323 0 1 0 1 23 26 73 58 49 131
20 2617332 0 1 0 1 35 31 92 86 66 178
20 2617373 0 1 0 1 46 35 101 83 81 184
20 2636130 0 1 0 1 13 15 31 32 28 63
20 2652734 0 1 0 1 5 22 36 57 27 93
20 2652764 0 1 0 1 3 24 18 83 27 101
20 2652770 0 1 0 1 2 25 11 95 27 106
20 2653521 0 1 0 1 6 12 31 34 18 65
20 2654366 0 1 0 1 56 49 84 105 105 189
20 2654566 0 1 0 1 15 13 55 58 28 113
20 2655602 0 1 0 1 56 52 80 101 108 181
20 2657813 0 1 0 1 7 3 16 20 10 36
20 2657846 0 1 0 1 10 5 24 36 15 60
20 2657933 0 1 0 1 20 8 47 40 28 87
20 2659456 0 1 0 1 16 15 37 39 31 76
20 2663761 0 1 0 1 20 11 47 46 31 93
20 2664039 0 1 0 1 40 83 89 107 123 196
20 2709476 0 1 0 1 7 10 18 13 17 31
20 2709519 0 1 0 1 14 15 46 27 29 73
20 2709526 0 1 0 1 14 16 47 34 30 81
20 2709527 0 1 0 1 14 17 50 34 31 84
20 2794686 0 1 0 1 43 35 61 74 78 135
20 2797275 0 1 0 1 25 32 57 89 57 146
20 2815361 0 1 0 1 37 46 105 74 83 179
20 2816369 0 1 0 1 15 12 44 47 27 91
20 2860127 0 1 0 1 41 48 85 90 89 175
20 2862039 0 1 0 1 12 19 47 58 31 105
20 2864484 0 1 0 1 49 34 90 88 83 178
20 3007188 0 1 0 1 2 15 3 37 17 40
20 3015777 0 1 0 1 20 14 47 43 34 90
20 3015851 0 1 0 1 22 33 77 75 55 152
20 3015943 0 1 0 1 13 19 44 41 32 85
20 3022243 0 1 0 1 22 20 41 56 42 97
20 3026582 0 1 0 1 18 9 35 55 27 90
20 3044461 0 1 0 1 32 33 75 80 65 155
20 3045592 0 1 0 1 8 17 35 34 25 69
20 3045769 0 1 0 1 35 32 61 91 67 152
20 3048068 0 1 0 1 6 5 22 19 11 41
20 3191600 0 1 0 1 18 12 34 32 30 66
20 3194910 0 1 0 1 12 27 46 47 39 93
20 3195363 0 1 0 1 19 25 47 56 44 103
20 3200616 0 1 0 1 5 8 22 20 13 42
20 3203488 0 1 0 1 3 14 47 26 17 73
20 3213332 0 1 0 1 21 32 74 67 53 141
20 3223304 0 1 0 1 23 9 69 71 32 140
20 3223438 0 1 0 1 22 11 50 62 33 112
20 3228725 0 1 0 1 28 37 89 83 65 172
20 3231073 0 1 0 1 38 48 94 96 86 190
20 3233374 0 1 0 1 6 4 32 23 10 55
20 3233480 0 1 0 1 40 35 83 64 75 147
20 3234173 0 1 0 1 62 48 96 95 110 191
20 3234902 0 1 0 1 42 36 82 93 78 175
20 3237709 0 1 0 1 14 15 42 33 29 75
20 3237988 0 1 0 1 24 23 77 55 47 132
20 3239046 0 1 0 1 17 21 50 61 38 111
20 3294731 0 1 0 1 13 9 39 37 22 76
20 3304479 0 1 0 1 41 33 84 74 74 158
20 3374920 0 1 0 1 7 9 34 21 16 55
20 3471355 0 1 0 0 2 22 0 91 24 91
20 3644057 0 1 0 1 20 23 46 48 43 94
20 3644183 0 1 0 1 56 54 86 106 110 192
20 3659820 0 1 0 1 8 13 23 34 21 57
20 3660176 0 1 0 1 3 7 31 27 10 58
20 3660297 0 1 0 0 2 21 0 103 23 103
20 3660320 0 1 0 0 2 15 0 101 17 101
20 3663392 0 1 0 0 2 28 0 104 30 104
20 3701502 0 1 0 1 33 38 92 96 71 188
20 3706494 0 1 0 1 57 50 88 99 107 187
20 3745137 0 1 0 1 18 17 48 31 35 79
20 3745918 0 1 0 1 19 27 75 71 46 146
20 3751986 0 1 0 1 67 48 92 100 115 192
20 3752234 0 1 0 1 7 14 34 29 21 63
20 3753739 0 1 0 1 6 19 46 73 25 119
20 3753867 0 1 0 1 10 16 43 56 26 99
20 3785200 0 1 0 0 2 8 0 37 10 37
20 3857794 0 1 0 1 35 29 69 97 64 166
20 4175301 0 1 0 1 32 20 62 75 52 137
20 4181764 0 1 0 1 14 7 38 37 21 75
20 4182053 0 1 0 1 40 28 80 80 68 160
20 4182866 0 1 0 1 14 10 30 45 24 75
20 4187186 0 1 0 1 9 10 19 28 19 47
20 4724628 0 1 0 1 36 37 89 84 73 173
20 4725072 0 1 0 1 24 36 66 67 60 133
20 4725110 0 1 0 1 14 20 49 44 34 93
20 4732530 0 1 0 1 52 36 92 89 88 181
20 4787490 0 1 0 1 9 5 25 24 14 49
20 4787537 0 1 0 1 13 16 51 52 29 103
20 4792692 0 1 0 1 12 7 27 28 19 55
20 4796013 0 1 0 1 36 17 62 67 53 129
20 4796072 0 1 0 1 12 14 32 30 26 62
20 4859251 0 1 0 1 7 8 14 42 15 56
20 4899662 0 1 0 1 28 23 65 74 51 139
20 5183057 0 1 0 0 5 57 0 137 62 137
20 5183058 0 1 0 0 3 59 0 137 62 137
20 5280383 0 1 0 1 6 8 16 30 14 46
20 5280486 0 1 0 1 25 35 85 79 60 164
20 5280560 0 1 0 1 22 20 60 59 42 119
20 5292668 0 1 0 1 8 3 20 15 11 35
20 5301913 0 1 0 1 11 6 23 31 17 54
20 5302610 0 1 0 1 37 32 74 96 69 170
20 5302730 0 1 0 1 16 16 45 51 32 96
20 5313815 0 1 0 1 5 7 18 15 12 33
20 5313850 0 1 0 1 8 14 33 27 22 60
20 5316152 0 1 0 1 41 47 84 100 88 184
20 5473754 0 1 0 1 24 24 51 83 48 134
20 5558918 0 1 0 1 4 8 23 11 12 34
20 5560065 0 1 0 0 2 34 0 127 36 127
20 5567305 0 1 0 1 7 3 17 15 10 32
20 5578646 0 1 0 1 17 20 50 55 37 105
20 5584128 0 1 0 1 5 7 19 17 12 36
20 5593379 0 1 0 0 2 19 0 76 21 76
20 5772933 0 1 0 1 17 12 36 51 29 87
20 5773219 0 1 0 1 30 32 41 61 62 102
20 5942440 0 1 0 0 4 63 0 168 67 168
20 5943978 0 1 0 0 2 27 0 101 29 101
20 5952462 0 1 0 1 54 63 80 110 117 190
20 5954803 0 1 0 1 15 20 47 50 35 97
20 6007449 0 1 0 1 36 25 69 76 61 145
20 6052358 0 1 0 1 6 12 43 39 18 82
20 6052379 0 1 0 1 7 17 46 47 24 93
20 6052982 0 1 0 1 8 5 23 27 13 50
20 6083907 0 1 0 1 5 6 16 23 11 39
20 6083988 0 1 0 1 26 28 53 69 54 122
20 6084063 0 1 0 1 42 48 54 107 90 161
20 6085082 0 1 0 1 36 30 63 77 66 140
20 6085084 0 1 0 1 35 29 65 78 64 143
20 6088915 0 1 0 1 8 13 45 52 21 97
20 6097079 0 1 0 1 8 6 37 18 14 55
20 6116048 0 1 0 1 23 21 54 82 44 136
20 6119441 0 1 0 1 28 25 71 78 53 149
20 6119583 0 1 0 1 14 13 45 49 27 94
20 6201930 0 1 0 1 8 11 23 24 19 47
20 6770387 0 1 0 1 61 39 77 110 100 187
20 6778468 0 1 0 1 41 43 95 89 84 184
20 7987333 0 1 0 1 20 19 46 63 39 109
20 7999743 0 1 0 1 34 43 84 71 77 155
20 8018890 0 1 0 1 17 15 52 39 32 91
20 8646212 0 1 0 1 51 64 96 87 115 183
20 8648049 0 1 0 1 31 24 67 81 55 148
20 8651303 0 1 0 1 5 6 15 21 11 36
20 8657080 0 1 0 1 2 11 20 19 13 39
20 8658827 0 1 0 1 9 13 27 38 22 65
20 9307875 0 1 0 1 9 12 38 37 21 75
20 9514828 0 1 0 1 27 27 57 76 54 133
20 9516069 0 1 0 1 34 41 83 81 75 164
20 9516410 0 1 0 1 17 12 33 29 29 62
20 9529616 0 1 0 1 15 34 75 68 49 143
20 9542732 0 1 0 1 11 13 50 69 24 119
20 9562975 0 1 0 1 19 20 54 58 39 112
20 9563034 0 1 0 1 16 26 57 70 42 127
20 9563041 0 1 0 1 16 25 54 69 41 123
20 9565907 0 1 0 1 66 58 94 98 124 192
20 10038248 0 1 0 0 2 10 0 49 12 49
20 10458354 0 1 0 1 8 13 27 28 21 55
20 10639738 0 1 0 1 45 51 103 88 96 191
20 10652589 0 1 0 1 33 20 59 68 53 127
20 10652665 0 1 0 1 18 10 40 45 28 85
20 11027734 0 1 0 1 7 14 20 21 21 41
20 11345479 0 1 0 1 4 17 11 19 21 30
20 11810360 0 1 0 1 23 24 80 61 47 141
20 13009396 0 1 0 1 26 29 67 89 55 156
20 13073985 0 1 0 1 3 9 18 15 12 33
20 13074610 0 1 0 1 5 6 14 18 11 32
20 13079572 0 1 0 1 10 6 16 26 16 42
20 13079683 0 1 0 1 36 39 90 73 75 163
20 13093596 0 1 0 1 26 24 57 52 50 109
20 13093683 0 1 0 1 4 6 15 15 10 30
20 13534081 0 1 0 0 2 40 0 147 42 147
20 13715012 0 1 0 0 2 26 0 123 28 123
20 13715033 0 1 0 1 21 11 61 64 32 125
20 13766794 0 1 0 1 6 11 15 25 17 40
20 13788481 0 1 0 1 7 14 32 38 21 70
20 13849456 0 1 0 1 22 33 62 94 55 156
20 13849491 0 1 0 1 32 43 72 91 75 163
20 13849533 0 1 0 1 34 38 68 76 72 144
20 13865545 0 1 0 1 39 47 77 76 86 153
20 13995694 0 1 0 0 3 24 0 79 27 79
20 14849807 0 1 0 1 9 8 24 29 17 53
20 16041075 0 1 0 1 7 8 25 33 15 58
20 16243163 0 1 0 1 21 22 43 81 43 124
20 16243312 0 1 0 1 46 54 89 84 100 173
20 16379005 0 1 0 1 35 47 74 103 82 177
20 16381590 0 1 0 1 24 27 47 54 51 101
20 16381620 0 1 0 1 36 42 77 71 78 148
20 16429914 0 1 0 1 18 21 52 64 39 116
20 16506053 0 1 0 1 15 24 71 44 39 115
20 16512888 0 1 0 1 41 38 81 89 79 170
20 16512935 0 1 0 1 51 33 83 92 84 175
20 16515717 0 1 0 1 14 16 33 35 30 68
20 16748860 0 1 0 0 3 13 0 42 16 42
20 16748863 0 1 0 0 3 13 0 44 16 44
20 17479283 0 1 0 1 23 20 52 65 43 117
20 17494323 0 1 0 1 26 23 93 59 49 152
20 17497000 0 1 0 0 2 26 0 106 28 106
20 17497106 0 1 0 1 9 12 37 38 21 75
20 17601043 0 1 0 0 4 42 0 132 46 132
20 17616715 0 1 0 0 2 22 0 106 24 106
20 17642031 0 1 0 1 5 7 23 16 12 39
20 17659141 0 1 0 1 4 33 7 105 37 112
20 17659145 0 1 0 1 2 35 4 106 37 110
20 17659159 0 1 0 1 2 35 5 98 37 103
20 17659171 0 1 0 1 4 35 9 85 39 94
20 17659201 0 1 0 1 7 33 9 78 40 87
20 17659205 0 1 0 1 4 34 6 80 38 86
20 17659212 0 1 0 1 16 23 39 45 39 84
20 17659219 0 1 0 1 4 38 3 87 42 90
20 17659231 0 1 0 1 3 27 7 71 30 78
20 17659235 0 1 0 1 3 26 5 66 29 71
20 17693548 0 1 0 1 20 26 62 43 46 105
20 17951566 0 1 0 1 6 4 18 19 10 37
20 17952867 0 1 0 1 6 5 16 18 11 34
20 17957157 0 1 0 1 14 12 18 16 26 34
20 17962849 0 1 0 1 19 12 50 54 31 104
20 17988280 0 1 0 1 23 35 65 82 58 147
20 18024956 0 1 0 1 26 31 73 83 57 156
20 18041527 0 1 0 1 70 64 94 104 134 198
20 18138185 0 1 0 1 11 11 20 47 22 67
20 18161920 0 1 0 1 21 30 78 75 51 153
20 18162280 0 1 0 1 64 65 96 102 129 198
20 18310335 0 1 0 1 29 19 41 58 48 99
20 18315217 0 1 0 1 46 29 79 90 75 169
20 18315829 0 1 0 1 71 74 97 100 145 197
20 18316549 0 1 0 1 42 48 84 88 90 172
20 18380784 0 1 0 1 12 6 22 15 18 37
20 18394937 0 1 0 1 31 21 63 88 52 151
20 18412668 0 1 0 1 6 10 27 26 16 53
20 18412855 0 1 0 1 9 11 31 35 20 66
20 18452046 0 1 0 1 9 10 16 18 19 34
20 18452691 0 1 0 1 18 20 55 68 38 123
20 18455156 0 1 0 1 29 12 47 62 41 109
20 18465319 0 1 0 1 31 30 67 83 61 150
20 18465378 0 1 0 1 7 14 23 44 21 67
20 18475166 0 1 0 0 2 25 0 101 27 101
20 18479997 0 1 0 1 18 27 49 59 45 108
20 18525973 0 1 0 1 13 16 34 32 29 66
20 18548589 0 1 0 1 25 37 78 51 62 129
20 18567781 0 1 0 1 5 5 16 17 10 33
20 19580020 0 1 0 1 33 39 83 87 72 170
20 19585049 0 1 0 1 37 37 92 63 74 155
20 19673810 0 1 0 1 6 14 31 32 20 63
20 19956668 0 1 0 1 43 38 74 88 81 162
20 19960894 0 1 0 1 8 3 24 14 11 38
20 19971016 0 1 0 1 15 6 28 36 21 64
20 19975069 0 1 0 1 20 24 78 77 44 155
20 19990061 0 1 0 1 45 37 77 82 82 159
20 19990244 0 1 0 1 33 42 64 91 75 155
20 20042322 0 1 0 0 3 69 0 139 72 139
20 20042329 0 1 0 0 3 70 0 141 73 141
20 20052354 0 1 0 1 20 30 55 81 50 136
20 20052493 0 1 0 1 66 54 90 108 120 198
20 20052598 0 1 0 1 28 44 68 97 72 165
20 20052675 0 1 0 1 24 27 67 89 51 156
20 20052723 0 1 0 1 16 26 59 83 42 142
20 20052736 0 1 0 1 17 27 54 82 44 136
20 20052779 0 1 0 1 14 19 39 55 33 94
20 20069753 0 1 0 1 42 35 73 75 77 148
20 20090990 0 1 0 1 30 33 66 72 63 138
20 20142980 0 1 0 1 5 6 29 37 11 66
20 20169285 0 1 0 0 2 12 0 49 14 49
20 20169383 0 1 0 1 29 26 83 67 55 150
20 20228206 0 1 0 1 8 6 22 30 14 52
20 20251712 0 1 0 1 22 26 50 67 48 117
20 20288987 0 1 0 1 7 7 23 27 14 50
20 20368318 0 1 0 1 27 22 60 79 49 139
20 20512578 0 1 0 1 34 40 73 84 74 157
20 20573033 0 1 0 0 2 15 0 91 17 91
20 20598749 0 1 0 1 19 27 83 71 46 154
20 20601789 0 1 0 0 2 21 0 111 23 111
20 21145553 0 1 0 1 9 6 29 27 15 56
20 21161882 0 1 0 1 37 42 65 85 79 150
20 21162172 0 1 0 1 60 58 96 101 118 197
20 21326469 0 1 0 1 26 31 74 59 57 133
20 21332255 0 1 0 1 21 23 42 52 44 94
20 21333538 0 1 0 1 37 39 68 81 76 149
20 21348314 0 1 0 1 20 20 60 59 40 119
20 21356187 0 1 0 1 30 16 54 43 46 97
20 21513546 0 1 0 1 28 30 81 66 58 147
20 22733616 0 1 0 1 2 8 4 33 10 37
20 22733617 0 1 0 1 2 8 4 32 10 36
20 22733667 0 1 0 1 3 7 5 27 10 32
20 23048087 0 1 0 1 46 44 79 94 90 173
20 23085242 0 1 0 1 42 50 84 99 92 183
20 23403008 0 1 0 1 3 63 2 141 66 143
20 23451891 0 1 0 1 28 22 52 75 50 127
20 23603479 0 1 0 1 14 8 32 49 22 81
20 23605696 0 1 0 0 2 37 0 139 39 139
20 23605723 0 1 0 1 14 29 74 75 43 149
20 23637790 0 1 0 1 11 7 26 21 18 47
20 23748918 0 1 0 1 2 8 6 28 10 34
20 23750857 0 1 0 1 21 22 52 55 43 107
20 23825148 0 1 0 1 2 16 7 61 18 68
20 23879541 0 1 0 1 47 43 78 107 90 185
20 24958954 0 1 0 1 17 9 34 36 26 70
20 24964297 0 1 0 1 7 4 21 18 11 39
20 24969737 0 1 0 1 4 9 21 15 13 36
20 24983922 0 1 0 1 14 29 59 58 43 117
20 25012584 0 1 0 1 22 29 70 73 51 143
20 25012778 0 1 0 1 29 27 61 56 56 117
20 25013639 0 1 0 1 23 20 57 62 43 119
20 25020098 0 1 0 1 41 52 89 87 93 176
20 25030787 0 1 0 1 44 43 95 81 87 176
20 25057848 0 1 0 1 40 27 76 91 67 167
20 25078806 0 1 0 1 24 29 86 75 53 161
20 25206577 0 1 0 1 38 35 71 94 73 165
20 25209962 0 1 0 1 17 21 49 46 38 95
20 25213227 0 1 0 1 17 26 47 63 43 110
20 25213313 0 1 0 1 30 39 76 87 69 163
20 25276826 0 1 0 1 33 33 69 75 66 144
20 25277408 0 1 0 1 19 24 48 63 43 111
20 25278564 0 1 0 1 8 7 37 28 15 65
20 25279171 0 1 0 1 32 22 61 68 54 129
20 25280295 0 1 0 1 41 68 89 91 109 180
20 25281148 0 1 0 1 31 31 62 75 62 137
20 25282153 0 1 0 1 9 7 31 24 16 55
20 25284136 0 1 0 1 23 34 48 84 57 132
20 25284178 0 1 0 1 22 33 42 89 55 131
20 25284274 0 1 0 1 6 10 20 34 16 54
20 25288284 0 1 0 1 26 28 68 86 54 154
20 25290450 0 1 0 1 16 8 26 22 24 48
20 25290650 0 1 0 1 25 21 73 49 46 122
20 25290690 0 1 0 1 11 12 46 30 23 76
20 25292726 0 1 0 1 20 13 39 43 33 82
20 25295207 0 1 0 1 7 3 19 15 10 34
20 25295661 0 1 0 1 25 37 67 79 62 146
20 25295707 0 1 0 1 28 35 59 81 63 140
20 25302308 0 1 0 1 7 17 27 32 24 59
20 25302331 0 1 0 1 13 8 27 25 21 52
20 25303707 0 1 0 1 20 25 53 56 45 109
20 25307996 0 1 0 1 13 7 31 35 20 66
20 25315151 0 1 0 1 8 7 12 33 15 45
20 25320386 0 1 0 1 16 9 34 35 25 69
20 25339592 0 1 0 1 20 31 46 69 51 115
20 25417313 0 1 0 0 2 18 0 71 20 71
20 25418154 0 1 0 1 36 63 72 85 99 157
20 25418240 0 1 0 1 14 21 37 44 35 81
20 25453503 0 1 0 1 31 40 82 79 71 161
20 25461461 0 1 0 1 3 8 27 19 11 46
20 25467260 0 1 0 1 7 4 18 25 11 43
20 25476252 0 1 0 1 17 20 64 69 37 133
20 25476386 0 1 0 1 18 21 52 58 39 110
20 25479128 0 1 0 1 37 29 75 80 66 155
20 25481828 0 1 0 1 14 6 34 33 20 67
20 25498422 0 1 0 1 6 17 30 32 23 62
20 25540055 0 1 0 1 32 18 56 59 50 115
20 25686006 0 1 0 1 16 33 55 88 49 143
20 25752743 0 1 0 0 2 15 0 83 17 83
20 25773484 0 1 0 1 5 8 17 47 13 64
20 25773496 0 1 0 1 13 9 25 49 22 74
20 25773498 0 1 0 1 13 10 25 50 23 75
20 25773499 0 1 0 1 14 11 27 50 25 77
20 25773519 0 1 0 1 33 16 53 65 49 118
20 25773528 0 1 0 1 6 48 5 123 54 128
20 25773532 0 1 0 1 36 21 61 70 57 131
20 25773537 0 1 0 1 36 22 65 73 58 138
20 25773555 0 1 0 1 11 51 28 121 62 149
20 25773570 0 1 0 1 26 37 45 104 63 149
20 25773589 0 1 0 1 26 31 57 72 57 129
20 25773617 0 1 0 1 6 33 27 71 39 98
20 25773620 0 1 0 1 8 29 33 63 37 96
20 25773627 0 1 0 1 2 30 6 80 32 86
20 25919526 0 1 0 1 5 21 20 50 26 70
20 26081167 0 1 0 1 12 31 21 79 43 100
20 26081182 0 1 0 1 3 51 4 108 54 112
20 26081209 0 1 0 1 7 61 7 117 68 124
20 26081223 0 1 0 1 16 50 23 102 66 125
20 26081229 0 1 0 1 8 55 11 117 63 128
20 26081241 0 1 0 1 3 54 4 113 57 117
20 26081400 0 1 0 1 3 7 14 25 10 39
20 26081411 0 1 0 1 4 8 21 30 12 51
20 26081421 0 1 0 1 5 8 24 32 13 56
20 26081442 0 1 0 1 10 8 36 26 18 62
20 26081461 0 1 0 1 10 6 39 22 16 61
20 26081469 0 1 0 1 6 10 12 48 16 60
20 26081473 0 1 0 1 5 11 4 56 16 60
20 26081498 0 1 0 1 5 8 14 32 13 46
20 26081502 0 1 0 1 7 3 25 19 10 44
20 26133007 0 1 0 1 11 4 41 17 15 58
20 26208416 0 1 0 1 2 33 9 92 35 101
20 26208423 0 1 0 1 2 30 10 85 32 95
20 26208429 0 1 0 1 2 26 10 76 28 86
20 26208439 0 1 0 1 2 23 10 63 25 73
20 26208444 0 1 0 1 2 21 10 60 23 70
20 26230416 0 1 0 1 2 18 11 23 20 34
20 28565257 0 1 0 1 9 10 28 22 19 50
20 28565288 0 1 0 1 24 17 57 35 41 92
20 28565319 0 1 0 1 15 46 30 89 61 119
20 28565330 0 1 0 1 4 66 6 121 70 127
20 28565341 0 1 0 1 5 79 9 133 84 142
20 28565351 0 1 0 1 49 41 81 64 90 145
20 28565359 0 1 0 1 46 40 86 51 86 137
20 28565360 0 1 0 1 14 67 24 111 81 135
20 28565377 0 1 0 1 4 69 5 109 73 114
20 28565378 0 1 0 1 16 57 14 98 73 112
20 28565386 0 1 0 1 5 63 5 94 68 99
20 28565417 0 1 0 1 9 33 16 42 42 58
20 28565422 0 1 0 1 5 36 5 45 41 50
20 28565425 0 1 0 1 9 30 9 38 39 47
20 28581925 0 1 0 1 3 14 9 48 17 57
20 28581926 0 1 0 1 3 13 9 49 16 58
20 28581931 0 1 0 1 3 14 9 53 17 62
20 28584073 0 1 0 1 10 6 30 23 16 53
20 28588680 0 1 0 1 4 68 7 100 72 107
20 28588693 0 1 0 1 5 73 7 101 78 108
20 28588753 0 1 0 1 41 22 40 49 63 89
20 28588754 0 1 0 1 40 22 38 50 62 88
20 28588757 0 1 0 1 12 50 9 83 62 92
20 28588801 0 1 0 1 12 11 36 38 23 74
20 28601736 0 1 0 1 6 17 19 68 23 87
20 28601751 0 1 0 1 9 24 23 83 33 106
20 28601769 0 1 0 1 10 39 28 101 49 129
20 28601794 0 1 0 1 14 46 34 122 60 156
20 28601879 0 1 0 1 5 15 8 54 20 62
20 29080343 0 1 0 1 5 19 9 52 24 61
20 29080353 0 1 0 1 7 21 13 54 28 67
20 29080361 0 1 0 1 4 33 5 72 37 77
20 29080369 0 1 0 1 26 18 37 47 44 84
20 29080372 0 1 0 1 31 18 42 46 49 88
20 29080381 0 1 0 1 4 62 2 105 66 107
20 29080395 0 1 0 1 5 76 14 115 81 129
20 29080396 0 1 0 1 2 81 3 127 83 130
20 29080406 0 1 0 1 4 84 3 129 88 132
20 29080431 0 1 0 1 2 79 8 117 81 125
20 29080439 0 1 0 1 4 75 3 123 79 126
20 29080446 0 1 0 1 26 52 36 87 78 123
20 29080452 0 1 0 1 4 76 3 118 80 121
20 29080468 0 1 0 1 3 55 7 87 58 94
20 29080469 0 1 0 1 31 23 53 38 54 91
20 29080471 0 1 0 1 7 42 11 78 49 89
20 29080484 0 1 0 1 20 19 34 38 39 72
20 29080498 0 1 0 1 9 17 21 36 26 57
20 29080507 0 1 0 1 11 13 23 35 24 58
20 29080514 0 1 0 1 10 12 28 28 22 56
20 29080537 0 1 0 1 15 10 40 18 25 58
20 29080543 0 1 0 1 15 9 43 17 24 60
20 29080591 0 1 1 1 12 6 39 5 18 44
20 29080600 0 1 1 1 9 5 30 4 14 34
20 29080605 0 1 0 1 2 8 6 25 10 31
20 29082566 0 1 0 1 2 9 8 32 11 40
20 29082628 0 1 0 1 3 23 5 68 26 73
20 29094262 0 1 0 1 6 16 23 31 22 54
20 29094266 0 1 0 1 2 21 6 50 23 56
20 29099463 0 1 0 1 7 36 13 60 43 73
20 29099497 0 1 0 1 14 47 22 66 61 88
20 29099505 0 1 0 1 15 49 22 73 64 95
20 29099536 0 1 0 1 15 62 22 83 77 105
20 29101543 0 1 0 1 3 13 4 34 16 38
20 29101544 0 1 0 1 2 14 4 34 16 38
20 29106792 0 1 0 1 2 9 6 41 11 47
20 29297031 0 1 0 1 3 9 12 36 12 48
20 29297062 0 1 0 1 5 11 16 47 16 63
20 29297072 0 1 0 1 5 12 21 39 17 60
20 29297105 0 1 0 1 6 9 19 37 15 56
20 29297114 0 1 0 1 6 11 18 35 17 53
20 29297130 0 1 0 1 5 10 15 30 15 45
20 29297135 0 1 0 1 5 8 13 28 13 41
20 29297141 0 1 0 1 4 8 6 29 12 35
20 29297142 0 1 0 1 3 8 6 27 11 33
20 29297143 0 1 0 1 3 7 6 29 10 35
20 29300418 0 1 0 1 7 3 11 19 10 30
20 29300688 0 1 0 1 4 6 26 26 10 52
20 29300941 0 1 0 1 8 12 27 27 20 54
20 29300976 0 1 0 1 12 20 38 52 32 90
20 29300992 0 1 0 1 12 23 49 57 35 106
20 29301015 0 1 0 1 23 31 62 71 54 133
20 29301036 0 1 0 1 22 32 58 79 54 137
20 29301045 0 1 0 1 20 31 49 86 51 135
20 29301046 0 1 0 1 21 33 49 88 54 137
20 29301047 0 1 0 1 21 33 50 87 54 137
20 29301068 0 1 0 1 33 36 73 83 69 156
20 29301078 0 1 0 1 16 54 31 128 70 159
20 29301114 0 1 0 1 27 30 52 95 57 147
20 29301115 0 1 0 1 25 30 51 91 55 142
20 29301125 0 1 0 1 24 28 47 94 52 141
20 29301164 0 1 0 1 3 33 6 93 36 99
20 29301208 0 1 0 1 14 14 33 48 28 81
20 29301212 0 1 0 1 15 14 34 46 29 80
20 29301218 0 1 0 1 15 14 35 42 29 77
20 29301249 0 1 0 1 17 6 41 21 23 62
20 29301260 0 1 0 1 12 5 36 17 17 53
20 29301263 0 1 0 1 10 5 34 15 15 49
20 29303298 0 1 0 1 4 6 23 24 10 47
20 29303345 0 1 0 1 3 7 3 60 10 63
20 29327340 0 1 0 1 5 7 29 14 12 43
20 29327371 0 1 0 1 6 6 28 13 12 41
20 29327393 0 1 0 1 7 6 24 11 13 35
20 29327397 0 1 0 1 2 10 4 30 12 34
20 29327407 0 1 0 1 6 4 21 11 10 32
20 29327411 0 1 0 1 2 9 4 29 11 33
20 29362354 0 1 0 1 16 13 34 50 29 84
20 29362361 0 1 0 1 16 14 34 50 30 84
20 29362364 0 1 0 1 4 25 10 76 29 86
20 29362368 0 1 0 1 7 23 9 76 30 85
20 29362377 0 1 0 1 5 26 11 76 31 87
20 29362392 0 1 0 1 12 17 28 48 29 76
20 29362397 0 1 0 1 10 16 24 47 26 71
20 29362405 0 1 0 1 9 15 20 46 24 66
20 29362408 0 1 0 1 9 15 20 41 24 61
20 29408560 0 1 0 1 2 10 3 31 12 34
20 29408581 0 1 0 1 3 10 5 29 13 34
20 29408601 0 1 0 1 3 10 4 30 13 34
20 29415522 0 1 0 1 31 36 73 63 67 136
20 29415656 0 1 0 1 16 73 14 159 89 173
20 29415673 0 1 0 1 20 76 28 143 96 171
20 29415735 0 1 0 1 20 64 28 93 84 121
20 29415796 0 1 0 1 3 28 5 77 31 82
20 29415836 0 1 0 1 6 15 10 51 21 61
20 29415864 0 1 0 1 3 16 7 33 19 40
20 29415878 0 1 0 1 6 10 10 28 16 38
20 29415958 0 1 0 1 4 12 6 36 16 42
20 29416062 0 1 0 1 1 68 6 134 69 140
20 29416099 0 1 0 1 36 61 50 115 97 165
20 29416133 0 1 0 1 30 66 35 121 96 156
20 29416180 0 1 0 1 12 35 21 86 47 107
20 29416181 0 1 0 1 10 35 19 87 45 106
20 29416193 0 1 0 1 4 33 9 82 37 91
20 29416410 0 1 0 1 5 13 10 35 18 45
20 29416434 0 1 0 1 9 23 19 59 32 78
20 29416468 0 1 0 1 36 23 68 60 59 128
20 29416489 0 1 0 1 45 25 84 67 70 151
20 29416540 0 1 0 1 31 27 74 68 58 142
20 29416541 0 1 0 1 31 27 73 68 58 141
20 29416565 0 1 0 1 20 23 65 60 43 125
20 29416618 0 1 0 1 8 8 38 38 16 76
20 29416633 0 1 0 1 6 8 27 40 14 67
20 29416650 0 1 0 1 4 7 17 38 11 55
20 29459641 0 1 0 1 3 14 23 38 17 61
20 29481406 0 1 0 1 2 17 3 42 19 45
20 29481415 0 1 0 1 6 20 4 50 26 54
20 29481445 0 1 0 1 4 20 2 37 24 39
20 29481447 0 1 0 1 5 19 7 32 24 39
20 29488091 0 1 0 1 15 8 16 31 23 47
20 29488201 0 1 0 1 30 33 74 61 63 135
20 29494901 0 1 0 1 8 21 6 71 29 77
20 29494929 0 1 0 1 18 13 32 46 31 78
20 29494983 0 1 0 1 5 10 5 33 15 38
20 29496213 0 1 0 1 8 5 16 16 13 32
20 29496226 0 1 0 1 20 11 27 26 31 53
20 29496248 0 1 0 1 7 51 8 88 58 96
20 29496251 0 1 0 1 6 55 13 89 61 102
20 29496263 0 1 0 1 4 78 12 114 82 126
20 29496278 0 1 0 1 64 26 98 43 90 141
20 29496310 0 1 0 1 3 83 13 115 86 128
20 29496353 0 1 0 1 10 19 11 30 29 41
20 29496354 0 1 0 1 11 17 15 24 28 39
20 29497086 0 1 0 1 2 46 5 98 48 103
20 29497098 0 1 0 1 10 39 14 100 49 114
20 29497101 0 1 0 1 5 42 8 110 47 118
20 29497123 0 1 0 1 11 29 17 92 40 109
20 29497130 0 1 0 1 3 36 3 101 39 104
20 29497163 0 1 0 1 3 13 7 70 16 77
20 29497173 0 1 0 1 3 13 4 67 16 71
20 29497198 0 1 0 1 3 12 6 49 15 55
20 29497302 0 1 0 1 9 5 11 17 14 28
20 29641883 0 1 0 1 4 17 4 59 21 63
20 29641970 0 1 0 1 3 16 18 39 19 57
20 29741460 0 1 0 1 3 12 5 57 15 62
20 29741469 0 1 0 1 3 12 5 64 15 69
20 29741492 0 1 0 1 3 14 5 66 17 71
20 29741504 0 1 0 1 3 16 5 60 19 65
20 29741517 0 1 0 1 3 14 5 57 17 62
20 29741524 0 1 0 1 4 11 8 48 15 56
20 29741529 0 1 0 1 2 12 3 49 14 52
20 29743222 0 1 0 1 5 24 9 75 29 84
20 29743230 0 1 0 1 5 24 9 79 29 88
20 29743248 0 1 0 1 5 30 9 87 35 96
20 29743249 0 1 0 1 5 30 9 86 35 95
20 29743252 0 1 0 1 5 32 9 88 37 97
20 29743255 0 1 0 1 5 35 9 89 40 98
20 29743277 0 1 0 1 4 43 7 109 47 116
20 29743437 0 1 0 1 6 7 35 25 13 60
20 29800129 0 1 0 1 5 7 12 43 12 55
20 29800134 0 1 0 1 6 8 14 42 14 56
20 29800145 0 1 0 1 7 8 17 39 15 56
20 29800169 0 1 0 1 8 6 26 36 14 62
20 29800177 0 1 0 1 8 8 25 31 16 56
20 29800179 0 1 0 1 8 8 24 32 16 56
20 29874715 0 1 0 1 6 6 14 29 12 43
20 29874723 0 1 0 1 5 7 7 36 12 43
20 29874726 0 1 0 1 4 8 16 24 12 40
20 29874731 0 1 0 1 4 7 15 25 11 40
20 29874734 0 1 0 1 6 6 14 26 12 40
20 29874830 0 1 0 1 3 13 9 26 16 35
20 29874847 0 1 0 1 2 15 13 33 17 46
20 29874888 0 1 0 1 4 16 16 35 20 51
20 29874905 0 1 0 1 7 8 31 15 15 46
20 29874908 0 1 0 1 4 11 13 29 15 42
20 29874914 0 1 0 1 6 6 22 17 12 39
20 29874952 0 1 0 1 6 14 12 34 20 46
20 29874955 0 1 0 1 15 7 23 24 22 47
20 29874962 0 1 0 1 12 6 25 21 18 46
20 29874972 0 1 0 1 6 16 8 45 22 53
20 29875095 0 1 0 1 3 7 14 25 10 39
20 29875099 0 1 0 1 3 7 23 11 10 34
20 29876745 0 1 0 1 5 1 25 15 6 40
20 29876749 0 1 0 1 2 10 7 55 12 62
20 29880428 0 1 0 1 3 7 13 17 10 30
20 30377325 0 1 0 1 5 17 6 43 22 49
20 30377347 0 1 0 1 5 21 6 57 26 63
20 30377378 0 1 0 1 3 27 6 65 30 71
20 30377388 0 1 0 1 4 30 6 67 34 73
20 30378291 0 1 0 1 7 8 25 17 15 42
20 30391321 0 1 0 1 12 15 33 33 27 66
20 30391351 0 1 0 1 13 5 38 13 18 51
20 30393488 0 1 0 1 3 36 4 76 39 80
20 30393595 0 1 0 1 4 42 4 61 46 65
20 30398033 0 1 0 1 9 22 23 62 31 85
20 30398038 0 1 0 1 8 18 16 60 26 76
20 30398039 0 1 0 1 8 18 17 60 26 77
20 30399147 0 1 0 1 6 7 10 32 13 42
20 30399199 0 1 0 1 6 41 7 113 47 120
20 30399276 0 1 0 1 19 7 42 29 26 71
20 30399310 0 1 0 1 2 12 13 36 14 49
20 30551382 0 1 0 1 33 40 95 77 73 172
20 30728928 0 1 0 1 14 8 37 48 22 85
20 30729065 0 1 0 1 4 10 25 12 14 37
20 30812416 0 1 0 1 3 7 6 32 10 38
20 30815045 0 1 0 1 9 4 22 15 13 37
20 30815057 0 1 0 1 10 2 21 10 12 31
20 30815065 0 1 0 1 10 6 23 19 16 42
20 30815067 0 1 0 1 11 6 23 18 17 41
20 30815080 0 1 0 1 2 19 4 53 21 57
20 30815082 0 1 0 1 3 17 10 49 20 59
20 30815083 0 1 0 1 2 18 4 56 20 60
20 30815228 0 1 0 1 2 12 7 43 14 50
20 30815231 0 1 0 1 8 5 28 22 13 50
20 30815272 0 1 0 1 10 7 26 25 17 51
20 30815318 0 1 0 1 4 21 8 74 25 82
20 30815351 0 1 0 1 2 37 4 108 39 112
20 30815358 0 1 0 1 9 34 10 111 43 121
20 30815368 0 1 0 1 3 38 7 120 41 127
20 30815378 0 1 0 1 9 39 40 100 48 140
20 30815398 0 1 0 1 13 33 59 73 46 132
20 30815416 0 1 0 1 7 38 41 92 45 133
20 30815417 0 1 0 1 6 37 11 118 43 129
20 30815422 0 1 0 1 2 40 6 119 42 125
20 30815428 0 1 0 1 3 36 32 84 39 116
20 30815434 0 1 0 1 9 21 45 56 30 101
20 30815445 0 1 0 1 5 20 6 87 25 93
20 30815455 0 1 0 1 2 21 13 73 23 86
20 30815500 0 1 0 1 4 14 29 44 18 73
20 30815510 0 1 0 1 2 13 24 41 15 65
20 30815534 0 1 0 1 2 12 12 43 14 55
20 30815592 0 1 0 1 3 11 13 27 14 40
20 31052103 0 1 0 1 6 5 19 12 11 31
20 31068140 0 1 0 1 8 5 27 12 13 39
20 31068165 0 1 0 1 6 6 9 36 12 45
20 31068171 0 1 0 1 8 3 34 17 11 51
20 31285774 0 1 0 1 23 19 45 55 42 100
20 31286071 0 1 1 1 6 16 36 12 22 48
20 31377211 0 1 0 1 6 6 19 22 12 41
20 31389353 0 1 0 1 5 7 13 24 12 37
20 31390409 0 1 0 1 18 13 52 61 31 113
20 31449980 0 1 0 1 38 39 77 88 77 165
20 31465452 0 1 0 1 11 12 41 38 23 79
20 31476528 0 1 0 1 20 33 86 73 53 159
20 31482222 0 1 0 0 2 14 0 63 16 63
20 31821692 0 1 0 0 2 28 0 109 30 109
20 31861522 0 1 0 1 11 14 43 40 25 83
20 31864979 0 1 0 1 16 26 58 70 42 128
20 31870530 0 1 0 1 11 13 40 37 24 77
20 31887040 0 1 0 1 30 29 63 64 59 127
20 31925932 0 1 0 1 63 52 99 91 115 190
20 31939262 0 1 0 1 36 70 87 98 106 185
20 32030984 0 1 0 1 19 22 37 67 41 104
20 32054250 0 1 0 1 38 29 82 74 67 156
20 32073327 0 1 0 1 23 16 58 55 39 113
20 32141685 0 1 0 1 36 47 92 84 83 176
20 32158445 0 1 0 1 22 30 61 88 52 149
20 32159876 0 1 0 1 5 5 26 16 10 42
20 32165467 0 1 0 1 24 22 57 62 46 119
20 32170845 0 1 0 1 7 9 21 22 16 43
20 32189997 0 1 0 1 12 9 30 31 21 61
20 32190057 0 1 0 1 8 8 30 27 16 57
20 32208016 0 1 0 1 21 18 60 57 39 117
20 32326903 0 1 0 1 5 6 18 15 11 33
20 32366492 0 1 0 1 33 65 84 82 98 166
20 32371901 0 1 0 1 9 6 25 23 15 48
20 32435466 0 1 0 1 70 76 98 95 146 193
20 32436471 0 1 0 1 32 24 66 78 56 144
20 32437360 0 1 0 1 20 19 54 53 39 107
20 32528000 0 1 0 1 16 16 39 24 32 63
20 32650825 0 1 0 1 22 37 60 72 59 132
20 32650833 0 1 0 1 24 37 60 77 61 137
20 32706853 0 1 0 1 3 9 19 23 12 42
20 32796929 0 1 0 1 33 35 77 79 68 156
20 32859097 0 1 0 0 2 17 0 71 19 71
20 32996471 0 1 0 1 12 6 28 13 18 41
20 33223745 0 1 0 1 6 6 27 20 12 47
20 33226542 0 1 0 1 26 39 68 86 65 154
20 33240459 0 1 0 1 10 11 43 37 21 80
20 33288875 0 1 0 1 32 46 69 102 78 171
20 33359172 0 1 0 0 2 19 0 108 21 108
20 33367026 0 1 0 1 10 6 32 24 16 56
20 33640509 0 1 0 1 14 19 47 38 33 85
20 33790926 0 1 0 1 32 40 60 85 72 145
20 34103696 0 1 0 0 3 14 0 42 17 42
20 34516787 0 1 0 1 31 47 60 116 78 176
20 34558797 0 1 0 0 2 13 0 58 15 58
20 34559933 0 1 0 1 17 15 35 32 32 67
20 34561057 0 1 0 1 16 15 38 33 31 71
20 34739072 0 1 0 1 10 13 40 33 23 73
20 34746736 0 1 0 1 7 12 27 38 19 65
20 34749948 0 1 0 1 63 57 98 93 120 191
20 34757778 0 1 0 0 2 26 0 100 28 100
20 34776781 0 1 0 1 11 19 38 56 30 94
20 34782463 0 1 0 1 7 7 20 14 14 34
20 34859359 0 1 0 1 11 11 32 24 22 56
20 34860112 0 1 0 1 9 4 22 23 13 45
20 34863345 0 1 0 1 31 52 80 96 83 176
20 34872563 0 1 0 1 14 18 58 48 32 106
20 34882891 0 1 0 1 29 33 77 79 62 156
20 34921472 0 1 0 1 44 29 93 75 73 168
20 34921720 0 1 0 1 8 13 46 29 21 75
20 34945933 0 1 0 1 19 14 49 41 33 90
20 34982370 0 1 0 0 3 31 0 65 34 65
20 35021406 0 1 0 1 8 7 18 16 15 34
20 35366432 0 1 0 1 5 7 18 20 12 38
20 35480123 0 1 0 0 2 21 0 84 23 84
20 35491374 0 1 0 1 19 9 60 47 28 107
20 35616248 0 1 0 0 2 28 0 111 30 111
20 35669690 0 1 0 0 2 30 0 123 32 123
20 35681916 0 1 0 0 2 22 0 108 24 108
20 36794533 0 1 0 1 39 47 86 99 86 185
20 36839310 0 1 0 1 30 28 60 67 58 127
20 36930949 0 1 0 1 19 15 43 63 34 106
20 37032643 0 1 0 1 15 12 40 38 27 78
20 37082050 0 1 0 1 13 9 24 43 22 67
20 37095855 0 1 0 0 2 19 0 104 21 104
20 37102778 0 1 0 1 21 20 46 60 41 106
20 37110438 0 1 0 1 29 30 71 70 59 141
20 37110489 0 1 0 1 15 17 38 35 32 73
20 37112391 0 1 0 1 60 75 91 95 135 186
20 37120491 0 1 0 1 22 30 84 81 52 165
20 37121020 0 1 0 1 24 26 68 73 50 141
20 37123830 0 1 0 1 11 5 19 13 16 32
20 37141189 0 1 0 1 44 50 103 83 94 186
20 37157785 0 1 0 1 11 12 45 29 23 74
20 37174168 0 1 0 1 10 10 31 50 20 81
20 37184123 0 1 0 0 3 54 0 131 57 131
20 37207486 0 1 0 1 9 21 44 64 30 108
20 37223992 0 1 0 1 19 21 64 40 40 104
20 37224047 0 1 0 1 7 9 26 19 16 45
20 37230091 0 1 0 1 19 15 41 62 34 103
20 37236651 0 1 0 1 36 39 80 75 75 155
20 37241216 0 1 0 1 27 21 57 68 48 125
20 37397874 0 1 0 1 3 8 22 20 11 42
20 37521527 0 1 0 1 5 6 27 18 11 45
20 37871911 0 1 0 1 56 46 83 100 102 183
20 37931571 0 1 0 0 3 49 0 112 52 112
20 37987183 0 1 0 1 21 22 55 73 43 128
20 37996354 0 1 0 1 17 26 69 62 43 131
20 38050014 0 1 0 1 7 16 30 34 23 64
20 38130376 0 1 0 1 10 18 37 48 28 85
20 38130456 0 1 0 1 5 7 14 16 12 30
20 38132612 0 1 0 1 33 23 73 64 56 137
20 38132800 0 1 0 1 38 47 83 92 85 175
20 38141084 0 1 0 1 5 5 16 22 10 38
20 38141390 0 1 0 1 30 34 78 67 64 145
20 38141437 0 1 0 1 27 21 63 37 48 100
20 38142186 0 1 0 1 46 67 84 88 113 172
20 38165099 0 1 0 1 25 17 78 86 42 164
20 38165127 0 1 0 1 14 16 77 68 30 145
20 38165153 0 1 0 0 2 19 0 126 21 126
20 38217198 0 1 0 1 12 11 34 26 23 60
20 38222577 0 1 0 0 2 31 0 121 33 121
20 38231309 0 1 0 1 5 5 24 25 10 49
20 38239789 0 1 0 1 12 13 34 39 25 73
20 38241114 0 1 0 1 16 31 64 83 47 147
20 38241544 0 1 0 0 3 94 0 179 97 179
20 38241720 0 1 0 1 45 22 71 82 67 153
20 38304245 0 1 0 1 22 22 70 63 44 133
20 38331180 0 1 0 1 8 19 28 58 27 86
20 38337215 0 1 0 1 15 6 36 31 21 67
20 38360615 0 1 0 1 8 12 51 31 20 82
20 38360648 0 1 0 1 11 12 65 40 23 105
20 38360727 0 1 0 1 21 11 76 52 32 128
20 38524953 0 1 0 1 45 76 80 102 121 182
20 38623567 0 1 0 1 10 18 37 58 28 95
20 38628947 0 1 0 1 19 21 58 63 40 121
20 38637562 0 1 0 1 9 6 28 21 15 49
20 38646218 0 1 0 1 13 9 35 31 22 66
20 38648510 0 1 0 1 8 8 24 16 16 40
20 38648628 0 1 0 1 18 14 63 43 32 106
20 38649969 0 1 0 1 14 10 36 43 24 79
20 38748811 0 1 0 0 2 28 0 105 30 105
20 38754997 0 1 0 1 45 47 101 80 92 181
20 38766469 0 1 0 1 8 18 31 26 26 57
20 38767477 0 1 0 1 29 44 82 84 73 166
20 38767619 0 1 0 1 20 28 33 61 48 94
20 38889718 0 1 0 1 14 13 26 39 27 65
20 38905939 0 1 0 1 30 50 82 96 80 178
20 38906022 0 1 0 1 26 41 92 77 67 169
20 38926473 0 1 0 1 37 41 86 80 78 166
20 38942082 0 1 0 1 40 41 77 79 81 156
20 38962541 0 1 0 1 5 5 12 19 10 31
20 38972600 0 1 0 1 26 44 68 84 70 152
20 38992245 0 1 0 1 17 19 36 26 36 62
20 38992537 0 1 0 1 15 9 25 15 24 40
20 39001963 0 1 0 1 26 21 51 53 47 104
20 39006061 0 1 0 1 6 10 27 15 16 42
20 39006384 0 1 0 1 5 5 19 12 10 31
20 39015016 0 1 0 1 16 15 33 40 31 73
20 39018852 0 1 0 0 4 93 0 183 97 183
20 39025381 0 1 0 1 14 25 54 65 39 119
20 41084548 0 1 0 1 18 29 59 67 47 126
20 41164052 0 1 0 1 43 81 95 98 124 193
20 41170242 0 1 0 0 3 39 0 110 42 110
20 41345984 0 1 0 1 20 17 52 43 37 95
20 41358211 0 1 0 1 9 16 37 48 25 85
20 41412230 0 1 0 1 25 27 69 75 52 144
20 41420459 0 1 0 1 5 7 19 16 12 35
20 41437477 0 1 0 1 5 6 24 19 11 43
20 41447869 0 1 0 1 37 25 90 63 62 153
20 41487827 0 1 0 1 29 25 65 78 54 143
20 41551142 0 1 0 1 17 9 56 29 26 85
20 42104442 0 1 0 1 5 10 23 25 15 48
20 42118571 0 1 0 1 39 25 52 84 64 136
20 42234542 0 1 0 1 7 11 21 30 18 51
20 42234665 0 1 0 1 33 31 73 85 64 158
20 42248963 0 1 0 1 10 11 25 29 21 54
20 42316018 0 1 0 1 16 13 48 42 29 90
20 42350520 0 1 0 1 6 4 23 12 10 35
20 42350790 0 1 0 1 15 17 34 32 32 66
20 43230817 0 1 0 0 2 17 0 85 19 85
20 43460500 0 1 0 1 9 12 35 34 21 69
20 43566349 0 1 0 1 27 26 65 63 53 128
20 44054434 0 1 0 0 3 45 0 143 48 143
20 44068615 0 1 0 1 12 15 46 22 27 68
20 44114814 0 1 0 1 15 14 49 43 29 92
20 44177789 0 1 0 1 13 13 28 22 26 50
20 44258306 0 1 0 0 2 34 0 125 36 125
20 44263169 0 1 0 1 8 13 42 28 21 70
20 44279502 0 1 0 1 8 14 41 36 22 77
20 44337223 0 1 0 1 25 41 74 74 66 148
20 44337385 0 1 0 1 50 48 84 90 98 174
20 44343322 0 1 0 1 6 4 24 23 10 47
20 44414411 0 1 0 1 7 5 29 22 12 51
20 44414455 0 1 0 1 12 19 55 35 31 90
20 44429456 0 1 0 1 8 5 27 22 13 49
20 44619954 0 1 0 0 3 66 0 129 69 129
20 44720012 0 1 0 1 25 21 63 80 46 143
20 44727392 0 1 0 1 33 31 88 60 64 148
20 44727515 0 1 0 1 14 11 34 50 25 84
20 44750627 0 1 0 1 8 8 22 23 16 45
20 44901593 0 1 0 1 22 24 73 63 46 136
20 44906262 0 1 0 1 7 3 24 25 10 49
20 44938801 0 1 0 1 21 29 61 72 50 133
20 44939032 0 1 0 1 11 9 32 33 20 65
20 45000494 0 1 0 1 30 31 74 68 61 142
20 45053310 0 1 0 1 8 15 38 32 23 70
20 45098118 0 1 0 1 31 27 79 64 58 143
20 45114891 0 1 0 1 8 18 43 56 26 99
20 45114893 0 1 0 1 11 16 45 57 27 102
20 45293982 0 1 0 0 2 42 0 161 44 161
20 45304381 0 1 0 1 15 8 48 33 23 81
20 45304523 0 1 0 1 23 33 45 63 56 108
20 45314387 0 1 0 0 2 23 0 88 25 88
20 45366770 0 1 0 1 7 6 17 19 13 36
20 45377296 0 1 0 1 16 27 55 79 43 134
20 45406345 0 1 0 1 12 8 33 36 20 69
20 45470357 0 1 0 0 2 24 0 89 26 89
20 45512691 0 1 0 1 36 48 77 81 84 158
20 45515478 0 1 0 1 26 27 63 65 53 128
20 45608718 0 1 0 1 38 32 93 74 70 167
20 45630910 0 1 0 1 45 49 108 77 94 185
20 45641196 0 1 0 0 2 10 0 46 12 46
20 45684762 0 1 0 1 22 20 51 45 42 96
20 45705949 0 1 0 1 32 43 78 94 75 172
20 45788954 0 1 0 1 21 33 90 70 54 160
20 45789843 0 1 0 1 21 13 31 38 34 69
20 45789925 0 1 0 1 17 14 54 50 31 104
20 45791998 0 1 0 1 25 24 61 52 49 113
20 45802101 0 1 0 1 7 11 49 29 18 78
20 45803180 0 1 0 1 7 5 21 22 12 43
20 45803182 0 1 0 0 2 10 0 44 12 44
20 45811007 0 1 0 1 45 44 75 104 89 179
20 45824058 0 1 0 1 38 44 68 94 82 162
20 45840651 0 1 0 1 44 49 81 99 93 180
20 45842037 0 1 0 1 8 9 33 33 17 66
20 45872819 0 1 0 1 19 8 40 37 27 77
20 45877334 0 1 0 1 40 46 79 89 86 168
20 45877779 0 1 0 1 26 39 69 78 65 147
20 45887805 0 1 0 1 8 10 25 22 18 47
20 45890204 0 1 0 1 37 18 54 60 55 114
20 45891004 0 1 0 1 9 6 52 42 15 94
20 45893366 0 1 0 1 17 19 42 80 36 122
20 45893955 0 1 0 1 11 8 41 45 19 86
20 45894609 0 1 0 1 28 28 62 76 56 138
20 45894908 0 1 0 1 43 46 91 90 89 181
20 45895143 0 1 0 1 34 55 66 86 89 152
20 45940595 0 1 0 1 14 31 61 57 45 118
20 45950035 0 1 0 1 26 27 60 69 53 129
20 45950322 0 1 0 1 25 30 60 89 55 149
20 45952758 0 1 0 0 2 22 0 87 24 87
20 45957989 0 1 0 0 2 23 0 104 25 104
20 45963725 0 1 0 1 38 32 86 83 70 169
20 45963997 0 1 0 1 50 50 73 103 100 176
20 46010872 0 1 0 1 30 22 58 73 52 131
20 46011586 0 1 0 1 37 48 63 108 85 171
20 46012320 0 1 0 1 50 51 73 94 101 167
20 46014194 0 1 0 1 10 9 35 48 19 83
20 46016371 0 1 0 1 32 38 63 70 70 133
20 46034836 0 1 0 1 5 8 19 18 13 37
20 46035732 0 1 0 1 14 11 45 32 25 77
20 46044907 0 1 0 1 32 23 44 65 55 109
20 46046104 0 1 0 1 14 17 41 45 31 86
20 46051773 0 1 0 1 32 27 86 70 59 156
20 46062711 0 1 0 1 37 48 85 98 85 183
20 46128768 0 1 0 1 36 46 98 71 82 169
20 46178236 0 1 0 1 33 30 77 61 63 138
20 46354878 0 1 0 1 22 19 66 68 41 134
20 46355377 0 1 0 0 2 16 0 79 18 79
20 46358679 0 1 0 1 30 43 83 90 73 173
20 46389295 0 1 0 0 2 13 0 57 15 57
20 46393119 0 1 0 0 2 19 0 89 21 89
20 46501536 0 1 0 0 2 15 0 83 17 83
20 46504651 0 1 0 1 29 33 73 70 62 143
20 46541166 0 1 0 1 4 7 15 23 11 38
20 46541574 0 1 0 1 28 37 75 78 65 153
20 46545245 0 1 0 1 20 25 50 62 45 112
20 46545271 0 1 0 1 23 30 61 69 53 130
20 46545387 0 1 0 1 21 33 89 79 54 168
20 46560332 0 1 0 1 7 5 25 16 12 41
20 46566265 0 1 0 1 16 20 49 64 36 113
20 46575627 0 1 0 1 33 34 84 75 67 159
20 46585581 0 1 0 0 2 26 0 110 28 110
20 46592282 0 1 0 0 2 15 0 62 17 62
20 46613630 0 1 0 1 46 48 96 76 94 172
20 46687130 0 1 0 1 21 34 56 75 55 131
20 46729506 0 1 0 1 17 17 33 54 34 87
20 46729584 0 1 0 1 3 8 14 15 11 29
20 47089315 0 1 0 1 54 45 78 86 99 164
20 47097320 0 1 0 1 4 6 25 13 10 38
20 47167102 0 1 0 1 20 27 62 63 47 125
20 47169235 0 1 0 1 38 27 87 70 65 157
20 47169306 0 1 0 1 16 15 53 28 31 81
20 47179848 0 1 0 0 3 80 0 193 83 193
20 47183212 0 1 0 1 5 11 26 28 16 54
20 47187914 0 1 0 1 7 4 15 17 11 32
20 47187918 0 1 0 1 8 4 17 17 12 34
20 47187946 0 1 0 1 9 8 23 32 17 55
20 47187991 0 1 0 1 14 15 46 52 29 98
20 47188001 0 1 0 1 15 19 54 53 34 107
20 47356425 0 1 0 1 28 37 61 75 65 136
20 47659689 0 1 0 1 14 13 45 58 27 103
20 47684658 0 1 0 1 14 5 37 44 19 81
20 47860073 0 1 0 1 3 7 23 27 10 50
20 48625984 0 1 0 0 2 33 0 149 35 149
20 48952688 0 1 0 1 30 22 57 72 52 129
20 49028522 0 1 0 0 2 27 0 108 29 108
20 49228663 0 1 0 0 2 13 0 61 15 61
20 49236478 0 1 0 0 2 18 0 77 20 77
20 49481865 0 1 0 1 21 21 38 52 42 90
20 49548080 0 1 0 1 11 6 36 19 17 55
20 49642497 0 1 0 1 38 28 83 59 66 142
20 49643666 0 1 0 1 37 41 68 94 78 162
20 49646908 0 1 0 1 10 15 47 51 25 98
20 49684609 0 1 0 1 25 32 56 86 57 142
20 49713493 0 1 0 1 14 8 41 28 22 69
20 49812971 0 1 0 1 16 19 39 47 35 86
20 49812972 0 1 0 1 16 18 37 47 34 84
20 49829754 0 1 0 1 10 7 39 56 17 95
20 49830358 0 1 0 1 19 25 37 54 44 91
20 49830409 0 1 0 1 18 14 35 55 32 90
20 49830616 0 1 0 1 6 12 31 26 18 57
20 49831043 0 1 0 0 2 15 0 75 17 75
20 49884224 0 1 0 1 4 7 13 21 11 34
20 49884227 0 1 0 1 4 5 18 18 9 36
20 49905793 0 1 0 1 35 27 71 63 62 134
20 49906048 0 1 0 1 22 31 62 72 53 134
20 49908290 0 1 0 1 23 24 57 61 47 118
20 49951966 0 1 0 1 19 10 49 39 29 88
20 50129652 0 1 0 1 26 28 79 79 54 158
20 50191474 0 1 0 1 26 15 60 58 41 118
20 50278219 0 1 0 1 17 23 44 51 40 95
20 50587358 0 1 0 1 22 24 59 59 46 118
20 50597619 0 1 0 1 25 24 71 86 49 157
20 50597651 0 1 0 1 27 27 80 91 54 171
20 50609073 0 1 0 1 11 9 48 42 20 90
20 50610963 0 1 0 1 28 32 65 79 60 144
20 50611259 0 1 0 1 15 10 36 38 25 74
20 50616188 0 1 0 1 15 15 35 50 30 85
20 50750539 0 1 0 1 9 13 32 62 22 94
20 50830791 0 1 0 1 5 5 18 27 10 45
20 50831222 0 1 0 1 8 8 30 20 16 50
20 50891387 0 1 0 1 6 15 25 28 21 53
20 51010434 0 1 0 1 6 7 16 23 13 39
20 51454721 0 1 0 1 14 10 31 27 24 58
20 51475490 0 1 0 1 13 9 36 36 22 72
20 51607436 0 1 0 1 10 17 36 35 27 71
20 51607622 0 1 0 1 8 20 49 35 28 84
20 51607667 0 1 0 1 5 11 24 16 16 40
20 51608667 0 1 0 1 17 17 43 38 34 81
20 51608696 0 1 0 1 14 7 29 24 21 53
20 51613923 0 1 0 1 16 21 58 54 37 112
20 51622006 0 1 0 1 14 11 47 45 25 92
20 51625175 0 1 0 1 6 5 34 23 11 57
20 51629193 0 1 0 1 6 7 22 23 13 45
20 51639310 0 1 0 1 27 26 52 72 53 124
20 51657210 0 1 0 1 18 19 60 47 37 107
20 51671197 0 1 0 1 50 50 101 90 100 191
20 51674385 0 1 0 1 5 10 16 20 15 36
20 51689216 0 1 0 1 33 16 43 54 49 97
20 51689222 0 1 0 1 30 14 38 51 44 89
20 51690963 0 1 0 1 14 13 36 38 27 74
20 51697513 0 1 0 1 40 50 68 91 90 159
20 51713165 0 1 0 1 11 9 45 34 20 79
20 51768282 0 1 0 1 15 24 48 54 39 102
20 51790446 0 1 0 1 65 53 105 88 118 193
20 51791427 0 1 0 1 29 29 71 71 58 142
20 52165764 0 1 0 1 8 8 17 38 16 55
20 53254310 0 1 0 1 42 36 87 85 78 172
20 53577137 0 1 0 0 4 152 0 202 156 202
20 53941419 0 1 0 1 9 18 35 43 27 78
20 53944930 0 1 0 1 43 36 65 83 79 148
20 53945163 0 1 0 1 10 6 30 24 16 54
20 53957432 0 1 0 1 36 37 87 77 73 164
20 53975487 0 1 0 1 18 49 70 93 67 163
20 53975531 0 1 0 1 19 47 50 83 66 133
20 54158040 0 1 0 1 10 20 27 32 30 59
20 54158062 0 1 0 1 13 24 37 46 37 83
20 54158989 0 1 0 1 57 64 87 106 121 193
20 54159189 0 1 0 1 14 10 38 26 24 64
20 54159235 0 1 0 1 6 6 18 13 12 31
20 54165899 0 1 0 1 16 20 63 54 36 117
20 54169534 0 1 0 1 33 32 65 71 65 136
20 54169680 0 1 0 1 50 48 66 96 98 162
20 54171775 0 1 0 1 16 12 39 47 28 86
20 54173204 0 1 0 1 7 6 37 39 13 76
20 54215166 0 1 0 1 9 6 25 20 15 45
20 56248749 0 1 0 1 26 26 60 72 52 132
20 56248973 0 1 0 1 47 70 92 98 117 190
20 56370727 0 1 0 1 24 19 49 50 43 99
20 56381651 0 1 0 1 13 7 26 25 20 51
20 56384240 0 1 0 1 14 11 33 36 25 69
20 56386485 0 1 0 1 47 43 81 85 90 166
20 56437098 0 1 0 1 5 6 20 26 11 46
20 56437104 0 1 0 1 6 7 22 30 13 52
20 56437262 0 1 0 1 60 56 79 108 116 187
20 56450456 0 1 0 1 15 16 26 35 31 61
20 56450706 0 1 0 1 20 10 36 40 30 76
20 56495212 0 1 0 1 28 31 66 74 59 140
20 56496583 0 1 0 1 5 5 25 16 10 41
20 56497416 0 1 0 1 41 33 77 91 74 168
20 56513348 0 1 0 1 16 15 41 53 31 94
20 56524949 0 1 0 1 39 92 40 143 131 183
20 56629422 0 1 0 1 10 6 33 29 16 62
20 57173150 0 1 0 1 23 25 68 55 48 123
20 57225881 0 1 0 1 29 27 59 74 56 133
20 57335486 0 1 0 1 8 6 28 27 14 55
20 57354825 0 1 0 1 42 49 68 101 91 169
20 57489043 0 1 0 1 3 11 8 40 14 48
20 57489044 0 1 0 1 3 10 10 41 13 51
20 57489101 0 1 0 1 31 20 54 70 51 124
20 57489211 0 1 0 1 30 20 69 57 50 126
20 57496240 0 1 0 1 13 17 36 37 30 73
20 57503634 0 1 0 1 12 10 37 46 22 83
20 57508550 0 1 0 1 20 19 59 44 39 103
20 57508817 0 1 0 1 21 17 36 36 38 72
20 57518903 0 1 0 1 24 42 64 69 66 133
20 57523629 0 1 0 0 3 44 0 109 47 109
20 57556331 0 1 0 1 6 7 16 19 13 35
20 57556332 0 1 0 1 6 6 15 19 12 34
20 57556333 0 1 0 1 6 6 15 18 12 33
20 57562128 0 1 0 1 25 19 74 53 44 127
20 57562839 0 1 0 1 22 25 61 98 47 159
20 57563592 0 1 0 1 16 16 41 65 32 106
20 57564347 0 1 0 1 51 46 88 92 97 180
20 57604530 0 1 0 1 21 20 73 79 41 152
20 57611739 0 1 0 0 2 20 0 79 22 79
20 57615578 0 1 0 1 15 16 47 58 31 105
20 57652458 0 1 0 1 33 21 76 86 54 162
20 58160703 0 1 0 1 26 24 76 84 50 160
20 58222961 0 1 0 1 6 5 21 24 11 45
20 58309871 0 1 0 1 7 12 23 34 19 57
20 58470611 0 1 0 1 33 32 63 56 65 119
20 58470709 0 1 0 1 13 9 38 36 22 74
20 58659570 0 1 0 1 40 49 73 93 89 166
20 58667185 0 1 0 0 2 11 0 54 13 54
20 58691078 0 1 0 1 12 9 33 31 21 64
20 58692886 0 1 0 1 16 11 46 27 27 73
20 58698608 0 1 0 1 39 52 86 75 91 161
20 58698900 0 1 0 1 5 5 21 18 10 39
20 58705519 0 1 0 1 38 47 78 84 85 162
20 58707051 0 1 0 1 16 11 36 38 27 74
20 58707149 0 1 0 0 2 29 0 130 31 130
20 58723848 0 1 0 1 8 19 35 56 27 91
20 58903752 0 1 0 1 25 44 55 83 69 138
20 58994761 0 1 0 1 36 28 53 65 64 118
20 58995799 0 1 0 1 9 7 31 29 16 60
20 59037335 0 1 0 1 17 11 42 56 28 98
20 59191618 0 1 0 1 33 39 82 78 72 160
20 59191988 0 1 0 1 15 23 59 53 38 112
20 59192672 0 1 0 1 13 22 58 64 35 122
20 59193167 0 1 0 1 50 63 95 96 113 191
20 59193344 0 1 0 1 11 14 63 43 25 106
20 59193688 0 1 0 1 27 32 65 73 59 138
20 59194085 0 1 0 1 30 27 71 72 57 143
20 59194799 0 1 0 1 10 5 27 24 15 51
20 59254246 0 1 0 1 26 39 88 86 65 174
20 59747776 0 1 0 0 2 24 0 89 26 89
20 59755073 0 1 0 1 7 5 24 24 12 48
20 59891943 0 1 0 1 11 9 31 32 20 63
20 59914208 0 1 0 0 2 29 0 107 31 107
20 59944638 0 1 0 0 3 84 0 172 87 172
20 59984599 0 1 0 1 10 4 21 19 14 40
20 59987416 0 1 0 0 2 10 0 45 12 45
20 59987420 0 1 0 0 2 10 0 50 12 50
20 59987424 0 1 0 0 2 11 0 52 13 52
20 60070207 0 1 0 1 20 13 34 37 33 71
20 60856562 0 1 0 1 9 10 36 30 19 66
20 61218330 0 1 0 1 24 35 55 80 59 135
20 61331588 0 1 0 1 2 8 7 26 10 33
20 61331604 0 1 0 0 2 9 0 38 11 38
20 61333321 0 1 0 1 2 9 19 19 11 38
20 61923401 0 1 0 1 31 41 64 94 72 158
20 61934077 0 1 0 0 2 26 0 111 28 111
20 61976101 0 1 0 0 2 29 0 106 31 106
20 61997607 0 1 0 1 30 17 50 63 47 113
20 61999160 0 1 0 1 12 29 57 43 41 100
20 62007484 0 1 0 1 4 14 29 26 18 55
20 62136919 0 1 0 0 2 16 0 80 18 80
20 62174608 0 1 0 1 42 30 97 79 72 176
20 62197985 0 1 0 1 10 16 45 37 26 82
20 62198628 0 1 0 1 18 27 58 47 45 105
20 62198979 0 1 0 1 23 14 45 49 37 94
20 62232970 0 1 0 1 16 13 46 53 29 99
20 62273292 0 1 0 1 13 8 34 44 21 78
20 62286726 0 1 0 1 9 9 19 35 18 54
20 62289334 0 1 0 1 8 20 45 51 28 96
20 62304453 0 1 0 0 2 25 0 103 27 103
20 62310086 0 1 0 1 38 20 68 77 58 145
20 62310372 0 1 0 1 13 16 67 52 29 119
20 62311555 0 1 0 1 21 22 74 86 43 160
20 62311565 0 1 0 0 2 39 0 157 41 157
20 62311572 0 1 0 0 2 35 0 157 37 157
20 62312525 0 1 0 1 21 16 76 66 37 142
20 62313836 0 1 0 1 14 19 53 46 33 99
20 62313865 0 1 0 1 7 10 31 36 17 67
20 62314257 0 1 0 1 8 12 33 24 20 57
20 62316808 0 1 0 0 2 17 0 82 19 82
20 62316820 0 1 0 1 5 15 32 47 20 79
20 62317060 0 1 0 1 8 6 27 24 14 51
20 62318450 0 1 0 1 11 6 41 38 17 79
20 62319814 0 1 0 1 16 12 49 55 28 104
20 62320641 0 1 0 1 19 13 47 54 32 101
20 62322431 0 1 0 1 10 17 55 45 27 100
20 62322432 0 1 0 1 18 10 43 56 28 99
20 62323449 0 1 0 1 8 7 30 35 15 65
20 62324126 0 1 0 1 22 14 47 53 36 100
20 62324150 0 1 0 1 20 27 61 54 47 115
20 62324366 0 1 0 1 10 10 43 39 20 82
20 62387999 0 1 0 1 23 29 67 70 52 137
20 62391262 0 1 0 1 26 21 62 58 47 120
20 62394830 0 1 0 1 7 4 15 21 11 36
20 62396250 0 1 0 1 7 6 24 28 13 52
20 62396271 0 1 0 1 12 8 35 34 20 69
20 62414309 0 1 0 1 10 5 46 36 15 82
20 62415019 0 1 0 1 11 15 41 50 26 91
20 62415114 0 1 0 1 22 32 76 77 54 153
20 62415550 0 1 0 1 19 16 49 49 35 98
20 62417168 0 1 0 1 11 24 42 56 35 98
20 62417346 0 1 0 1 7 9 31 32 16 63
20 62465612 0 1 0 1 11 4 21 26 15 47
20 62466597 0 1 0 1 11 10 43 37 21 80
20 62466631 0 1 0 1 8 10 29 29 18 58
20 62473493 0 1 0 1 18 24 50 68 42 118
20 62565060 0 1 0 1 17 23 52 50 40 102
20 62565216 0 1 0 1 7 6 25 31 13 56
20 62694924 0 1 0 1 8 7 22 23 15 45
20 62700326 0 1 0 1 17 14 42 64 31 106
20 62709934 0 1 0 1 40 32 64 69 72 133
20 62797027 0 1 0 1 2 9 3 49 11 52
20 62797037 0 1 0 0 2 14 0 55 16 55
20 62797071 0 1 0 1 18 21 48 56 39 104
20 62808344 0 1 0 1 34 34 62 77 68 139
20 62808356 0 1 0 1 29 30 56 68 59 124
20 62809709 0 1 1 1 44 26 90 28 70 118
20 62812335 0 1 0 1 11 9 41 43 20 84
20 62813587 0 1 0 1 17 16 71 61 33 132
20 62817617 0 1 0 1 28 37 90 63 65 153
20 62817705 0 1 0 1 23 32 77 59 55 136
20 62821485 0 1 0 1 34 37 78 88 71 166
20 62826144 0 1 0 1 4 7 15 24 11 39
20 62827195 0 1 0 1 9 6 21 9 15 30
20 62827963 0 1 0 1 48 28 86 70 76 156
20 62836448 0 1 0 1 48 62 79 107 110 186
20 62837219 0 1 0 1 22 18 53 66 40 119
20 62838617 0 1 0 1 26 29 57 76 55 133
20 62852790 0 1 0 1 19 34 69 74 53 143
20 62853137 0 1 0 1 6 10 41 41 16 82
20 62853166 0 1 0 1 9 14 38 43 23 81
20 62853220 0 1 0 1 5 19 26 45 24 71
20 62853221 0 1 0 1 8 19 27 44 27 71
20 62857433 0 1 0 1 39 42 83 88 81 171
20 62896128 0 1 0 1 14 14 37 43 28 80
20 62956807 0 1 0 1 12 27 45 51 39 96
20 62957393 0 1 0 1 24 25 61 69 49 130
20 62963081 0 1 0 1 8 15 32 37 23 69
20 62963141 0 1 0 1 38 28 61 59 66 120
20 62964284 0 1 0 1 36 59 75 105 95 180
20 62967547 0 1 0 1 8 6 18 24 14 42
20 63235991 0 1 0 1 13 11 45 28 24 73
20 63238050 0 1 0 0 2 11 0 59 13 59
20 63308082 0 1 0 0 3 36 0 126 39 126
20 63309928 0 1 0 0 2 32 0 133 34 133
20 63311554 0 1 0 1 17 6 58 40 23 98
20 63313142 0 1 0 1 45 39 87 74 84 161
20 63319058 0 1 0 0 4 48 0 142 52 142
20 63327973 0 1 0 0 7 54 0 159 61 159
20 63374106 0 1 0 1 13 9 49 44 22 93
20 63419663 0 1 0 0 2 39 0 141 41 141
20 63433813 0 1 0 0 2 24 0 91 26 91
20 63439613 0 1 0 1 14 28 47 76 42 123
20 63445390 0 1 0 1 38 24 64 68 62 132
20 63494832 0 1 0 1 20 34 62 73 54 135
20 63494946 0 1 0 1 66 76 106 96 142 202
20 63530987 0 1 0 1 10 12 43 31 22 74
20 63540866 0 1 0 1 45 39 82 87 84 169
20 63541036 0 1 0 0 2 27 0 102 29 102
20 63542209 0 1 0 1 39 55 75 95 94 170
20 63543371 0 1 0 1 25 27 66 73 52 139
20 63547122 0 1 0 0 2 21 0 106 23 106
20 63559968 0 1 0 1 21 19 63 55 40 118
20 63560122 0 1 0 1 11 7 30 20 18 50
20 63560584 0 1 0 1 38 32 89 91 70 180
20 63562234 0 1 0 1 15 17 55 37 32 92
20 63562677 0 1 0 1 15 31 63 66 46 129
20 63562750 0 1 0 1 30 20 61 75 50 136
20 63562775 0 1 0 1 36 24 67 85 60 152
20 63563734 0 1 0 1 38 56 81 103 94 184
20 63564900 0 1 0 1 38 35 79 82 73 161
20 63590257 0 1 0 1 36 47 83 98 83 181
20 63592018 0 1 0 1 25 25 51 50 50 101
20 63592730 0 1 0 1 12 23 38 42 35 80
20 63595728 0 1 0 1 47 46 92 91 93 183
20 63597984 0 1 0 1 17 22 45 52 39 97
20 63602920 0 1 0 1 5 8 27 17 13 44
20 63662010 0 1 0 0 2 25 0 106 27 106
20 63688613 0 1 0 0 2 17 0 90 19 90
20 63689780 0 1 0 0 2 33 0 131 35 131
20 63693579 0 1 0 1 3 6 3 30 9 33
20 63693585 0 1 0 1 5 6 3 36 11 39
20 63694317 0 1 0 0 3 68 0 139 71 139
20 63700543 0 1 0 0 2 27 0 105 29 105
20 63706772 0 1 0 1 19 18 46 58 37 104
20 63887376 0 1 0 1 9 7 28 19 16 47
20 63887413 0 1 0 1 18 10 46 38 28 84
20 63889318 0 1 0 1 20 22 45 51 42 96
20 63889321 0 1 0 1 20 19 43 49 39 92
20 63928611 0 1 0 1 9 10 25 28 19 53
20 63946440 0 1 0 1 8 21 53 49 29 102
20 63962484 0 1 0 1 9 16 31 37 25 68
20 63962807 0 1 0 1 12 5 24 28 17 52
20 63963478 0 1 0 1 4 9 19 9 13 28
20 63963816 0 1 0 1 40 52 99 85 92 184
20 63966341 0 1 0 1 69 66 77 122 135 199
20 63967462 0 1 0 1 32 38 88 83 70 171
20 63967618 0 1 0 0 2 8 0 57 10 57
20 63975412 0 1 0 1 7 7 16 25 14 41
20 63975807 0 1 0 1 10 7 39 23 17 62
20 63978317 0 1 0 1 8 12 29 25 20 54
20 63978413 0 1 0 1 3 8 9 26 11 35
20 63981322 0 1 0 1 26 26 57 65 52 122
20 64022670 0 1 0 1 10 7 22 26 17 48
20 64028584 0 1 0 1 7 12 38 33 19 71
20 64031783 0 1 0 1 7 7 28 22 14 50
20 64038947 0 1 0 0 2 32 0 118 34 118
20 64066835 0 1 0 1 13 12 31 35 25 66
20 64067131 0 1 0 1 10 8 34 32 18 66
20 64069739 0 1 0 1 20 11 46 41 31 87
20 64072137 0 1 0 1 43 30 83 84 73 167
20 64074454 0 1 0 1 38 35 75 78 73 153
20 64083430 0 1 0 1 39 30 90 89 69 179
20 64088805 0 1 0 1 5 11 5 27 16 32
20 64088825 0 1 0 1 4 14 6 30 18 36
20 64088837 0 1 0 1 6 9 7 22 15 29
20 64088840 0 1 0 1 5 12 4 28 17 32
20 64098461 0 1 0 1 30 33 86 95 63 181
20 64105965 0 1 0 1 34 47 90 82 81 172
20 64106374 0 1 0 1 48 40 109 79 88 188
20 64207580 0 1 0 1 33 36 62 61 69 123
20 64208535 0 1 0 1 4 10 32 31 14 63
20 64212162 0 1 0 0 19 31 0 40 50 40
20 64219667 0 1 0 1 26 41 65 64 67 129
20 64223064 0 1 0 1 37 31 62 79 68 141
20 64227491 0 1 0 1 36 33 88 76 69 164
20 64236690 0 1 0 1 8 7 24 40 15 64
20 64239879 0 1 0 1 19 35 60 75 54 135
20 64272182 0 1 0 1 26 26 73 68 52 141
20 64272197 0 1 0 1 30 34 77 79 64 156
20 64272376 0 1 0 1 17 16 43 42 33 85
