chr pos bloodGT1 bloodGT2 tumorGT1 tumorGT2 AN BN AT BT sN sT
8 245895 0 1 0 1 12 13 33 46 25 79
8 458481 0 1 0 0 3 65 0 158 68 158
8 491457 0 1 0 1 7 12 37 25 19 62
8 615232 0 1 0 1 41 43 66 94 84 160
8 616619 0 1 0 1 6 6 24 39 12 63
8 627101 0 1 0 1 13 6 41 36 19 77
8 657566 0 1 0 1 19 25 66 72 44 138
8 658018 0 1 0 1 26 43 64 94 69 158
8 658993 0 1 0 1 8 8 19 24 16 43
8 673245 0 1 0 1 13 9 28 34 22 62
8 673593 0 1 0 1 45 47 86 94 92 180
8 715858 0 1 0 1 26 32 70 88 58 158
8 726339 0 1 0 1 27 20 60 74 47 134
8 998028 0 1 0 1 35 46 70 76 81 146
8 998085 0 1 0 1 38 49 85 86 87 171
8 1548601 0 1 0 1 39 38 65 76 77 141
8 1548622 0 1 0 1 51 43 76 92 94 168
8 1565843 0 1 0 1 10 11 26 38 21 64
8 1668474 0 1 0 1 25 30 83 81 55 164
8 1697370 0 1 0 1 36 51 83 78 87 161
8 1843267 0 1 0 1 17 18 35 41 35 76
8 1843472 0 1 0 1 9 13 30 29 22 59
8 1858063 0 1 0 1 26 23 62 60 49 122
8 1880012 0 1 0 1 29 33 68 75 62 143
8 1882628 0 1 0 1 16 16 57 65 32 122
8 1882762 0 1 0 1 7 12 39 20 19 59
8 1885635 0 1 0 1 14 17 65 62 31 127
8 1909200 0 1 0 1 9 12 19 34 21 53
8 1909201 0 1 0 1 9 11 20 35 20 55
8 1925374 0 1 0 1 12 17 42 54 29 96
8 2002297 0 1 0 1 34 16 13 27 50 40
8 2050750 0 1 0 1 16 11 27 40 27 67
8 2057506 0 1 0 1 45 36 97 84 81 181
8 2089988 0 1 0 1 15 16 31 47 31 78
8 2090052 0 1 0 1 44 49 89 68 93 157
8 2090229 0 1 0 1 28 26 55 47 54 102
8 2092353 0 1 0 1 19 34 81 74 53 155
8 2094209 0 1 0 1 15 18 35 49 33 84
8 2094243 0 1 0 1 9 10 28 18 19 46
8 2098746 0 1 0 1 6 23 44 42 29 86
8 2098870 0 1 0 1 20 32 66 72 52 138
8 2102593 0 1 0 1 6 13 22 23 19 45
8 2102806 0 1 0 1 27 19 49 69 46 118
8 2106222 0 1 0 1 2 14 23 34 16 57
8 2106276 0 1 0 1 11 31 53 61 42 114
8 2106405 0 1 0 1 66 38 102 80 104 182
8 2108778 0 1 0 1 27 26 76 77 53 153
8 2123301 0 1 0 1 37 46 94 90 83 184
8 2129084 0 1 0 1 18 13 46 60 31 106
8 2140651 0 1 0 1 9 9 19 32 18 51
8 2143303 0 1 0 1 19 39 55 77 58 132
8 2143324 0 1 0 1 22 45 69 87 67 156
8 2144560 0 1 0 1 9 8 23 28 17 51
8 2144879 0 1 0 1 43 51 88 87 94 175
8 2164116 0 1 0 1 16 10 41 56 26 97
8 2201193 0 1 0 1 23 23 65 66 46 131
8 2942459 0 1 0 1 34 25 56 83 59 139
8 2950261 0 1 0 1 32 36 77 99 68 176
8 2951338 0 1 0 1 18 32 58 73 50 131
8 2962665 0 1 0 1 10 24 48 23 34 71
8 2966561 0 1 0 1 17 25 64 74 42 138
8 2973321 0 1 0 1 36 45 73 102 81 175
8 3108806 0 1 0 1 10 9 30 30 19 60
8 3142718 0 1 0 1 3 8 16 16 11 32
8 3157722 0 1 0 1 9 5 31 22 14 53
8 3189858 0 1 0 1 5 6 17 19 11 36
8 3284033 0 1 0 1 6 6 12 16 12 28
8 3307685 0 1 0 1 29 29 58 80 58 138
8 3308560 0 1 0 1 11 9 31 28 20 59
8 3343355 0 1 0 1 39 53 74 96 92 170
8 3367039 0 1 0 1 17 22 56 51 39 107
8 3369377 0 1 0 1 35 35 83 74 70 157
8 3369472 0 1 0 1 9 6 27 19 15 46
8 3396417 0 1 0 1 6 13 21 35 19 56
8 3396420 0 1 0 1 6 11 20 36 17 56
8 3399584 0 1 0 1 6 8 27 28 14 55
8 3406006 0 1 0 1 8 10 24 18 18 42
8 3406236 0 1 0 1 10 17 48 34 27 82
8 3408068 0 1 0 1 51 61 77 112 112 189
8 3493742 0 1 0 1 22 19 59 56 41 115
8 3616820 0 1 0 1 40 47 69 76 87 145
8 3949964 0 1 0 1 34 27 71 72 61 143
8 3950145 0 1 0 1 5 11 19 19 16 38
8 4788339 0 1 0 1 15 9 28 36 24 64
8 4994265 0 1 0 1 11 13 34 33 24 67
8 5849253 0 1 0 1 13 19 44 49 32 93
8 5849259 0 1 0 1 12 21 50 47 33 97
8 5849471 0 1 0 1 11 7 32 22 18 54
8 5849511 0 1 0 1 16 6 32 24 22 56
8 5853599 0 1 0 1 6 13 21 39 19 60
8 6508817 0 1 0 1 13 6 28 24 19 52
8 6521263 0 1 0 1 33 16 72 60 49 132
8 6532368 0 1 0 1 57 55 88 94 112 182
8 6532506 0 1 0 1 21 16 39 37 37 76
8 6708766 0 1 0 1 59 39 94 81 98 175
8 6720014 0 1 0 1 26 25 65 71 51 136
8 6724964 0 1 0 1 6 12 36 41 18 77
8 6815993 0 1 0 1 7 7 28 19 14 47
8 6870594 0 1 0 1 14 8 42 40 22 82
8 6877778 0 1 0 1 18 14 60 61 32 121
8 6877901 0 1 0 1 16 8 51 38 24 89
8 6877909 0 1 0 1 13 7 47 32 20 79
8 6936018 0 1 0 1 38 32 77 96 70 173
8 7419538 0 1 0 1 9 53 30 83 62 113
8 7419678 0 1 0 1 11 22 16 47 33 63
8 7420408 0 1 0 1 5 19 12 36 24 48
8 7451207 0 1 0 1 19 46 40 94 65 134
8 7486284 0 1 0 1 13 10 25 13 23 38
8 7541128 0 1 0 1 8 12 18 27 20 45
8 7840920 0 1 0 1 5 5 18 20 10 38
8 7841005 0 1 0 1 9 4 19 19 13 38
8 7860339 0 1 0 1 2 68 6 150 70 156
8 7860393 0 1 0 1 28 35 75 83 63 158
8 7860665 0 1 0 1 32 28 51 63 60 114
8 8318699 0 1 0 1 20 41 69 61 61 130
8 8319038 0 1 0 1 43 35 92 77 78 169
8 8319309 0 1 0 1 23 18 51 54 41 105
8 8328538 0 1 0 1 3 7 13 24 10 37
8 8328539 0 1 0 1 3 7 14 24 10 38
8 8328541 0 1 0 1 3 7 14 21 10 35
8 8376561 0 1 0 1 25 33 57 79 58 136
8 8376676 0 1 0 1 19 25 51 85 44 136
8 8376702 0 1 0 1 24 28 51 94 52 145
8 8376703 0 1 0 1 24 30 53 93 54 146
8 8377198 0 1 0 1 35 33 63 97 68 160
8 9004066 0 1 0 0 3 77 0 158 80 158
8 9556025 0 1 0 0 2 21 0 88 23 88
8 9578118 0 1 0 1 7 8 18 25 15 43
8 9679917 0 1 0 1 33 31 62 90 64 152
8 9706975 0 1 0 1 22 20 45 50 42 95
8 9710190 0 1 0 1 35 34 97 83 69 180
8 9733245 0 1 0 1 7 10 33 43 17 76
8 9735571 0 1 0 1 9 8 31 18 17 49
8 9747987 0 1 0 1 13 27 37 47 40 84
8 9751821 0 1 0 1 33 24 64 71 57 135
8 9770281 0 1 0 1 18 20 60 65 38 125
8 9772300 0 1 0 1 31 41 64 69 72 133
8 10301556 0 1 0 1 38 44 85 83 82 168
8 10353552 0 1 0 1 26 34 66 64 60 130
8 10525628 0 1 0 1 19 13 44 81 32 125
8 10525716 0 1 0 1 13 16 57 36 29 93
8 10532942 0 1 0 1 32 42 68 86 74 154
8 10538613 0 1 0 1 10 22 66 51 32 117
8 10608432 0 1 0 1 15 9 30 49 24 79
8 10609650 0 1 0 1 23 25 76 70 48 146
8 10610066 0 1 0 1 59 64 68 115 123 183
8 10610078 0 1 0 1 52 96 59 135 148 194
8 10610079 0 1 1 1 112 37 165 29 149 194
8 10610094 0 1 0 1 51 101 104 96 152 200
8 10610142 0 1 0 1 99 58 110 91 157 201
8 10610163 0 1 0 1 4 121 4 183 125 187
8 10611520 0 1 0 1 17 15 55 65 32 120
8 10611830 0 1 0 1 26 22 66 65 48 131
8 10613405 0 1 0 1 26 22 56 74 48 130
8 10765730 0 1 0 1 28 28 80 90 56 170
8 10834849 0 1 0 0 2 40 0 147 42 147
8 11331375 0 1 0 1 3 75 10 110 78 120
8 11331413 0 1 0 1 17 91 19 150 108 169
8 11435033 0 1 0 1 19 14 43 48 33 91
8 11435173 0 1 0 0 2 12 0 50 14 50
8 11438002 0 1 0 1 11 15 25 49 26 74
8 11438582 0 1 0 1 6 6 18 27 12 45
8 11549084 0 1 0 1 34 50 78 105 84 183
8 11553478 0 1 0 1 7 5 19 35 12 54
8 11556728 0 1 0 1 31 27 76 82 58 158
8 11558063 0 1 0 1 10 9 56 31 19 87
8 11558088 0 1 0 1 6 4 40 25 10 65
8 11558662 0 1 0 1 7 7 30 38 14 68
8 11558919 0 1 0 1 23 16 43 58 39 101
8 11559126 0 1 0 1 7 8 31 30 15 61
8 11559134 0 1 0 1 7 4 28 27 11 55
8 11560876 0 1 0 1 23 31 68 68 54 136
8 11561257 0 1 0 1 52 52 71 112 104 183
8 11561264 0 1 0 1 49 53 112 72 102 184
8 11564284 0 1 0 1 13 7 31 29 20 60
8 11564661 0 1 0 1 36 38 59 78 74 137
8 11756820 0 1 0 1 5 8 17 19 13 36
8 11761654 0 1 0 1 21 17 53 60 38 113
8 11761825 0 1 0 1 38 50 95 93 88 188
8 11761995 0 1 0 1 46 32 85 80 78 165
8 11762126 0 1 0 1 12 7 51 30 19 81
8 11771620 0 1 0 1 29 20 63 82 49 145
8 11779767 0 1 0 1 34 37 81 84 71 165
8 11783153 0 1 0 1 17 19 45 64 36 109
8 11785950 0 1 0 1 23 22 39 66 45 105
8 11786044 0 1 0 1 25 29 63 71 54 134
8 11786294 0 1 0 1 17 13 28 48 30 76
8 11791365 0 1 0 1 9 15 25 34 24 59
8 11802542 0 1 0 1 21 28 53 82 49 135
8 11802627 0 1 0 1 8 5 34 21 13 55
8 11803255 0 1 0 1 28 37 48 75 65 123
8 11803407 0 1 0 1 12 11 33 32 23 65
8 11808942 0 1 0 1 17 21 56 54 38 110
8 11809670 0 1 0 1 12 13 46 62 25 108
8 11847198 0 1 0 1 17 20 64 37 37 101
8 11847630 0 1 0 1 19 19 44 43 38 87
8 11847833 0 1 0 1 34 45 66 92 79 158
8 11847933 0 1 0 1 4 18 16 49 22 65
8 11848168 0 1 0 1 23 45 63 88 68 151
8 11849072 0 1 0 1 19 26 80 65 45 145
8 11852792 0 1 0 1 15 8 29 34 23 63
8 11853379 0 1 0 1 51 35 83 102 86 185
8 11853465 0 1 0 1 11 15 41 48 26 89
8 11920683 0 1 0 1 9 5 14 20 14 34
8 12034275 0 1 0 1 2 25 3 66 27 69
8 12132805 0 1 0 1 9 9 31 49 18 80
8 12549366 0 1 0 1 15 33 24 92 48 116
8 12549367 0 1 0 1 2 46 15 101 48 116
8 12549377 0 1 0 1 30 18 82 38 48 120
8 12568407 0 1 0 1 7 27 26 76 34 102
8 12568446 0 1 0 1 9 19 14 58 28 72
8 12568460 0 1 0 1 2 21 12 50 23 62
8 12570720 0 1 0 1 2 12 4 28 14 32
8 12570721 0 1 0 1 4 10 7 24 14 31
8 12684366 0 1 0 1 5 5 18 15 10 33
8 12684436 0 1 0 1 5 4 26 22 9 48
8 12684783 0 1 0 1 4 19 36 60 23 96
8 12743113 0 1 0 1 8 5 33 32 13 65
8 12952158 0 1 0 1 39 51 82 99 90 181
8 12952182 0 1 0 1 43 48 84 102 91 186
8 12952191 0 1 0 1 43 48 84 105 91 189
8 12990788 0 1 0 1 18 16 59 43 34 102
8 12990850 0 1 0 1 40 25 62 80 65 142
8 12990911 0 1 0 1 35 52 97 86 87 183
8 13012630 0 1 0 1 10 21 42 33 31 75
8 13012651 0 1 0 1 22 21 44 60 43 104
8 13021298 0 1 0 1 40 47 89 78 87 167
8 13021334 0 1 0 1 55 50 83 97 105 180
8 13031399 0 1 0 1 30 33 85 91 63 176
8 13031476 0 1 0 1 24 28 57 57 52 114
8 13090236 0 1 0 0 2 26 0 119 28 119
8 13099189 0 1 0 1 10 11 27 21 21 48
8 13115648 0 1 0 1 45 38 77 95 83 172
8 13741893 0 1 0 1 21 8 49 51 29 100
8 13741898 0 1 0 1 20 12 51 52 32 103
8 13741945 0 1 0 1 18 19 61 63 37 124
8 13741981 0 1 0 1 15 22 56 58 37 114
8 13741986 0 1 0 1 16 21 57 55 37 112
8 13742182 0 1 0 1 11 9 21 15 20 36
8 13742372 0 1 0 1 33 15 67 61 48 128
8 13742522 0 1 0 1 20 16 43 45 36 88
8 13742589 0 1 0 1 16 19 40 59 35 99
8 13742646 0 1 0 1 14 21 45 57 35 102
8 13742852 0 1 0 1 8 5 26 18 13 44
8 14164786 0 1 0 0 2 12 0 50 14 50
8 14164787 0 1 0 1 4 8 20 29 12 49
8 14216006 0 1 0 1 7 5 18 16 12 34
8 14237690 0 1 0 1 22 22 56 42 44 98
8 16155201 0 1 0 1 14 11 41 36 25 77
8 16177793 0 1 0 1 13 15 28 32 28 60
8 16186158 0 1 0 1 37 40 64 91 77 155
8 16992989 0 1 0 1 18 30 41 48 48 89
8 17049616 0 1 0 1 25 50 80 94 75 174
8 17081775 0 1 0 1 6 12 30 35 18 65
8 17085328 0 1 0 1 30 20 57 81 50 138
8 17210289 0 1 0 1 2 44 2 107 46 109
8 17274730 0 1 0 0 3 62 0 155 65 155
8 17279904 0 1 0 1 34 19 69 65 53 134
8 17280178 0 1 0 1 5 15 45 49 20 94
8 17299750 0 1 0 1 9 5 21 15 14 36
8 17302303 0 1 0 1 41 49 80 81 90 161
8 17309256 0 1 0 1 15 7 31 43 22 74
8 17313178 0 1 0 1 25 15 50 53 40 103
8 17331386 0 1 0 1 13 31 40 42 44 82
8 17413254 0 1 0 1 11 20 37 55 31 92
8 17413255 0 1 0 1 21 11 53 36 32 89
8 17413261 0 1 0 1 22 11 54 38 33 92
8 17413328 0 1 0 1 5 12 25 32 17 57
8 17538871 0 1 0 1 30 54 86 83 84 169
8 17538906 0 1 0 1 41 51 97 92 92 189
8 17544369 0 1 0 1 27 31 35 58 58 93
8 17548674 0 1 0 1 28 30 59 68 58 127
8 17558287 0 1 0 1 34 43 72 99 77 171
8 17634221 0 1 0 0 2 11 0 66 13 66
8 17649790 0 1 0 1 13 19 42 36 32 78
8 17754947 0 1 0 1 59 64 84 115 123 199
8 17755009 0 1 0 1 64 61 83 116 125 199
8 17755366 0 1 0 1 47 61 95 96 108 191
8 17868510 0 1 0 1 16 37 55 52 53 107
8 17868907 0 1 0 1 21 14 47 43 35 90
8 17868998 0 1 0 0 2 11 0 70 13 70
8 17874452 0 1 0 1 37 34 95 83 71 178
8 17882029 0 1 0 1 42 57 59 117 99 176
8 17885420 0 1 0 1 9 12 35 24 21 59
8 17896148 0 1 0 1 25 29 57 60 54 117
8 17896364 0 1 0 1 8 19 32 30 27 62
8 17915601 0 1 0 1 2 8 19 21 10 40
8 17935575 0 1 0 1 34 33 62 60 67 122
8 17937283 0 1 0 1 31 33 77 85 64 162
8 17938717 0 1 0 1 3 11 22 23 14 45
8 17956746 0 1 0 0 2 34 0 125 36 125
8 17960044 0 1 0 1 47 43 79 89 90 168
8 17960148 0 1 0 1 21 15 59 53 36 112
8 17962063 0 1 0 1 48 81 97 86 129 183
8 17962252 0 1 0 1 9 8 20 19 17 39
8 17963205 0 1 0 1 19 21 63 62 40 125
8 17983118 0 1 0 1 12 5 29 22 17 51
8 17989996 0 1 0 1 12 20 39 47 32 86
8 17997270 0 1 0 1 23 26 54 60 49 114
8 18025544 0 1 0 1 12 5 25 37 17 62
8 18061477 0 1 0 1 38 51 63 106 89 169
8 18061522 0 1 0 1 26 40 73 87 66 160
8 18063058 0 1 0 1 3 13 18 17 16 35
8 18063114 0 1 0 1 14 19 39 47 33 86
8 18063298 0 1 0 1 21 18 57 40 39 97
8 18063311 0 1 0 1 19 12 47 30 31 77
8 18064412 0 1 0 1 20 10 61 47 30 108
8 18069675 0 1 0 1 4 10 20 32 14 52
8 18069739 0 1 0 1 4 18 35 40 22 75
8 18069771 0 1 0 1 5 23 34 48 28 82
8 18069785 0 1 0 1 6 23 32 50 29 82
8 18069818 0 1 0 1 7 20 32 53 27 85
8 18071302 0 1 0 1 18 13 32 38 31 70
8 18071411 0 1 0 1 25 24 69 46 49 115
8 18071490 0 1 0 1 5 6 18 18 11 36
8 18073218 0 1 0 1 8 30 38 71 38 109
8 18073225 0 1 0 1 9 31 37 71 40 108
8 18073263 0 1 0 1 9 24 38 67 33 105
8 18084695 0 1 0 1 48 37 94 73 85 167
8 18572691 0 1 0 1 23 29 68 55 52 123
8 18871949 0 1 0 1 50 34 91 97 84 188
8 18871986 0 1 0 1 40 38 98 89 78 187
8 19013600 0 1 0 1 9 21 52 39 30 91
8 19084342 0 1 0 1 2 73 2 180 75 182
8 19364189 0 1 0 1 24 14 58 62 38 120
8 19458575 0 1 0 1 53 52 76 110 105 186
8 19505914 0 1 0 1 6 8 25 19 14 44
8 19820404 0 1 0 1 24 33 78 75 57 153
8 19832122 0 1 0 1 30 32 75 74 62 149
8 19842753 0 1 0 0 3 26 0 63 29 63
8 19842756 0 1 0 0 3 27 0 66 30 66
8 19842759 0 1 0 0 3 26 0 70 29 70
8 20148559 0 1 0 1 24 19 59 64 43 123
8 20149589 0 1 0 1 5 7 11 20 12 31
8 20164975 0 1 0 1 32 35 59 87 67 146
8 20165183 0 1 0 1 12 13 26 41 25 67
8 20171319 0 1 0 1 6 4 15 18 10 33
8 20178507 0 1 0 1 13 4 35 17 17 52
8 20178508 0 1 0 1 11 9 33 41 20 74
8 20178532 0 1 0 1 3 10 24 37 13 61
8 20179010 0 1 0 1 5 5 30 17 10 47
8 20180955 0 1 0 1 14 19 57 54 33 111
8 20209425 0 1 0 0 3 52 0 117 55 117
8 20250008 0 1 0 0 2 22 0 96 24 96
8 20934691 0 1 0 1 9 13 45 30 22 75
8 20934843 0 1 0 1 8 8 22 23 16 45
8 21359607 0 1 0 1 9 6 19 17 15 36
8 21693256 0 1 0 1 35 49 67 53 84 120
8 21693288 0 1 0 1 47 56 86 73 103 159
8 21775085 0 1 0 1 14 20 57 42 34 99
8 21909389 0 1 0 1 22 15 60 75 37 135
8 21967036 0 1 0 1 5 9 24 30 14 54
8 21969651 0 1 0 1 18 22 34 51 40 85
8 21970322 0 1 0 1 21 12 43 41 33 84
8 21976454 0 1 0 1 32 23 77 67 55 144
8 21977954 0 1 0 1 6 6 17 21 12 38
8 21985600 0 1 0 0 2 31 0 118 33 118
8 21987917 0 1 0 1 33 31 72 56 64 128
8 21989075 0 1 0 1 30 30 67 89 60 156
8 21992055 0 1 0 1 16 24 45 58 40 103
8 21999756 0 1 0 1 14 13 30 29 27 59
8 22005040 0 1 0 1 21 13 51 55 34 106
8 22033078 0 1 0 1 17 11 48 39 28 87
8 22034752 0 1 0 1 3 7 13 20 10 33
8 22037635 0 1 0 1 23 18 60 55 41 115
8 22096344 0 1 0 0 2 32 0 125 34 125
8 22096353 0 1 0 0 2 35 0 128 37 128
8 22123705 0 1 0 1 19 18 41 44 37 85
8 22159793 0 1 0 0 2 42 0 152 44 152
8 22162553 0 1 0 1 6 8 29 31 14 60
8 22196748 0 1 0 0 2 36 0 154 38 154
8 22224195 0 1 0 1 21 23 65 39 44 104
8 22226990 0 1 0 1 25 29 63 65 54 128
8 22227747 0 1 0 1 22 19 36 55 41 91
8 22289820 0 1 0 1 7 19 33 38 26 71
8 22315189 0 1 0 1 8 6 20 26 14 46
8 22354243 0 1 0 1 19 23 66 49 42 115
8 22404585 0 1 0 1 4 7 20 24 11 44
8 22404626 0 1 0 1 13 10 42 38 23 80
8 22404808 0 1 0 1 35 67 95 95 102 190
8 22404905 0 1 0 1 27 37 85 79 64 164
8 22527548 0 1 0 1 30 27 75 68 57 143
8 22532387 0 1 0 1 19 14 42 53 33 95
8 22566731 0 1 0 1 34 30 87 85 64 172
8 22571195 0 1 0 1 12 23 58 41 35 99
8 22571238 0 1 0 1 7 17 39 33 24 72
8 22573253 0 1 0 1 24 18 44 62 42 106
8 22574864 0 1 0 1 26 33 60 79 59 139
8 22581346 0 1 0 1 34 33 83 70 67 153
8 22584774 0 1 0 1 27 33 84 73 60 157
8 22585148 0 1 0 1 13 11 53 40 24 93
8 22614675 0 1 0 1 30 45 82 102 75 184
8 22634367 0 1 0 1 3 7 26 21 10 47
8 22634467 0 1 0 1 30 36 65 74 66 139
8 22634539 0 1 0 1 41 64 74 111 105 185
8 22634616 0 1 0 1 32 31 38 78 63 116
8 22634630 0 1 0 1 27 23 32 63 50 95
8 22669016 0 1 0 1 20 16 52 66 36 118
8 22669046 0 1 0 1 33 23 72 78 56 150
8 22669096 0 1 0 1 20 44 80 87 64 167
8 22713422 0 1 0 1 8 7 42 31 15 73
8 22713505 0 1 0 1 20 17 54 64 37 118
8 22713600 0 1 0 1 16 8 29 35 24 64
8 22927534 0 1 0 1 13 14 48 33 27 81
8 22927646 0 1 0 1 40 51 80 98 91 178
8 23068800 0 1 0 1 20 27 79 70 47 149
8 23068985 0 1 0 1 5 19 40 40 24 80
8 23103360 0 1 0 1 24 19 78 53 43 131
8 23116812 0 1 1 1 8 6 64 8 14 72
8 23132260 0 1 0 1 9 5 28 21 14 49
8 23145808 0 1 0 1 45 43 68 95 88 163
8 23197266 0 1 0 1 51 60 88 91 111 179
8 23200675 0 1 0 1 24 33 70 75 57 145
8 23257885 0 1 0 1 7 5 24 28 12 52
8 23258590 0 1 0 1 24 31 57 74 55 131
8 23258879 0 1 0 1 11 10 27 33 21 60
8 23258916 0 1 0 1 13 16 29 37 29 66
8 23287875 0 1 0 1 26 17 55 39 43 94
8 23288582 0 1 0 1 32 49 78 89 81 167
8 23291465 0 1 0 1 12 14 43 47 26 90
8 23294744 0 1 0 1 17 23 53 51 40 104
8 23298768 0 1 0 1 8 7 19 15 15 34
8 23303265 0 1 0 1 8 16 45 38 24 83
8 23309840 0 1 0 1 25 40 77 91 65 168
8 23310047 0 1 0 1 5 10 27 25 15 52
8 23317235 0 1 0 1 13 20 28 42 33 70
8 23320106 0 1 0 1 14 14 29 44 28 73
8 23328494 0 1 0 1 27 23 59 98 50 157
8 23333428 0 1 0 1 32 30 67 86 62 153
8 23566079 0 1 0 0 2 32 0 119 34 119
8 23566156 0 1 0 1 29 42 80 87 71 167
8 23573532 0 1 0 1 14 5 39 39 19 78
8 23574819 0 1 0 1 11 13 32 32 24 64
8 23682668 0 1 0 1 13 11 21 26 24 47
8 23844707 0 1 0 1 6 8 23 19 14 42
8 23845090 0 1 0 1 9 7 22 19 16 41
8 24329886 0 1 1 1 7 2 49 5 9 54
8 24351334 0 1 0 1 40 36 94 81 76 175
8 24351421 0 1 0 1 26 31 41 61 57 102
8 24390043 0 1 0 1 7 7 21 16 14 37
8 24398957 0 1 0 1 44 52 86 97 96 183
8 24399624 0 1 0 1 3 7 12 22 10 34
8 24404013 0 1 0 1 59 81 79 112 140 191
8 24490897 0 1 0 1 25 25 50 48 50 98
8 24917170 0 1 0 1 28 43 65 81 71 146
8 25302369 0 1 0 1 31 40 88 77 71 165
8 25332676 0 1 0 1 31 18 59 56 49 115
8 25372652 0 1 0 1 25 26 67 64 51 131
8 25372751 0 1 0 1 14 15 43 49 29 92
8 25373869 0 1 0 1 17 19 45 28 36 73
8 25377539 0 1 0 1 28 34 52 58 62 110
8 25380285 0 1 0 1 21 22 59 72 43 131
8 25380447 0 1 0 1 18 23 48 65 41 113
8 25423284 0 1 0 1 33 34 76 89 67 165
8 25466148 0 1 0 0 2 19 0 74 21 74
8 25466164 0 1 0 0 2 21 0 93 23 93
8 26032962 0 1 0 1 19 12 40 38 31 78
8 26041049 0 1 0 1 21 16 58 63 37 121
8 26333588 0 1 0 1 8 6 27 34 14 61
8 26360340 0 1 0 1 6 10 27 35 16 62
8 26362926 0 1 0 1 3 8 19 14 11 33
8 26366341 0 1 0 1 15 27 60 65 42 125
8 26383130 0 1 0 1 52 43 79 79 95 158
8 26505511 0 1 0 1 4 13 30 29 17 59
8 26583759 0 1 0 1 13 15 34 46 28 80
8 26634954 0 1 0 1 18 24 54 46 42 100
8 26647935 0 1 0 1 9 11 13 22 20 35
8 26653276 0 1 0 1 41 40 76 84 81 160
8 26770511 0 1 0 1 40 48 89 88 88 177
8 26779408 0 1 0 1 15 21 51 62 36 113
8 26779464 0 1 0 1 6 16 31 32 22 63
8 27012005 0 1 0 1 15 18 33 70 33 103
8 27012078 0 1 0 1 13 8 46 30 21 76
8 27012103 0 1 0 1 9 7 34 29 16 63
8 27049021 0 1 0 1 49 52 96 67 101 163
8 27087083 0 1 0 1 20 35 39 57 55 96
8 27239117 0 1 0 1 21 23 57 55 44 112
8 27242362 0 1 0 1 13 13 49 31 26 80
8 27243687 0 1 0 1 25 19 55 63 44 118
8 27243689 0 1 0 1 27 19 56 64 46 120
8 27290199 0 1 0 1 16 12 42 28 28 70
8 27304750 0 1 0 0 2 34 0 124 36 124
8 27347081 0 1 0 1 28 30 56 68 58 124
8 27347146 0 1 0 1 9 7 24 34 16 58
8 27347340 0 1 0 1 7 10 32 24 17 56
8 27397611 0 1 0 1 6 11 28 33 17 61
8 27397629 0 1 0 1 8 16 36 41 24 77
8 27397746 0 1 0 1 23 34 62 87 57 149
8 27397808 0 1 0 1 9 15 42 55 24 97
8 27420020 0 1 0 1 36 35 77 77 71 154
8 27430516 0 1 0 1 12 7 32 27 19 59
8 27432418 0 1 0 1 6 9 22 20 15 42
8 27434232 0 1 0 1 13 6 19 22 19 41
8 27434775 0 1 0 1 6 12 27 18 18 45
8 27435818 0 1 0 1 36 36 96 88 72 184
8 27436348 0 1 0 1 28 23 73 87 51 160
8 27436472 0 1 0 1 8 8 27 29 16 56
8 27437089 0 1 0 1 25 30 49 66 55 115
8 27444208 0 1 0 1 11 19 47 65 30 112
8 27444302 0 1 0 0 2 14 0 78 16 78
8 27451021 0 1 0 1 20 15 59 50 35 109
8 27451068 0 1 0 1 20 21 47 57 41 104
8 27451444 0 1 0 1 31 25 68 58 56 126
8 27454523 0 1 0 1 17 21 41 52 38 93
8 27454618 0 1 0 1 24 43 72 87 67 159
8 27461775 0 1 0 1 18 9 42 36 27 78
8 27463672 0 1 0 1 47 41 71 95 88 166
8 27467305 0 1 0 1 28 25 55 57 53 112
8 27469529 0 1 0 1 9 5 20 24 14 44
8 27470837 0 1 0 1 5 5 18 28 10 46
8 27500988 0 1 0 1 25 17 61 50 42 111
8 27511817 0 1 0 1 20 17 49 61 37 110
8 27516406 0 1 0 1 12 19 60 51 31 111
8 27536849 0 1 0 1 19 14 45 56 33 101
8 27538594 0 1 0 1 30 26 57 47 56 104
8 27544447 0 1 0 1 14 14 53 48 28 101
8 27544557 0 1 0 1 6 12 30 20 18 50
8 27598404 0 1 0 0 2 19 0 75 21 75
8 27604491 0 1 0 1 8 11 19 21 19 40
8 27651749 0 1 0 1 7 9 32 31 16 63
8 27697334 0 1 0 1 5 5 34 12 10 46
8 27697344 0 1 0 1 5 5 30 12 10 42
8 27740591 0 1 0 0 2 14 0 79 16 79
8 27748579 0 1 0 0 2 23 0 93 25 93
8 27748638 0 1 0 1 14 19 61 52 33 113
8 27788187 0 1 0 1 5 8 26 21 13 47
8 27792911 0 1 0 1 5 13 25 18 18 43
8 27810452 0 1 0 1 18 19 56 53 37 109
8 27811209 0 1 0 1 15 15 35 41 30 76
8 27823059 0 1 0 1 14 11 44 48 25 92
8 27872015 0 1 0 1 45 52 91 100 97 191
8 27872196 0 1 0 1 13 11 41 48 24 89
8 27879681 0 1 0 1 42 57 87 99 99 186
8 27885884 0 1 0 1 10 5 34 34 15 68
8 27907059 0 1 0 1 31 23 64 69 54 133
8 27909549 0 1 0 1 11 16 33 40 27 73
8 27909654 0 1 0 1 29 29 85 55 58 140
8 27909714 0 1 0 1 19 17 39 66 36 105
8 27909759 0 1 0 1 14 15 38 57 29 95
8 27909788 0 1 0 1 15 11 41 33 26 74
8 27909822 0 1 0 1 11 9 27 34 20 61
8 28030296 0 1 0 1 17 9 46 43 26 89
8 28031109 0 1 0 1 10 8 18 22 18 40
8 28031112 0 1 0 1 12 9 19 23 21 42
8 28041063 0 1 0 1 36 23 82 84 59 166
8 28067687 0 1 0 1 8 19 42 61 27 103
8 28156062 0 1 0 1 44 38 98 85 82 183
8 28183195 0 1 0 1 31 39 77 81 70 158
8 28329090 0 1 0 1 14 25 44 42 39 86
8 28348664 0 1 0 0 2 38 0 140 40 140
8 28356691 0 1 0 0 3 45 0 130 48 130
8 28473707 0 1 0 0 2 18 0 72 20 72
8 28505275 0 1 0 1 16 26 69 41 42 110
8 28527195 0 1 0 1 25 33 70 66 58 136
8 28717286 0 1 0 1 44 35 87 93 79 180
8 28743055 0 1 0 1 32 64 88 100 96 188
8 28777786 0 1 0 1 12 10 37 28 22 65
8 28793783 0 1 0 1 13 17 29 28 30 57
8 29018704 0 1 0 1 13 18 34 53 31 87
8 29042570 0 1 0 1 11 20 47 34 31 81
8 29071937 0 1 0 0 2 8 0 38 10 38
8 29110162 0 1 0 1 10 12 29 34 22 63
8 29122509 0 1 0 1 35 32 71 86 67 157
8 29340155 0 1 0 1 4 10 11 22 14 33
8 30065980 0 1 0 0 3 57 0 148 60 148
8 30612288 0 1 0 1 5 9 23 26 14 49
8 30703370 0 1 0 1 12 9 30 25 21 55
8 30841978 0 1 0 1 12 6 32 32 18 64
8 30845009 0 1 0 1 55 61 89 105 116 194
8 30845086 0 1 0 1 50 47 77 97 97 174
8 30845915 0 1 0 1 25 16 81 59 41 140
8 30848708 0 1 0 1 37 31 81 77 68 158
8 30984004 0 1 0 1 6 6 21 18 12 39
8 30984006 0 1 0 1 7 6 20 18 13 38
8 31125036 0 1 0 1 10 12 30 47 22 77
8 31147358 0 1 0 0 3 36 0 111 39 111
8 31157319 0 1 0 1 10 8 20 25 18 45
8 31167138 0 1 0 1 59 50 91 98 109 189
8 32548630 0 1 0 1 36 33 82 58 69 140
8 32548864 0 1 0 1 9 7 20 28 16 48
8 32648114 0 1 0 1 51 38 100 77 89 177
8 33436311 0 1 0 1 34 24 70 69 58 139
8 33453573 0 1 0 1 6 5 13 17 11 30
8 33455811 0 1 0 1 7 14 36 29 21 65
8 33490389 0 1 0 1 9 12 34 34 21 68
8 33497355 0 1 0 1 6 9 12 23 15 35
8 33498556 0 1 0 1 19 10 43 50 29 93
8 33512426 0 1 0 1 30 35 97 68 65 165
8 33512476 0 1 0 1 33 32 95 73 65 168
8 33513467 0 1 0 1 17 14 41 38 31 79
8 33513628 0 1 0 1 52 57 85 92 109 177
8 33513632 0 1 0 1 51 53 82 91 104 173
8 33513681 0 1 0 1 36 28 64 63 64 127
8 33558671 0 1 0 1 21 22 45 62 43 107
8 33558704 0 1 0 1 21 25 49 65 46 114
8 33593508 0 1 0 1 10 5 22 31 15 53
8 33597492 0 1 0 0 2 18 0 76 20 76
8 34323307 0 1 0 0 2 10 0 47 12 47
8 36121683 0 1 0 1 14 6 45 45 20 90
8 36121685 0 1 0 1 13 6 42 43 19 85
8 36807316 0 1 0 1 46 44 93 85 90 178
8 36909506 0 1 0 1 15 11 37 42 26 79
8 36918749 0 1 0 1 11 13 32 25 24 57
8 36928878 0 1 0 1 4 9 15 19 13 34
8 36931175 0 1 0 1 12 8 30 33 20 63
8 37598472 0 1 0 1 13 7 35 44 20 79
8 37697108 0 1 0 0 2 18 0 80 20 80
8 37814814 0 1 0 0 2 18 0 77 20 77
8 37872850 0 1 0 1 27 35 69 79 62 148
8 38059994 0 1 0 1 23 19 53 59 42 112
8 38133611 0 1 0 0 2 26 0 114 28 114
8 38145372 0 1 0 1 26 32 61 73 58 134
8 38170001 0 1 0 1 20 7 26 27 27 53
8 38207590 0 1 0 0 2 22 0 83 24 83
8 38264643 0 1 0 1 16 10 31 23 26 54
8 38326721 0 1 0 0 2 20 0 118 22 118
8 38516406 0 1 0 1 11 12 32 32 23 64
8 38528277 0 1 0 1 11 16 23 28 27 51
8 38823944 0 1 0 0 2 23 0 88 25 88
8 38846572 0 1 0 1 3 9 8 35 12 43
8 38846574 0 1 0 1 2 9 4 38 11 42
8 38953189 0 1 0 1 9 7 18 22 16 40
8 39211291 0 1 0 1 10 18 53 68 28 121
8 39454135 0 1 0 1 19 13 42 58 32 100
8 39465868 0 1 0 1 36 44 99 74 80 173
8 39473491 0 1 0 1 22 16 46 63 38 109
8 39473524 0 1 0 1 19 23 49 66 42 115
8 39473574 0 1 0 1 16 18 53 49 34 102
8 39477601 0 1 0 1 26 9 37 69 35 106
8 39566840 0 1 0 1 10 7 12 22 17 34
8 39648307 0 1 0 1 7 3 32 30 10 62
8 39648394 0 1 0 0 2 24 0 97 26 97
8 39668231 0 1 0 1 23 26 42 53 49 95
8 39920010 0 1 0 1 12 26 44 47 38 91
8 39922470 0 1 0 1 3 15 16 29 18 45
8 39963867 0 1 0 1 8 11 30 27 19 57
8 39989629 0 1 0 1 6 12 43 50 18 93
8 39997975 0 1 0 1 8 6 26 16 14 42
8 40005362 0 1 0 1 35 35 73 77 70 150
8 40013616 0 1 0 1 20 19 68 50 39 118
8 40015416 0 1 0 1 35 52 81 96 87 177
8 40015534 0 1 0 1 19 17 57 51 36 108
8 40581238 0 1 0 1 53 67 82 108 120 190
8 40697223 0 1 0 1 19 18 63 65 37 128
8 40808670 0 1 0 1 21 19 58 40 40 98
8 40808738 0 1 0 1 3 8 20 10 11 30
8 41270966 0 1 0 0 2 10 0 55 12 55
8 41497577 0 1 0 1 35 33 63 72 68 135
8 41506967 0 1 0 1 15 10 44 44 25 88
8 41534185 0 1 0 1 13 17 42 41 30 83
8 41609270 0 1 0 1 14 16 31 50 30 81
8 41650411 0 1 0 0 2 36 0 145 38 145
8 41650418 0 1 0 0 2 34 0 142 36 142
8 41661730 0 1 0 1 31 29 75 90 60 165
8 41661944 0 1 0 1 28 34 61 75 62 136
8 41664145 0 1 0 1 33 32 70 81 65 151
8 41668396 0 1 0 1 54 59 89 105 113 194
8 41696410 0 1 0 1 26 21 67 67 47 134
8 41725776 0 1 0 1 17 10 25 32 27 57
8 41734125 0 1 0 1 12 17 52 38 29 90
8 42155955 0 1 0 0 3 44 0 99 47 99
8 42187353 0 1 0 1 34 31 70 78 65 148
8 42288600 0 1 0 1 8 12 55 49 20 104
8 42725987 0 1 0 0 2 20 0 102 22 102
8 42873944 0 1 0 0 2 22 0 88 24 88
8 42994332 0 1 0 0 2 15 0 69 17 69
8 43085095 0 1 0 0 2 22 0 85 24 85
8 43192450 0 1 0 1 16 30 63 50 46 113
8 43297449 0 1 0 0 3 42 0 113 45 113
8 43300584 0 1 0 0 2 24 0 97 26 97
8 47157425 0 1 0 0 2 17 0 76 19 76
8 47881445 0 1 0 0 2 24 0 103 26 103
8 47943991 0 1 0 0 2 16 0 61 18 61
8 49074671 0 1 0 1 13 14 41 60 27 101
8 49075351 0 1 0 1 3 10 27 30 13 57
8 50553202 0 1 0 1 14 14 43 34 28 77
8 51654586 0 1 0 1 6 10 40 28 16 68
8 51817881 0 1 0 1 44 125 48 149 169 197
8 51820490 0 1 0 1 15 25 43 54 40 97
8 51833593 0 1 0 1 24 31 69 83 55 152
8 52142793 0 1 0 1 7 10 22 30 17 52
8 52142923 0 1 0 1 42 48 78 100 90 178
8 52534696 0 1 0 1 16 19 49 59 35 108
8 52542266 0 1 0 1 33 31 65 81 64 146
8 52636056 0 1 0 1 11 19 42 42 30 84
8 52656662 0 1 0 1 23 28 71 59 51 130
8 52674146 0 1 0 1 62 46 88 102 108 190
8 52686813 0 1 0 1 15 16 47 43 31 90
8 53537983 0 1 0 1 5 14 19 21 19 40
8 53946661 0 1 0 0 3 83 0 168 86 168
8 53953931 0 1 0 1 15 11 18 16 26 34
8 54247607 0 1 0 1 3 7 23 23 10 46
8 54624789 0 1 0 0 2 34 0 126 36 126
8 54626497 0 1 0 1 23 36 74 59 59 133
8 54626835 0 1 0 1 41 68 88 88 109 176
8 54628890 0 1 0 1 49 56 96 92 105 188
8 54628953 0 1 0 1 63 56 98 100 119 198
8 54629057 0 1 0 1 58 63 98 101 121 199
8 54629980 0 1 0 1 18 35 62 57 53 119
8 55135500 0 1 0 1 35 37 63 74 72 137
8 55135547 0 1 0 1 47 43 77 101 90 178
8 55140339 0 1 0 1 13 6 35 29 19 64
8 55142136 0 1 0 1 35 39 79 81 74 160
8 55357910 0 1 0 1 12 8 24 27 20 51
8 55450765 0 1 0 1 6 7 43 37 13 80
8 55452545 0 1 0 1 14 8 39 29 22 68
8 55802624 0 1 0 1 25 14 48 36 39 84
8 55880027 0 1 0 1 9 21 49 62 30 111
8 56050921 0 1 0 1 9 8 38 24 17 62
8 56214586 0 1 0 0 4 53 0 111 57 111
8 56963934 0 1 0 0 3 79 0 175 82 175
8 56963989 0 1 0 0 3 85 0 168 88 168
8 56966431 0 1 0 1 9 4 29 19 13 48
8 56993138 0 1 0 1 7 12 37 38 19 75
8 58426104 0 1 0 1 4 7 17 15 11 32
8 58430723 0 1 0 1 7 12 33 23 19 56
8 58433146 0 1 0 1 7 8 25 44 15 69
8 58434625 0 1 0 1 11 5 27 28 16 55
8 58498483 0 1 0 1 45 46 80 77 91 157
8 58581530 0 1 0 1 11 13 17 27 24 44
8 58585631 0 1 0 1 8 13 30 16 21 46
8 58586055 0 1 0 1 19 30 54 71 49 125
8 58586126 0 1 0 1 3 10 21 25 13 46
8 58586678 0 1 0 1 10 7 18 19 17 37
8 58588724 0 1 0 1 6 12 28 26 18 54
8 58595517 0 1 0 1 30 20 47 51 50 98
8 58595607 0 1 0 1 48 57 78 108 105 186
8 58599197 0 1 0 1 20 24 45 49 44 94
8 58599775 0 1 0 1 23 58 86 83 81 169
8 58635245 0 1 0 1 5 8 17 45 13 62
8 58643172 0 1 0 1 7 4 17 20 11 37
8 58808045 0 1 0 1 9 10 26 23 19 49
8 58939294 0 1 0 1 17 30 63 67 47 130
8 58939458 0 1 0 1 28 30 73 69 58 142
8 59893783 0 1 0 1 5 5 16 27 10 43
8 59970440 0 1 0 1 33 27 74 71 60 145
8 60226760 0 1 0 1 12 13 27 29 25 56
8 60232231 0 1 0 1 9 26 33 46 35 79
8 60266015 0 1 0 1 37 37 83 71 74 154
8 60280963 0 1 0 1 7 7 25 17 14 42
8 60280967 0 1 0 1 8 8 27 19 16 46
8 60281029 0 1 0 1 20 18 60 55 38 115
8 60281201 0 1 0 1 9 6 35 31 15 66
8 60781400 0 1 0 0 2 28 0 116 30 116
8 60800672 0 1 0 1 10 9 23 30 19 53
8 60821736 0 1 0 1 3 8 28 19 11 47
8 60852714 0 1 0 1 27 40 67 99 67 166
8 60853001 0 1 0 1 51 50 85 94 101 179
8 60906405 0 1 0 1 10 7 19 28 17 47
8 60938530 0 1 0 1 12 7 21 31 19 52
8 60939221 0 1 0 1 12 16 29 32 28 61
8 61503614 0 1 0 1 8 6 22 14 14 36
8 61562717 0 1 0 1 17 29 44 33 46 77
8 61567375 0 1 0 1 17 14 56 44 31 100
8 62143432 0 1 0 1 34 16 69 67 50 136
8 62143493 0 1 0 1 25 19 57 51 44 108
8 62144683 0 1 0 1 9 4 23 32 13 55
8 62144687 0 1 0 1 8 4 22 29 12 51
8 62249053 0 1 0 1 24 21 55 53 45 108
8 62855838 0 1 0 1 6 7 26 31 13 57
8 62863628 0 1 0 0 2 10 0 57 12 57
8 62864527 0 1 0 1 10 4 22 23 14 45
8 62978809 0 1 0 1 8 6 23 22 14 45
8 62978887 0 1 0 1 7 7 26 41 14 67
8 62990156 0 1 0 1 7 11 40 27 18 67
8 62990327 0 1 0 1 7 17 31 39 24 70
8 63026205 0 1 0 1 49 58 82 101 107 183
8 63030158 0 1 0 1 17 21 64 54 38 118
8 63035639 0 1 0 1 30 23 70 55 53 125
8 63038678 0 1 0 1 30 33 80 84 63 164
8 63038753 0 1 0 1 17 24 62 49 41 111
8 63064118 0 1 0 1 8 8 12 23 16 35
8 63064195 0 1 0 1 25 18 45 57 43 102
8 63267183 0 1 0 1 6 5 28 23 11 51
8 65527316 0 1 0 1 10 7 23 25 17 48
8 65605251 0 1 0 1 12 5 20 20 17 40
8 65613313 0 1 0 1 15 6 57 47 21 104
8 65708124 0 1 0 1 35 42 82 70 77 152
8 66566888 0 1 0 1 20 17 73 71 37 144
8 66678225 0 1 0 1 7 12 47 41 19 88
8 66679917 0 1 0 1 30 22 80 62 52 142
8 67179909 0 1 0 0 2 23 0 90 25 90
8 67302548 0 1 0 0 2 17 0 80 19 80
8 67509533 0 1 0 1 10 13 53 39 23 92
8 67624235 0 1 0 1 20 11 41 40 31 81
8 67952493 0 1 0 1 30 25 58 77 55 135
8 68017758 0 1 0 1 4 10 27 18 14 45
8 68027138 0 1 0 1 21 31 60 68 52 128
8 68038054 0 1 0 1 7 5 29 17 12 46
8 68053286 0 1 0 1 34 25 72 72 59 144
8 68055931 0 1 0 1 42 68 86 109 110 195
8 68055936 0 1 0 1 44 67 84 109 111 193
8 68060672 0 1 0 1 58 55 84 102 113 186
8 68087690 0 1 0 1 10 24 43 59 34 102
8 68090730 0 1 0 1 12 23 48 40 35 88
8 68100129 0 1 0 1 6 10 25 33 16 58
8 68103007 0 1 0 1 17 18 34 45 35 79
8 68103820 0 1 0 1 9 6 34 17 15 51
8 68108261 0 1 0 1 42 49 76 94 91 170
8 68120849 0 1 0 1 6 10 26 31 16 57
8 68224636 0 1 0 1 24 36 88 79 60 167
8 68224724 0 1 0 1 17 33 68 82 50 150
8 68231285 0 1 0 1 12 24 56 65 36 121
8 68231354 0 1 0 1 20 26 67 75 46 142
8 68446537 0 1 0 1 6 8 16 10 14 26
8 68468746 0 1 0 1 38 38 78 85 76 163
8 68521960 0 1 0 1 33 46 74 91 79 165
8 68709099 0 1 0 1 8 14 25 34 22 59
8 68787521 0 1 0 1 31 53 69 95 84 164
8 69588954 0 1 0 0 2 19 0 91 21 91
8 69761988 0 1 0 1 7 16 28 24 23 52
8 69860050 0 1 0 1 11 5 36 38 16 74
8 69987450 0 1 0 1 13 5 20 32 18 52
8 69987529 0 1 0 1 17 10 35 39 27 74
8 70052164 0 1 0 1 10 9 38 27 19 65
8 70055372 0 1 0 1 29 38 77 76 67 153
8 70069216 0 1 0 1 22 18 79 54 40 133
8 70100576 0 1 0 1 45 46 88 75 91 163
8 70121234 0 1 0 1 21 15 42 44 36 86
8 70131818 0 1 0 0 2 10 0 40 12 40
8 70138137 0 1 0 1 4 9 29 27 13 56
8 70156712 0 1 0 1 35 54 88 98 89 186
8 70594518 0 1 0 0 2 13 0 60 15 60
8 70600142 0 1 0 1 36 30 57 73 66 130
8 70638473 0 1 0 1 11 7 31 37 18 68
8 70662016 0 1 0 1 4 7 24 23 11 47
8 70681190 0 1 0 1 28 38 65 85 66 150
8 71199364 0 1 0 1 25 21 53 68 46 121
8 71199443 0 1 0 1 35 33 84 79 68 163
8 71199475 0 1 0 1 32 32 84 77 64 161
8 71199504 0 1 0 1 30 27 68 75 57 143
8 71215529 0 1 0 1 32 43 59 112 75 171
8 71216639 0 1 0 1 15 15 43 41 30 84
8 71299774 0 1 0 1 29 16 56 72 45 128
8 71842805 0 1 0 1 23 44 67 92 67 159
8 72020024 0 1 0 1 48 58 79 103 106 182
8 72029975 0 1 0 1 38 49 60 87 87 147
8 72036353 0 1 0 1 24 25 67 77 49 144
8 72047300 0 1 0 1 18 19 29 54 37 83
8 72050750 0 1 0 1 5 11 24 25 16 49
8 72050874 0 1 0 1 6 16 21 52 22 73
8 72050900 0 1 0 1 5 16 16 44 21 60
8 72065653 0 1 0 0 2 23 0 92 25 92
8 72205223 0 1 0 1 3 30 2 74 33 76
8 72429769 0 1 0 0 2 14 0 64 16 64
8 72937968 0 1 0 1 35 61 76 96 96 172
8 73014090 0 1 0 1 9 6 33 31 15 64
8 73092896 0 1 0 1 26 42 62 70 68 132
8 73293566 0 1 0 1 12 9 35 32 21 67
8 73297100 0 1 0 0 2 9 0 50 11 50
8 73561716 0 1 0 1 15 18 37 46 33 83
8 73878853 0 1 0 1 2 93 2 169 95 171
8 73956070 0 1 0 1 43 46 59 100 89 159
8 73976381 0 1 0 1 16 25 61 57 41 118
8 73978929 0 1 0 1 16 14 45 39 30 84
8 73978965 0 1 0 1 15 15 44 44 30 88
8 73981586 0 1 0 1 9 19 42 43 28 85
8 73981615 0 1 0 1 8 14 27 37 22 64
8 73984419 0 1 0 1 3 7 19 24 10 43
8 73984430 0 1 0 1 3 9 20 32 12 52
8 73984442 0 1 0 1 4 11 27 35 15 62
8 74029040 0 1 0 1 4 7 26 24 11 50
8 74315650 0 1 0 1 35 34 67 73 69 140
8 74360052 0 1 0 1 3 7 17 14 10 31
8 74361906 0 1 0 1 33 60 82 89 93 171
8 74603964 0 1 0 1 9 8 28 29 17 57
8 74702307 0 1 0 1 9 13 22 27 22 49
8 74702379 0 1 0 1 15 33 56 65 48 121
8 74703647 0 1 0 1 31 33 69 67 64 136
8 74825583 0 1 0 1 8 6 27 10 14 37
8 74845069 0 1 0 1 9 13 39 37 22 76
8 74849300 0 1 0 1 16 13 33 32 29 65
8 75014201 0 1 0 1 5 7 20 19 12 39
8 75377093 0 1 0 1 17 12 49 49 29 98
8 75377366 0 1 0 1 5 6 33 30 11 63
8 76778327 0 1 0 1 28 30 71 83 58 154
8 76842668 0 1 0 1 13 17 27 52 30 79
8 76842916 0 1 0 1 9 13 30 40 22 70
8 76849189 0 1 0 1 7 4 29 16 11 45
8 76853629 0 1 0 1 63 48 82 110 111 192
8 76855561 0 1 0 1 39 42 82 95 81 177
8 78686464 0 1 0 0 2 16 0 64 18 64
8 80301044 0 1 0 1 16 19 44 63 35 107
8 80594760 0 1 0 1 20 19 51 40 39 91
8 80980531 0 1 0 1 38 54 71 88 92 159
8 80984965 0 1 0 1 56 45 99 92 101 191
8 80993079 0 1 0 1 30 42 69 95 72 164
8 80993162 0 1 0 1 36 42 66 93 78 159
8 81461381 0 1 0 1 7 13 29 34 20 63
8 81617577 0 1 0 1 7 8 23 24 15 47
8 81634976 0 1 0 1 16 7 46 36 23 82
8 81635129 0 1 0 1 13 11 35 26 24 61
8 81715160 0 1 0 1 29 26 41 69 55 110
8 81717212 0 1 0 1 22 22 58 62 44 120
8 81721217 0 1 0 1 7 8 31 26 15 57
8 83201666 0 1 0 1 5 15 40 49 20 89
8 84920933 0 1 0 1 7 14 37 47 21 84
8 84980203 0 1 0 1 6 4 22 17 10 39
8 85138041 0 1 0 0 2 8 0 39 10 39
8 85202090 0 1 0 0 3 54 0 110 57 110
8 85222555 0 1 0 1 5 8 26 17 13 43
8 85222867 0 1 0 1 7 10 18 28 17 46
8 85246020 0 1 0 1 7 10 28 19 17 47
8 85259557 0 1 0 1 26 16 74 69 42 143
8 85338480 0 1 0 1 31 37 66 60 68 126
8 85341753 0 1 0 1 14 10 38 28 24 66
8 86048443 0 1 0 1 13 8 46 49 21 95
8 86064291 0 1 0 1 33 38 79 87 71 166
8 86113949 0 1 0 1 21 25 42 53 46 95
8 86440801 0 1 0 1 4 12 19 16 16 35
8 86470095 0 1 0 1 8 8 11 16 16 27
8 86472440 0 1 0 0 2 27 0 104 29 104
8 86482745 0 1 0 1 19 10 43 48 29 91
8 86503881 0 1 0 1 7 12 22 35 19 57
8 86504972 0 1 0 1 13 11 64 56 24 120
8 86507086 0 1 0 1 36 34 63 70 70 133
8 86528644 0 1 0 1 20 20 55 47 40 102
8 86531052 0 1 0 1 13 7 30 26 20 56
8 86532604 0 1 0 1 24 12 58 68 36 126
8 86540198 0 1 0 1 10 20 50 30 30 80
8 86554803 0 1 0 1 23 24 53 49 47 102
8 86554965 0 1 0 1 47 42 68 90 89 158
8 86555077 0 1 0 1 17 7 22 31 24 53
8 86556416 0 1 0 1 25 34 67 60 59 127
8 86558437 0 1 0 1 37 38 63 91 75 154
8 86558500 0 1 0 1 16 16 34 45 32 79
8 86629175 0 1 0 1 4 9 19 16 13 35
8 86654023 0 1 0 1 25 27 64 70 52 134
8 86657743 0 1 0 1 7 9 32 23 16 55
8 86658938 0 1 0 1 5 13 45 37 18 82
8 86658971 0 1 0 1 5 13 36 30 18 66
8 86659168 0 1 0 1 22 21 45 67 43 112
8 86660762 0 1 1 1 7 4 22 7 11 29
8 86667075 0 1 0 1 21 15 71 84 36 155
8 86667884 0 1 0 1 13 10 32 28 23 60
8 88069502 0 1 0 1 56 43 90 83 99 173
8 88167963 0 1 0 1 35 24 62 55 59 117
8 88327933 0 1 0 1 31 45 90 88 76 178
8 88485639 0 1 0 1 16 12 41 54 28 95
8 89936045 0 1 0 1 15 20 43 48 35 91
8 89943130 0 1 0 1 12 17 35 25 29 60
8 89943396 0 1 0 1 4 9 25 31 13 56
8 89946194 0 1 0 1 11 6 29 47 17 76
8 89946302 0 1 0 1 18 9 44 47 27 91
8 89955483 0 1 0 1 20 28 75 59 48 134
8 89958707 0 1 0 1 13 20 47 54 33 101
8 89978251 0 1 0 1 25 18 50 68 43 118
8 89982791 0 1 0 1 55 48 100 82 103 182
8 90005517 0 1 0 1 8 6 14 22 14 36
8 90051808 0 1 0 1 25 34 78 68 59 146
8 90078491 0 1 0 0 2 16 0 66 18 66
8 90082755 0 1 0 1 5 7 25 26 12 51
8 90872306 0 1 0 1 4 9 26 34 13 60
8 90928218 0 1 0 1 31 34 75 79 65 154
8 90940910 0 1 0 1 21 24 58 72 45 130
8 90949888 0 1 0 0 2 36 0 133 38 133
8 90951242 0 1 0 1 12 13 37 39 25 76
8 90960871 0 1 0 1 16 16 52 54 32 106
8 90980518 0 1 0 1 4 7 25 22 11 47
8 91008808 0 1 0 1 18 19 34 37 37 71
8 91070525 0 1 0 1 10 7 34 20 17 54
8 91071196 0 1 0 1 53 59 76 115 112 191
8 91078345 0 1 0 1 13 21 44 51 34 95
8 91118088 0 1 0 1 16 16 57 42 32 99
8 91124500 0 1 0 1 14 14 47 47 28 94
8 91127291 0 1 0 1 11 19 59 35 30 94
8 91157486 0 1 0 1 2 31 5 78 33 83
8 91249676 0 1 0 0 3 71 0 164 74 164
8 91334295 0 1 0 1 19 9 39 42 28 81
8 91340325 0 1 0 1 17 23 48 50 40 98
8 91352888 0 1 0 1 8 10 33 34 18 67
8 91917827 0 1 0 0 2 12 0 64 14 64
8 92003180 0 1 0 0 3 31 0 88 34 88
8 93134493 0 1 0 0 2 20 0 79 22 79
8 93346804 0 1 0 1 28 26 71 79 54 150
8 93646538 0 1 0 1 7 9 30 56 16 86
8 93703737 0 1 0 1 12 7 23 23 19 46
8 93726401 0 1 0 1 9 17 34 27 26 61
8 93727117 0 1 0 1 24 33 74 79 57 153
8 93740526 0 1 0 1 12 11 40 36 23 76
8 93762879 0 1 0 0 3 64 0 151 67 151
8 93762880 0 1 0 0 3 64 0 150 67 150
8 93782392 0 1 0 1 12 19 52 43 31 95
8 93795937 0 1 0 1 57 46 93 87 103 180
8 93915980 0 1 0 1 27 17 59 53 44 112
8 94130944 0 1 0 1 20 21 60 76 41 136
8 94145918 0 1 0 1 31 28 61 77 59 138
8 94146031 0 1 0 1 38 45 81 90 83 171
8 94146154 0 1 0 1 20 19 40 60 39 100
8 94148730 0 1 0 1 9 14 36 26 23 62
8 94148874 0 1 0 1 39 32 74 82 71 156
8 94260377 0 1 0 1 23 27 79 70 50 149
8 94387103 0 1 0 1 38 39 59 101 77 160
8 94488696 0 1 0 1 47 32 66 90 79 156
8 94509647 0 1 0 1 16 23 44 68 39 112
8 94514850 0 1 0 1 22 24 64 62 46 126
8 94526240 0 1 0 1 52 40 70 86 92 156
8 94526480 0 1 0 1 61 71 111 89 132 200
8 94528995 0 1 0 1 7 11 22 27 18 49
8 94529074 0 1 0 1 19 29 62 75 48 137
8 94529232 0 1 0 0 2 24 0 103 26 103
8 94534891 0 1 0 1 17 23 38 87 40 125
8 94543962 0 1 0 1 20 7 63 33 27 96
8 94546958 0 1 0 1 59 59 76 117 118 193
8 94639075 0 1 0 1 24 17 66 71 41 137
8 94639345 0 1 0 1 20 27 46 82 47 128
8 94639371 0 1 0 1 20 14 62 37 34 99
8 94643368 0 1 0 1 30 45 95 76 75 171
8 94664557 0 1 0 1 5 5 13 18 10 31
8 94664666 0 1 0 1 40 44 61 79 84 140
8 94668001 0 1 0 1 22 43 72 86 65 158
8 94668119 0 1 0 0 2 27 0 146 29 146
8 94720055 0 1 0 1 14 19 62 50 33 112
8 94726489 0 1 0 1 8 9 20 15 17 35
8 96160259 0 1 0 1 12 23 52 66 35 118
8 96233241 0 1 0 0 2 29 0 106 31 106
8 96246443 0 1 0 0 2 18 0 81 20 81
8 96320433 0 1 0 1 20 23 40 52 43 92
8 96330308 0 1 0 1 42 26 56 75 68 131
8 96330354 0 1 0 1 10 15 44 35 25 79
8 96330948 0 1 0 1 5 13 15 20 18 35
8 96372087 0 1 0 1 10 12 34 34 22 68
8 96372180 0 1 0 1 28 29 75 76 57 151
8 96386614 0 1 0 1 21 11 41 28 32 69
8 96602397 0 1 0 1 33 36 67 81 69 148
8 96835130 0 1 0 1 17 14 47 31 31 78
8 96879891 0 1 0 1 54 48 83 95 102 178
8 97644944 0 1 0 1 29 32 71 50 61 121
8 97661022 0 1 0 1 20 39 65 71 59 136
8 97776033 0 1 0 1 28 41 71 69 69 140
8 97815303 0 1 0 1 11 8 36 31 19 67
8 97815408 0 1 0 1 25 14 53 55 39 108
8 97819349 0 1 0 1 11 6 30 44 17 74
8 97931218 0 1 0 1 53 45 96 94 98 190
8 97931317 0 1 0 1 45 42 93 88 87 181
8 97931370 0 1 0 1 48 43 95 85 91 180
8 97994508 0 1 0 1 44 52 74 104 96 178
8 97994520 0 1 0 1 47 51 77 107 98 184
8 98025794 0 1 0 0 2 24 0 101 26 101
8 98025799 0 1 0 0 3 25 0 106 28 106
8 98033750 0 1 0 1 8 8 21 24 16 45
8 98035821 0 1 0 1 11 9 35 32 20 67
8 98102742 0 1 0 1 7 6 36 20 13 56
8 98104445 0 1 0 0 2 16 0 79 18 79
8 98139898 0 1 0 1 6 6 14 16 12 30
8 98139902 0 1 0 1 7 6 15 17 13 32
8 98139942 0 1 0 1 14 11 22 38 25 60
8 98139955 0 1 0 1 16 11 30 42 27 72
8 98140860 0 1 0 1 48 50 71 107 98 178
8 98140898 0 1 0 1 36 45 56 96 81 152
8 98140932 0 1 0 1 22 33 44 69 55 113
8 98146550 0 1 0 1 53 45 99 91 98 190
8 98150406 0 1 0 1 7 7 26 25 14 51
8 98150660 0 1 0 1 20 31 60 63 51 123
8 98192883 0 1 0 1 20 22 36 39 42 75
8 98193384 0 1 0 1 42 53 110 65 95 175
8 98205163 0 1 0 1 10 36 54 65 46 119
8 98212306 0 1 0 1 7 6 20 18 13 38
8 98883712 0 1 0 1 34 38 84 90 72 174
8 98905128 0 1 0 1 8 12 39 39 20 78
8 98950607 0 1 0 1 9 10 23 33 19 56
8 99502893 0 1 0 0 2 26 0 125 28 125
8 99507713 0 1 0 0 3 32 0 86 35 86
8 99511565 0 1 0 1 8 7 21 22 15 43
8 99696367 0 1 0 1 14 11 49 30 25 79
8 99987347 0 1 0 1 5 6 18 12 11 30
8 99987409 0 1 0 1 13 12 37 46 25 83
8 100008320 0 1 0 1 10 12 32 27 22 59
8 100038796 0 1 0 1 19 26 45 47 45 92
8 100041752 0 1 0 1 27 33 65 71 60 136
8 100047434 0 1 0 1 32 50 79 72 82 151
8 100105506 0 1 0 1 52 34 87 84 86 171
8 100125669 0 1 0 1 17 25 65 77 42 142
8 100125868 0 1 0 1 9 9 33 23 18 56
8 100137711 0 1 0 1 13 23 52 42 36 94
8 100144999 0 1 0 1 5 12 29 13 17 42
8 100184596 0 1 0 1 15 18 38 49 33 87
8 100191509 0 1 0 1 18 13 53 53 31 106
8 100194163 0 1 0 1 16 24 54 61 40 115
8 100194303 0 1 0 1 15 11 39 60 26 99
8 100194320 0 1 0 0 2 18 0 80 20 80
8 100213070 0 1 0 1 15 16 53 44 31 97
8 100213331 0 1 0 1 19 19 71 50 38 121
8 100240880 0 1 0 1 2 13 4 32 15 36
8 100573905 0 1 0 1 25 33 54 76 58 130
8 100596691 0 1 0 1 13 17 62 59 30 121
8 100613251 0 1 0 1 13 6 15 12 19 27
8 100635882 0 1 0 1 10 23 44 70 33 114
8 100635936 0 1 0 1 25 30 69 83 55 152
8 100636043 0 1 0 1 12 13 35 46 25 81
8 100636080 0 1 0 1 3 7 21 21 10 42
8 100705591 0 1 0 1 7 42 9 123 49 132
8 100705604 0 1 0 1 7 55 9 139 62 148
8 100706704 0 1 0 1 13 16 35 41 29 76
8 100706737 0 1 0 1 24 32 58 65 56 123
8 100706740 0 1 0 1 25 35 59 68 60 127
8 100706759 0 1 0 1 22 39 57 90 61 147
8 100706776 0 1 0 1 20 50 42 108 70 150
8 100706893 0 1 0 1 11 96 9 177 107 186
8 100706910 0 1 0 1 15 105 16 175 120 191
8 100706973 0 1 0 1 13 117 17 175 130 192
8 100709201 0 1 0 1 2 44 10 102 46 112
8 100709202 0 1 0 1 2 44 10 104 46 114
8 100709464 0 1 0 1 8 78 6 156 86 162
8 100709477 0 1 0 1 11 82 12 159 93 171
8 100709481 0 1 0 1 12 82 15 158 94 173
8 100709499 0 1 0 1 18 82 27 158 100 185
8 100709528 0 1 0 1 23 81 37 148 104 185
8 100709584 0 1 0 1 16 78 25 140 94 165
8 100709589 0 1 0 1 16 73 23 133 89 156
8 100709611 0 1 0 1 7 59 11 104 66 115
8 100709642 0 1 0 1 3 51 12 86 54 98
8 100709671 0 1 0 1 3 39 12 64 42 76
8 100712378 0 1 0 1 9 33 9 112 42 121
8 100712664 0 1 0 1 4 97 7 174 101 181
8 100712669 0 1 0 1 4 95 12 171 99 183
8 100712676 0 1 0 1 4 91 12 165 95 177
8 100712696 0 1 0 1 4 78 13 145 82 158
8 100712713 0 1 0 1 4 70 13 124 74 137
8 100712772 0 1 0 1 4 21 15 42 25 57
8 100712775 0 1 0 1 4 20 14 39 24 53
8 100713099 0 1 0 1 4 18 7 73 22 80
8 100713134 0 1 0 1 5 17 10 80 22 90
8 100713146 0 1 0 1 5 19 10 83 24 93
8 100713173 0 1 0 1 5 17 10 93 22 103
8 100715486 0 1 0 1 2 30 8 84 32 92
8 100715488 0 1 0 1 2 30 8 85 32 93
8 100715522 0 1 0 1 2 43 16 103 45 119
8 100715538 0 1 0 1 2 53 16 106 55 122
8 100717782 0 1 0 1 2 13 9 41 15 50
8 100717815 0 1 0 1 6 28 15 75 34 90
8 100717836 0 1 0 1 6 46 17 106 52 123
8 100717845 0 1 0 1 6 52 17 116 58 133
8 100717882 0 1 0 1 4 64 8 141 68 149
8 100895743 0 1 0 1 6 10 31 15 16 46
8 101224262 0 1 0 0 2 12 0 50 14 50
8 101666570 0 1 0 1 15 17 56 42 32 98
8 102125465 0 1 0 1 5 21 36 60 26 96
8 102297634 0 1 0 1 17 22 49 52 39 101
8 102329253 0 1 0 0 2 21 0 85 23 85
8 102551679 0 1 0 1 12 12 42 28 24 70
8 102560773 0 1 0 1 67 54 100 96 121 196
8 102560778 0 1 0 1 67 52 101 93 119 194
8 103300204 0 1 0 1 63 53 91 95 116 186
8 103328491 0 1 0 1 13 9 35 31 22 66
8 103382403 0 1 0 1 17 19 35 35 36 70
8 103382516 0 1 0 1 51 50 84 88 101 172
8 103407872 0 1 0 1 8 6 22 21 14 43
8 103415313 0 1 0 1 58 58 105 86 116 191
8 103415350 0 1 0 1 52 55 83 99 107 182
8 103420317 0 1 0 1 43 46 93 80 89 173
8 103420419 0 1 0 0 3 67 0 152 70 152
8 103432781 0 1 0 1 6 14 21 31 20 52
8 103659419 0 1 0 1 7 11 30 39 18 69
8 103659816 0 1 0 1 9 15 49 26 24 75
8 103961150 0 1 0 1 11 4 26 29 15 55
8 103998243 0 1 0 1 42 51 70 97 93 167
8 104244791 0 1 0 0 2 8 0 36 10 36
8 104248767 0 1 0 1 26 29 77 70 55 147
8 104251020 0 1 0 1 39 45 68 109 84 177
8 104251751 0 1 0 1 29 34 67 94 63 161
8 104392736 0 1 0 0 2 13 0 55 15 55
8 104497472 0 1 0 1 58 59 93 92 117 185
8 105195178 0 1 0 1 3 11 26 30 14 56
8 105195216 0 1 0 1 12 6 28 24 18 52
8 105418801 0 1 0 1 22 15 51 57 37 108
8 105561350 0 1 0 1 19 25 62 62 44 124
8 105616503 0 1 0 1 6 16 32 51 22 83
8 105795709 0 1 0 1 8 3 23 12 11 35
8 105795850 0 1 0 1 21 11 68 46 32 114
8 105801290 0 1 0 1 19 42 75 87 61 162
8 106618113 0 1 0 1 40 19 76 75 59 151
8 106618308 0 1 0 1 6 7 18 13 13 31
8 106657913 0 1 0 1 9 18 32 31 27 63
8 106697533 0 1 0 1 42 41 91 89 83 180
8 106697617 0 1 0 1 15 42 59 91 57 150
8 106697844 0 1 0 0 2 27 0 102 29 102
8 106707293 0 1 0 1 6 8 35 30 14 65
8 106769837 0 1 0 1 38 37 94 79 75 173
8 106770107 0 1 0 1 29 33 71 81 62 152
8 106770167 0 1 0 1 18 22 48 45 40 93
8 107322814 0 1 0 1 10 15 41 55 25 96
8 107347065 0 1 0 0 2 21 0 109 23 109
8 108082519 0 1 0 1 8 16 44 40 24 84
8 108242246 0 1 0 1 48 69 97 88 117 185
8 108443573 0 1 0 1 18 19 47 59 37 106
8 108443634 0 1 0 1 29 39 70 77 68 147
8 108470052 0 1 0 0 2 14 0 68 16 68
8 109336020 0 1 0 1 33 23 42 59 56 101
8 109385509 0 1 0 1 19 22 54 66 41 120
8 109400290 0 1 0 1 59 56 82 90 115 172
8 109401533 0 1 0 1 42 29 82 75 71 157
8 109401595 0 1 0 1 25 19 53 38 44 91
8 109404584 0 1 0 1 21 20 29 42 41 71
8 109408016 0 1 0 1 14 16 20 25 30 45
8 109408155 0 1 0 1 71 57 102 92 128 194
8 109408200 0 1 0 1 60 45 96 69 105 165
8 109425155 0 1 0 1 35 40 77 80 75 157
8 109427290 0 1 0 1 6 6 26 18 12 44
8 109440799 0 1 0 1 29 31 74 90 60 164
8 109443092 0 1 0 1 53 63 87 89 116 176
8 109448259 0 1 0 1 54 56 90 95 110 185
8 109452831 0 1 0 1 41 51 83 90 92 173
8 109461737 0 1 0 1 18 13 29 39 31 68
8 109464764 0 1 0 1 37 56 90 94 93 184
8 109477391 0 1 0 1 48 50 75 92 98 167
8 109479611 0 1 0 1 22 23 49 74 45 123
8 109479648 0 1 0 1 21 31 60 68 52 128
8 109479735 0 1 0 1 13 24 45 52 37 97
8 109480720 0 1 0 1 26 18 39 40 44 79
8 109482963 0 1 0 1 19 19 51 51 38 102
8 109493657 0 1 0 1 29 23 50 69 52 119
8 109493734 0 1 0 1 26 41 75 89 67 164
8 109510736 0 1 0 1 29 15 48 51 44 99
8 109515340 0 1 0 1 10 12 28 32 22 60
8 109518545 0 1 0 1 15 19 45 56 34 101
8 109522283 0 1 0 1 17 20 44 66 37 110
8 109522302 0 1 0 0 3 37 0 115 40 115
8 109526957 0 1 0 1 28 37 73 91 65 164
8 109550795 0 1 0 0 3 104 0 186 107 186
8 109553955 0 1 0 1 26 15 60 37 41 97
8 109557831 0 1 0 1 36 46 75 80 82 155
8 112228859 0 1 0 1 10 10 68 36 20 104
8 112289319 0 1 0 1 8 12 45 19 20 64
8 112296014 0 1 1 1 7 8 32 10 15 42
8 112351121 0 1 0 1 6 4 48 20 10 68
8 112351282 0 1 0 1 15 5 66 30 20 96
8 112352467 0 1 0 1 19 15 89 45 34 134
8 112383825 0 1 0 1 8 5 27 11 13 38
8 112472706 0 1 0 1 24 27 48 106 51 154
8 112472785 0 1 0 1 8 3 43 18 11 61
8 112503980 0 1 0 1 10 23 53 23 33 76
8 112947864 0 1 0 1 7 7 31 87 14 118
8 113173774 0 1 0 1 41 39 131 59 80 190
8 113278466 0 1 0 1 5 6 10 28 11 38
8 113600312 0 1 0 1 33 35 47 129 68 176
8 113600314 0 1 0 1 31 35 47 130 66 177
8 116766434 0 1 0 1 6 6 14 40 12 54
8 116770146 0 1 0 1 9 6 15 50 15 65
8 116855133 0 1 0 0 2 19 0 97 21 97
8 116875369 0 1 0 1 5 11 21 73 16 94
8 117807339 0 1 1 1 43 29 135 34 72 169
8 117818581 0 1 0 1 22 22 90 40 44 130
8 117835543 0 1 0 1 15 16 84 37 31 121
8 118111041 0 1 0 0 2 21 0 124 23 124
8 118282198 0 1 0 1 2 18 3 61 20 64
8 119105788 0 1 0 1 2 18 2 66 20 68
8 119221578 0 1 0 0 3 95 0 180 98 180
8 119221580 0 1 0 0 3 97 0 181 100 181
8 119221584 0 1 0 0 3 101 0 186 104 186
8 119563003 0 1 0 0 2 24 0 123 26 123
8 119565044 0 1 0 0 2 29 0 152 31 152
8 119587140 0 1 0 1 15 12 31 97 27 128
8 119732109 0 1 0 1 40 51 39 161 91 200
8 119732159 0 1 0 1 25 40 32 134 65 166
8 119746934 0 1 0 0 2 31 0 122 33 122
8 119781123 0 1 0 0 2 27 0 120 29 120
8 119789661 0 1 0 0 2 45 0 182 47 182
8 119791414 0 1 0 1 25 21 30 118 46 148
8 119806243 0 1 0 1 16 21 81 30 37 111
8 119832606 0 1 0 1 6 5 20 51 11 71
8 119838258 0 1 0 0 2 26 0 116 28 116
8 119846960 0 1 0 0 2 31 0 133 33 133
8 119873879 0 1 0 0 3 66 0 132 69 132
8 119874130 0 1 0 1 6 7 18 34 13 52
8 119930060 0 1 0 1 8 8 39 28 16 67
8 120001738 0 1 0 0 2 33 0 150 35 150
8 120001764 0 1 0 0 2 25 0 122 27 122
8 120243876 0 1 0 0 3 69 0 193 72 193
8 120243879 0 1 0 0 3 73 0 193 76 193
8 120280928 0 1 0 1 3 14 4 22 17 26
8 120280940 0 1 1 1 40 21 95 27 61 122
8 120315927 0 1 0 0 3 17 0 120 20 120
8 120315930 0 1 0 0 2 19 0 125 21 125
8 120315931 0 1 0 0 2 20 0 126 22 126
8 120332518 0 1 0 0 2 16 0 61 18 61
8 122769378 0 1 0 1 12 9 39 79 21 118
8 122769894 0 1 0 1 14 7 37 77 21 114
8 122953919 0 1 0 1 29 32 123 48 61 171
8 123140748 0 1 0 0 2 10 0 64 12 64
8 123140913 0 1 0 0 2 37 0 158 39 158
8 123181957 0 1 0 0 2 39 0 156 41 156
8 123199834 0 1 0 0 2 22 0 116 24 116
8 123207707 0 1 0 0 2 10 0 77 12 77
8 123209418 0 1 0 0 2 9 0 65 11 65
8 123209420 0 1 0 0 2 10 0 68 12 68
8 123209424 0 1 0 0 2 11 0 74 13 74
8 123209425 0 1 0 0 2 11 0 72 13 72
8 123369870 0 1 0 1 20 28 40 112 48 152
8 123427934 0 1 0 1 8 9 68 26 17 94
8 123429947 0 1 0 1 25 28 64 22 53 86
8 123436449 0 1 1 1 23 29 99 27 52 126
8 123436496 0 1 0 1 45 40 123 53 85 176
8 123436564 0 1 0 1 56 43 143 52 99 195
8 123436707 0 1 1 1 5 6 45 5 11 50
8 123437226 0 1 1 1 19 35 124 33 54 157
8 123437432 0 1 0 1 13 18 104 36 31 140
8 123437472 0 1 0 1 9 8 54 28 17 82
8 123437502 0 1 0 1 5 5 29 17 10 46
8 123438124 0 1 0 1 43 26 138 49 69 187
8 123438391 0 1 0 1 3 8 32 15 11 47
8 123441303 0 1 0 1 8 13 68 36 21 104
8 123441422 0 1 0 1 37 33 137 52 70 189
8 123441559 0 1 1 1 10 4 68 11 14 79
8 123540982 0 1 0 1 30 20 129 49 50 178
8 123645856 0 1 0 1 41 33 51 135 74 186
8 123651873 0 1 0 1 62 57 133 63 119 196
8 123681204 0 1 0 1 9 10 57 24 19 81
8 123684702 0 1 0 0 2 36 0 155 38 155
8 123698370 0 1 0 1 14 11 27 59 25 86
8 123698424 0 1 0 1 35 30 44 107 65 151
8 123698489 0 1 1 1 54 68 150 48 122 198
8 123737370 0 1 0 1 54 50 143 53 104 196
8 123737464 0 1 1 1 22 20 90 24 42 114
8 123812586 0 1 0 1 21 22 89 54 43 143
8 123955981 0 1 0 1 2 15 4 88 17 92
8 123980387 0 1 0 0 2 15 0 85 17 85
8 124013397 0 1 0 0 2 36 0 163 38 163
8 124039777 0 1 0 1 23 18 82 38 41 120
8 124060185 0 1 0 1 48 42 131 67 90 198
8 124064348 0 1 0 1 12 14 92 35 26 127
8 124076395 0 1 0 1 24 24 87 42 48 129
8 124082606 0 1 1 1 7 6 30 7 13 37
8 124094960 0 1 1 1 26 43 127 38 69 165
8 124094966 0 1 1 1 30 45 133 37 75 170
8 124098017 0 1 0 1 19 21 81 29 40 110
8 124301539 0 1 0 1 29 24 116 43 53 159
8 124516020 0 1 0 0 2 17 0 100 19 100
8 124518865 0 1 0 1 4 10 27 71 14 98
8 124543337 0 1 0 0 2 31 0 122 33 122
8 124562672 0 1 0 1 12 10 22 42 22 64
8 124562684 0 1 0 1 15 14 29 50 29 79
8 124565628 0 1 0 1 21 25 30 124 46 154
8 124567547 0 1 0 1 5 9 20 52 14 72
8 124567732 0 1 0 1 33 40 51 144 73 195
8 124567749 0 1 0 1 36 37 48 147 73 195
8 124577715 0 1 0 1 3 8 22 38 11 60
8 124589539 0 1 0 1 8 15 20 61 23 81
8 125018729 0 1 0 0 2 36 0 132 38 132
8 125032195 0 1 0 1 35 33 128 54 68 182
8 125073121 0 1 1 1 21 16 92 25 37 117
8 125076629 0 1 0 0 2 21 0 79 23 79
8 125130161 0 1 0 1 15 15 69 31 30 100
8 125155912 0 1 0 0 2 44 0 168 46 168
8 125436547 0 1 0 1 8 11 57 28 19 85
8 126072903 0 1 0 0 2 20 0 119 22 119
8 127086938 0 1 0 0 2 30 0 137 32 137
8 127086997 0 1 0 1 22 18 43 116 40 159
8 127087210 0 1 0 1 6 9 18 98 15 116
8 127087287 0 1 0 1 8 5 74 30 13 104
8 127416411 0 1 0 1 7 21 19 123 28 142
8 127664149 0 1 0 1 5 7 20 35 12 55
8 127738294 0 1 0 1 40 39 42 151 79 193
8 127946741 0 1 0 0 2 30 0 125 32 125
8 127960475 0 1 1 1 12 18 84 17 30 101
8 128008754 0 1 0 1 9 9 15 56 18 71
8 128008933 0 1 0 1 40 45 63 126 85 189
8 128009016 0 1 0 1 11 15 27 90 26 117
8 128150187 0 1 1 1 33 37 148 42 70 190
8 129748604 0 1 0 1 57 35 56 141 92 197
8 129748784 0 1 0 1 3 9 28 89 12 117
8 129749398 0 1 0 1 10 12 39 105 22 144
8 129749523 0 1 0 0 2 31 0 126 33 126
8 129750419 0 1 0 0 2 27 0 101 29 101
8 129751870 0 1 0 0 2 34 0 127 36 127
8 129776302 0 1 0 1 45 26 45 127 71 172
8 130008483 0 1 0 1 26 23 41 120 49 161
8 130079780 0 1 0 1 13 12 11 50 25 61
8 130118348 0 1 0 1 3 12 23 50 15 73
8 130152840 0 1 0 1 15 22 24 108 37 132
8 130214703 0 1 0 0 2 27 0 100 29 100
8 130340893 0 1 0 1 51 39 113 63 90 176
8 130358188 0 1 0 0 2 21 0 105 23 105
8 130361641 0 1 1 1 37 37 132 39 74 171
8 130401837 0 1 0 1 12 21 92 52 33 144
8 130780911 0 1 1 1 6 10 41 13 16 54
8 130800653 0 1 1 1 4 11 59 15 15 74
8 130836219 0 1 0 1 13 19 31 105 32 136
8 131039984 0 1 0 0 2 40 0 159 42 159
8 131986252 0 1 0 0 2 30 0 141 32 141
8 132034947 0 1 0 0 2 9 0 41 11 41
8 132038922 0 1 0 0 2 35 0 141 37 141
8 132076004 0 1 0 0 2 37 0 156 39 156
8 132187209 0 1 0 0 3 67 0 184 70 184
8 132187216 0 1 0 0 4 68 0 187 72 187
8 132447302 0 1 0 1 28 23 37 106 51 143
8 132578466 0 1 0 0 2 39 0 165 41 165
8 132622568 0 1 0 1 58 52 132 68 110 200
8 132625413 0 1 1 1 51 47 148 48 98 196
8 132687790 0 1 0 1 15 13 90 34 28 124
8 132710920 0 1 0 1 54 39 139 58 93 197
8 132747072 0 1 0 1 22 21 97 43 43 140
8 132752017 0 1 1 1 15 7 56 18 22 74
8 132752075 0 1 1 1 6 5 24 8 11 32
8 132757379 0 1 1 1 8 13 59 18 21 77
8 132799189 0 1 0 1 11 15 28 64 26 92
8 132824187 0 1 0 1 20 14 34 78 34 112
8 132832263 0 1 0 1 27 42 46 131 69 177
8 132845764 0 1 0 1 15 20 23 104 35 127
8 132888007 0 1 0 1 40 34 41 114 74 155
8 132888141 0 1 0 1 44 52 59 134 96 193
8 132897729 0 1 0 1 8 17 37 122 25 159
8 132901280 0 1 0 1 22 15 29 84 37 113
8 132908076 0 1 0 1 10 8 19 59 18 78
8 132908166 0 1 0 1 27 31 43 124 58 167
8 132908273 0 1 0 1 40 53 53 142 93 195
8 132908379 0 1 0 1 9 13 27 58 22 85
8 132912964 0 1 0 1 6 9 24 47 15 71
8 132919503 0 1 0 1 15 13 41 110 28 151
8 132949034 0 1 0 1 15 11 33 43 26 76
8 132962938 0 1 0 1 7 10 44 20 17 64
8 132962990 0 1 0 0 2 29 0 120 31 120
8 132963038 0 1 0 1 30 22 55 109 52 164
8 132963161 0 1 0 1 20 27 36 119 47 155
8 132969515 0 1 0 1 22 28 39 136 50 175
8 132971813 0 1 0 1 29 42 62 115 71 177
8 132972576 0 1 0 1 5 5 12 33 10 45
8 133013536 0 1 0 1 15 27 25 126 42 151
8 133013538 0 1 0 1 13 28 27 125 41 152
8 133013654 0 1 0 0 2 50 0 180 52 180
8 133017690 0 1 0 0 3 65 0 167 68 167
8 133029787 0 1 0 0 2 21 0 112 23 112
8 133029789 0 1 0 0 2 24 0 115 26 115
8 133038433 0 1 0 1 13 11 16 66 24 82
8 133039980 0 1 0 0 11 24 0 37 35 37
8 133044857 0 1 1 1 3 11 30 8 14 38
8 133050021 0 1 0 1 14 20 87 40 34 127
8 133050082 0 1 0 1 5 9 41 20 14 61
8 133050086 0 1 0 1 5 9 38 19 14 57
8 133050738 0 1 0 1 33 42 38 127 75 165
8 133060118 0 1 0 1 7 10 23 67 17 90
8 133096163 0 1 0 0 2 28 0 139 30 139
8 133096302 0 1 0 1 33 35 48 148 68 196
8 133102472 0 1 0 1 8 12 17 43 20 60
8 133102529 0 1 0 1 16 19 30 92 35 122
8 133113418 0 1 0 0 3 17 0 106 20 106
8 133131666 0 1 0 1 5 6 15 33 11 48
8 133131869 0 1 0 1 20 39 43 133 59 176
8 133227527 0 1 0 1 23 30 124 54 53 178
8 133258305 0 1 0 1 29 31 35 99 60 134
8 133301895 0 1 0 0 2 24 0 120 26 120
8 133301921 0 1 0 0 2 30 0 149 32 149
8 133326124 0 1 1 1 17 11 86 19 28 105
8 133461905 0 1 0 1 45 52 134 53 97 187
8 133475764 0 1 0 1 38 19 50 116 57 166
8 133525851 0 1 0 0 2 46 0 170 48 170
8 134509498 0 1 0 1 7 5 14 48 12 62
8 134510121 0 1 0 1 19 22 32 93 41 125
8 134565287 0 1 0 1 33 24 122 51 57 173
8 134565290 0 1 0 1 33 25 121 53 58 174
8 134590338 0 1 1 1 13 16 101 20 29 121
8 134599702 0 1 0 1 17 25 29 99 42 128
8 134600502 0 1 0 1 56 65 140 60 121 200
8 134601381 0 1 0 1 4 6 40 15 10 55
8 134602729 0 1 0 1 48 43 129 65 91 194
8 134608651 0 1 0 1 11 13 66 30 24 96
8 134637605 0 1 0 1 22 20 127 51 42 178
8 134804712 0 1 0 1 5 7 36 18 12 54
8 135291121 0 1 0 1 24 25 102 41 49 143
8 135625287 0 1 0 1 24 27 53 112 51 165
8 135644990 0 1 0 1 4 7 47 21 11 68
8 135646952 0 1 0 1 45 38 52 128 83 180
8 135647183 0 1 0 1 8 7 13 61 15 74
8 137697673 0 1 0 0 2 11 0 77 13 77
8 137698197 0 1 0 0 2 13 0 59 15 59
8 138137267 0 1 0 1 64 51 51 143 115 194
8 138145926 0 1 0 1 7 10 21 69 17 90
8 138146074 0 1 0 1 28 27 42 121 55 163
8 138167948 0 1 0 1 2 63 2 189 65 191
8 138256809 0 1 0 1 26 24 83 53 50 136
8 138310939 0 1 0 0 2 22 0 122 24 122
8 138596832 0 1 0 1 13 20 40 105 33 145
8 138596844 0 1 0 1 17 20 43 116 37 159
8 138662036 0 1 0 1 20 27 95 34 47 129
8 138685235 0 1 0 1 26 24 118 52 50 170
8 138685278 0 1 0 0 2 47 0 182 49 182
8 138688966 0 1 0 1 19 17 49 96 36 145
8 138724690 0 1 0 1 52 39 51 141 91 192
8 138755106 0 1 0 1 20 17 78 34 37 112
8 138760406 0 1 0 0 2 29 0 110 31 110
8 138811814 0 1 0 1 9 6 59 22 15 81
8 138844043 0 1 0 1 29 27 41 139 56 180
8 139618747 0 1 0 1 50 39 56 143 89 199
8 140300387 0 1 0 1 10 12 25 62 22 87
8 140397599 0 1 0 1 7 18 62 35 25 97
8 140426727 0 1 0 1 4 9 37 14 13 51
8 140551513 0 1 0 0 2 10 0 112 12 112
8 140659612 0 1 0 0 2 33 0 157 35 157
8 140734605 0 1 0 0 2 32 0 132 34 132
8 140734818 0 1 0 1 17 14 41 81 31 122
8 140744720 0 1 0 0 2 32 0 133 34 133
8 140764183 0 1 0 1 13 12 19 101 25 120
8 140830546 0 1 0 1 16 11 26 89 27 115
8 140950479 0 1 1 1 5 6 29 8 11 37
8 141166181 0 1 0 1 37 42 117 68 79 185
8 141168619 0 1 0 1 6 11 48 18 17 66
8 141175481 0 1 0 1 35 22 127 53 57 180
8 141175619 0 1 0 1 29 30 120 47 59 167
8 141176474 0 1 1 1 4 6 41 12 10 53
8 141190368 0 1 0 1 16 30 104 38 46 142
8 141192748 0 1 0 1 15 23 112 53 38 165
8 141192757 0 1 0 1 16 24 116 50 40 166
8 141192785 0 1 0 1 18 26 121 48 44 169
8 141194220 0 1 0 0 2 33 0 149 35 149
8 141194227 0 1 1 1 14 18 113 32 32 145
8 141212275 0 1 0 1 10 22 69 31 32 100
8 141212346 0 1 0 1 34 32 120 51 66 171
8 141216984 0 1 0 1 10 9 57 33 19 90
8 141217102 0 1 0 0 2 48 0 181 50 181
8 141218050 0 1 1 1 30 25 126 41 55 167
8 141218587 0 1 1 1 19 26 141 43 45 184
8 141218710 0 1 0 1 38 39 134 57 77 191
8 141219046 0 1 0 1 13 15 68 41 28 109
8 141219735 0 1 1 1 33 28 147 46 61 193
8 141219792 0 1 1 1 18 16 109 32 34 141
8 141219847 0 1 1 1 10 4 72 16 14 88
8 141221537 0 1 0 1 6 7 57 28 13 85
8 141228193 0 1 0 0 2 48 0 176 50 176
8 141256592 0 1 0 1 27 23 43 151 50 194
8 141357235 0 1 0 1 49 53 142 57 102 199
8 141357250 0 1 0 1 50 45 140 57 95 197
8 141357300 0 1 0 1 47 32 139 52 79 191
8 141357459 0 1 1 1 40 33 139 44 73 183
8 141434680 0 1 1 1 22 11 94 25 33 119
8 141434955 0 1 0 1 4 6 50 21 10 71
8 141435438 0 1 0 1 15 23 80 49 38 129
8 141435580 0 1 0 1 57 57 136 65 114 201
8 141436823 0 1 0 1 8 18 107 43 26 150
8 141441077 0 1 0 1 9 9 71 28 18 99
8 141447953 0 1 0 1 15 26 92 56 41 148
8 141448098 0 1 0 0 2 19 0 87 21 87
8 141449491 0 1 0 0 2 18 0 113 20 113
8 141494938 0 1 0 1 33 26 48 126 59 174
8 141494956 0 1 0 1 22 29 109 47 51 156
8 141494957 0 1 0 1 22 29 107 48 51 155
8 141495478 0 1 1 1 24 28 118 38 52 156
8 141496361 0 1 0 1 8 11 84 30 19 114
8 141507122 0 1 0 1 29 42 130 63 71 193
8 141507127 0 1 0 1 30 39 128 60 69 188
8 141514659 0 1 0 1 12 8 26 60 20 86
8 142331775 0 1 0 1 45 41 141 56 86 197
8 142475429 0 1 0 1 24 21 41 116 45 157
8 142475530 0 1 0 0 2 25 0 123 27 123
8 142478070 0 1 0 1 12 19 67 30 31 97
8 142479194 0 1 1 1 13 6 63 19 19 82
8 142479534 0 1 0 1 10 11 49 25 21 74
8 142479537 0 1 0 1 10 11 47 25 21 72
8 142479845 0 1 0 1 16 21 91 35 37 126
8 142481726 0 1 0 1 43 33 103 60 76 163
8 142488920 0 1 1 1 16 15 80 20 31 100
8 142489560 0 1 1 1 40 29 119 35 69 154
8 142524109 0 1 0 1 15 12 23 92 27 115
8 142533262 0 1 0 1 8 3 39 23 11 62
8 142533280 0 1 0 1 10 6 50 29 16 79
8 142542098 0 1 0 1 48 32 36 155 80 191
8 142664633 0 1 1 1 39 32 138 42 71 180
8 142664652 0 1 1 1 41 34 146 39 75 185
8 142664997 0 1 0 1 48 55 144 55 103 199
8 142665282 0 1 1 1 37 28 145 47 65 192
8 142665852 0 1 1 1 39 43 164 34 82 198
8 142741152 0 1 0 0 2 45 0 175 47 175
8 142742440 0 1 0 1 34 28 47 138 62 185
8 142750508 0 1 0 1 34 32 55 102 66 157
8 142752432 0 1 0 1 22 16 46 107 38 153
8 142752438 0 1 0 1 22 15 43 107 37 150
8 142768004 0 1 0 0 2 32 0 127 34 127
8 142768009 0 1 0 0 2 30 0 134 32 134
8 142768011 0 1 0 0 2 31 0 137 33 137
8 142775549 0 1 0 1 14 23 90 33 37 123
8 142786425 0 1 0 1 18 10 37 85 28 122
8 142786489 0 1 0 1 11 17 40 77 28 117
8 142876542 0 1 0 1 3 10 14 44 13 58
8 142877651 0 1 0 1 4 6 17 42 10 59
8 142877758 0 1 0 1 7 42 23 125 49 148
8 142877803 0 1 0 1 36 36 39 137 72 176
8 142914096 0 1 0 1 26 22 102 52 48 154
8 142914912 0 1 0 0 2 36 0 162 38 162
8 142982535 0 1 0 0 2 34 0 132 36 132
8 143015867 0 1 0 0 2 23 0 96 25 96
8 143043095 0 1 0 1 30 24 128 51 54 179
8 143043192 0 1 0 1 50 52 54 144 102 198
8 143044310 0 1 0 1 14 14 21 85 28 106
8 143044827 0 1 0 1 16 8 25 74 24 99
8 143049133 0 1 0 1 5 13 35 84 18 119
8 143081316 0 1 0 0 2 44 0 158 46 158
8 143158243 0 1 0 1 12 17 61 26 29 87
8 143158442 0 1 0 1 30 41 127 60 71 187
8 143158840 0 1 0 1 38 41 134 60 79 194
8 143213855 0 1 0 0 2 48 0 182 50 182
8 143249842 0 1 0 1 27 26 45 133 53 178
8 143249912 0 1 0 1 26 32 52 138 58 190
8 143275043 0 1 0 1 21 25 52 138 46 190
8 143275309 0 1 0 1 19 20 44 104 39 148
8 143275822 0 1 0 1 11 4 24 63 15 87
8 143276211 0 1 0 1 20 14 39 108 34 147
8 143296014 0 1 0 1 30 29 48 126 59 174
8 143296698 0 1 0 1 21 36 37 148 57 185
8 143309558 0 1 0 1 16 17 32 74 33 106
8 143309754 0 1 0 1 9 8 22 65 17 87
8 143309755 0 1 0 1 9 9 22 67 18 89
8 143309760 0 1 0 1 9 9 26 74 18 100
8 143310198 0 1 0 1 16 16 38 74 32 112
8 143315859 0 1 0 1 10 10 28 75 20 103
8 143315953 0 1 0 1 9 12 38 72 21 110
8 143315962 0 1 0 1 9 15 42 76 24 118
8 143317715 0 1 0 1 7 8 18 58 15 76
8 143317716 0 1 0 1 7 9 18 58 16 76
8 143317866 0 1 0 1 23 37 48 140 60 188
8 143317919 0 1 0 1 23 26 48 127 49 175
8 143321122 0 1 0 1 14 8 26 75 22 101
8 143324711 0 1 0 1 28 23 48 103 51 151
8 143326269 0 1 0 0 2 47 0 182 49 182
8 143327764 0 1 0 1 26 20 39 87 46 126
8 143343077 0 1 0 1 7 6 13 37 13 50
8 143375508 0 1 0 1 11 12 55 23 23 78
8 143379416 0 1 0 0 2 39 0 152 41 152
8 143441153 0 1 0 1 15 14 85 29 29 114
8 143484774 0 1 0 1 7 6 19 62 13 81
8 143538013 0 1 0 1 14 21 32 92 35 124
8 143538172 0 1 0 1 33 32 47 138 65 185
8 143538701 0 1 0 1 39 58 45 154 97 199
8 143538865 0 1 0 1 29 29 46 130 58 176
8 143538914 0 1 0 1 21 35 38 131 56 169
8 143538921 0 1 0 1 17 38 41 130 55 171
8 143541565 0 1 0 1 8 5 21 45 13 66
8 143554779 0 1 0 1 34 36 32 104 70 136
8 143558991 0 1 1 1 17 24 111 35 41 146
8 143560999 0 1 0 1 39 34 114 52 73 166
8 143561433 0 1 0 1 20 21 117 51 41 168
8 143567480 0 1 0 1 6 7 71 30 13 101
8 143568333 0 1 1 1 13 9 95 24 22 119
8 143568340 0 1 0 1 9 14 23 91 23 114
8 143568377 0 1 0 1 6 7 16 66 13 82
8 143572079 0 1 0 1 13 18 42 82 31 124
8 143572424 0 1 0 1 21 25 34 120 46 154
8 143572523 0 1 0 1 30 35 56 126 65 182
8 143576200 0 1 1 1 30 16 97 32 46 129
8 143576541 0 1 0 1 30 27 50 140 57 190
8 143576735 0 1 0 0 2 10 0 82 12 82
8 143577779 0 1 0 1 21 32 118 51 53 169
8 143578087 0 1 0 1 10 7 82 34 17 116
8 143580183 0 1 0 1 17 12 27 81 29 108
8 143589074 0 1 0 1 28 16 35 93 44 128
8 143589752 0 1 0 1 34 32 53 141 66 194
8 143599585 0 1 0 0 2 30 0 177 32 177
8 143599607 0 1 0 1 16 13 52 124 29 176
8 143604922 0 1 0 1 16 25 116 45 41 161
8 143606187 0 1 0 0 2 45 0 166 47 166
8 143606566 0 1 0 1 29 24 43 123 53 166
8 143606749 0 1 0 0 2 22 0 88 24 88
8 143606976 0 1 0 1 38 30 128 56 68 184
8 143607418 0 1 0 1 4 6 41 23 10 64
8 143607524 0 1 0 0 2 26 0 133 28 133
8 143607552 0 1 0 0 2 21 0 130 23 130
8 143607744 0 1 0 1 10 4 15 57 14 72
8 143613006 0 1 0 1 35 43 121 47 78 168
8 143613329 0 1 0 1 37 25 120 48 62 168
8 143614871 0 1 0 1 41 56 41 142 97 183
8 143649856 0 1 0 1 14 16 28 82 30 110
8 143669511 0 1 0 1 5 5 19 40 10 59
8 143669545 0 1 0 1 6 6 22 31 12 53
8 143669549 0 1 0 1 3 7 16 41 10 57
8 143689946 0 1 0 0 2 30 0 113 32 113
8 143691909 0 1 0 1 10 20 30 54 30 84
8 143691919 0 1 0 1 11 22 36 60 33 96
8 143692063 0 1 0 1 21 37 64 119 58 183
8 143693701 0 1 0 1 59 61 53 139 120 192
8 143694543 0 1 0 1 22 33 51 98 55 149
8 143717820 0 1 0 0 2 37 0 139 39 139
8 143721446 0 1 0 1 53 34 56 138 87 194
8 143742240 0 1 0 0 2 26 0 136 28 136
8 143742686 0 1 0 0 2 48 0 180 50 180
8 143742756 0 1 0 0 2 50 0 192 52 192
8 143792998 0 1 0 1 22 14 116 52 36 168
8 143793072 0 1 0 1 6 15 22 63 21 85
8 143822409 0 1 0 0 2 24 0 138 26 138
8 143835490 0 1 0 1 3 12 36 80 15 116
8 143858050 0 1 0 1 22 16 94 59 38 153
8 143858058 0 1 0 1 16 17 87 63 33 150
8 143867013 0 1 0 1 61 61 47 152 122 199
8 143869993 0 1 0 1 23 35 49 136 58 185
8 143870470 0 1 0 1 13 18 96 40 31 136
8 143871023 0 1 1 1 19 23 102 34 42 136
8 143872177 0 1 0 1 19 36 60 120 55 180
8 143872650 0 1 0 1 29 33 46 142 62 188
8 143916167 0 1 0 1 6 8 25 45 14 70
8 143916360 0 1 0 1 12 25 26 109 37 135
8 143917008 0 1 0 1 29 34 44 137 63 181
8 143917461 0 1 0 1 56 50 138 63 106 201
8 143917935 0 1 0 1 46 41 44 149 87 193
8 143918193 0 1 0 1 17 26 37 137 43 174
8 143918694 0 1 0 1 22 40 50 138 62 188
8 143919156 0 1 0 1 36 47 43 157 83 200
8 143919209 0 1 0 1 26 41 46 143 67 189
8 143921326 0 1 0 1 14 18 44 99 32 143
8 143921568 0 1 0 1 48 39 52 147 87 199
8 143921796 0 1 0 1 28 27 126 45 55 171
8 143921861 0 1 0 1 15 20 41 120 35 161
8 143921912 0 1 0 0 2 41 0 172 43 172
8 143922240 0 1 0 1 6 13 21 114 19 135
8 143922430 0 1 0 1 32 35 47 139 67 186
8 143922467 0 1 0 1 27 37 37 139 64 176
8 143923488 0 1 0 1 18 10 28 98 28 126
8 143923618 0 1 0 1 7 5 27 57 12 84
8 143923759 0 1 0 1 20 22 33 129 42 162
8 143924001 0 1 0 1 14 13 24 91 27 115
8 143924022 0 1 0 1 17 12 26 91 29 117
8 143924066 0 1 0 0 2 31 0 134 33 134
8 143924300 0 1 0 0 2 47 0 180 49 180
8 143925249 0 1 0 1 9 7 32 71 16 103
8 143925453 0 1 0 1 7 15 19 85 22 104
8 143925474 0 1 0 1 6 13 24 89 19 113
8 143925516 0 1 0 1 10 15 31 97 25 128
8 143925888 0 1 0 1 17 22 33 123 39 156
8 143926730 0 1 0 1 7 15 26 68 22 94
8 143926863 0 1 0 1 24 45 46 146 69 192
8 143927099 0 1 0 1 21 23 36 115 44 151
8 143927132 0 1 0 1 13 19 37 106 32 143
8 143927143 0 1 0 1 11 18 36 104 29 140
8 143927204 0 1 0 1 19 28 41 117 47 158
8 143927341 0 1 0 1 39 34 46 131 73 177
8 143927420 0 1 0 1 19 8 41 108 27 149
8 143927616 0 1 0 1 15 26 36 124 41 160
8 143928109 0 1 0 1 8 11 22 58 19 80
8 143928115 0 1 0 1 8 10 20 49 18 69
8 143929360 0 1 0 0 2 23 0 116 25 116
8 143929609 0 1 0 1 44 44 48 143 88 191
8 143930472 0 1 0 0 2 35 0 174 37 174
8 143932622 0 1 0 1 21 22 39 138 43 177
8 143933019 0 1 0 1 15 19 29 93 34 122
8 143933366 0 1 0 1 6 13 25 89 19 114
8 143934174 0 1 0 1 16 17 28 85 33 113
8 143934275 0 1 0 1 6 4 28 74 10 102
8 143934392 0 1 0 1 20 16 47 131 36 178
8 143934538 0 1 0 1 15 9 33 91 24 124
8 143934763 0 1 0 1 39 58 52 147 97 199
8 143935889 0 1 0 0 2 49 0 178 51 178
8 143937036 0 1 0 1 39 62 48 152 101 200
8 143938174 0 1 0 0 2 43 0 166 45 166
8 143938298 0 1 0 1 21 21 38 112 42 150
8 143938609 0 1 0 1 32 41 43 133 73 176
8 143946309 0 1 0 1 20 18 23 104 38 127
8 143946468 0 1 0 1 4 9 17 69 13 86
8 143973324 0 1 0 0 2 35 0 139 37 139
8 143983700 0 1 0 1 10 15 39 103 25 142
8 143984818 0 1 0 1 33 23 49 135 56 184
8 143985257 0 1 0 1 36 41 52 145 77 197
8 143985944 0 1 0 1 23 22 49 139 45 188
8 143991836 0 1 0 1 45 52 56 144 97 200
8 143992685 0 1 0 1 63 36 61 138 99 199
8 144040549 0 1 0 0 3 86 0 194 89 194
8 144051249 0 1 0 0 2 32 0 134 34 134
8 144051477 0 1 0 0 2 10 0 41 12 41
8 144052032 0 1 0 0 2 38 0 172 40 172
8 144083160 0 1 0 1 9 18 85 41 27 126
8 144095930 0 1 0 1 24 25 109 58 49 167
8 144109615 0 1 0 1 24 22 60 102 46 162
8 144111970 0 1 0 0 2 49 0 191 51 191
8 144115280 0 1 0 0 2 11 0 89 13 89
8 144220642 0 1 0 0 2 37 0 166 39 166
8 144240605 0 1 0 0 2 27 0 135 29 135
8 144244449 0 1 0 0 2 46 0 182 48 182
8 144254910 0 1 0 0 2 29 0 118 31 118
8 144262289 0 1 0 0 2 42 0 163 44 163
8 144263289 0 1 0 0 2 12 0 90 14 90
8 144309695 0 1 0 0 2 21 0 85 23 85
8 144311814 0 1 0 0 2 48 0 189 50 189
8 144312483 0 1 1 1 5 10 40 13 15 53
8 144353958 0 1 0 1 44 59 136 62 103 198
8 144360627 0 1 0 0 2 41 0 163 43 163
8 144379339 0 1 0 0 3 100 0 199 103 199
8 144389177 0 1 0 0 2 44 0 166 46 166
8 144413936 0 1 0 1 22 23 37 117 45 154
8 144414216 0 1 0 1 10 10 22 83 20 105
8 144425640 0 1 0 1 21 26 106 44 47 150
8 144434175 0 1 0 0 2 30 0 122 32 122
8 144436217 0 1 0 0 2 23 0 124 25 124
8 144438734 0 1 0 0 2 37 0 150 39 150
8 144440277 0 1 0 0 2 40 0 172 42 172
8 144467615 0 1 0 1 33 34 40 148 67 188
8 144467619 0 1 0 1 33 35 38 149 68 187
8 144472819 0 1 0 0 2 37 0 171 39 171
8 144474822 0 1 0 0 2 34 0 137 36 137
8 144501724 0 1 0 0 2 31 0 157 33 157
8 144504464 0 1 0 0 2 46 0 172 48 172
8 144510673 0 1 0 1 40 43 52 138 83 190
8 144513358 0 1 0 0 2 46 0 174 48 174
8 144524299 0 1 0 0 2 31 0 159 33 159
8 144528354 0 1 0 0 2 43 0 164 45 164
8 144548021 0 1 0 0 2 46 0 175 48 175
8 144706096 0 1 0 0 2 11 0 57 13 57
8 144722305 0 1 0 0 2 37 0 177 39 177
8 144754185 0 1 0 0 2 43 0 173 45 173
8 144778182 0 1 0 1 16 19 34 112 35 146
8 144778476 0 1 0 0 2 28 0 148 30 148
8 144790419 0 1 0 1 6 17 74 29 23 103
8 144791835 0 1 0 0 2 41 0 155 43 155
8 144807903 0 1 0 0 2 36 0 161 38 161
8 144810306 0 1 0 1 35 25 121 57 60 178
8 144829579 0 1 0 0 2 25 0 107 27 107
8 144841463 0 1 0 0 2 45 0 181 47 181
8 144841539 0 1 0 0 2 44 0 179 46 179
8 144841669 0 1 0 1 29 27 42 136 56 178
8 144842776 0 1 0 0 2 22 0 149 24 149
8 144842937 0 1 0 1 19 25 44 129 44 173
8 144851323 0 1 0 1 46 37 62 136 83 198
8 144880532 0 1 0 1 12 19 30 68 31 98
8 144994708 0 1 0 1 8 12 62 21 20 83
8 145003654 0 1 0 1 7 8 46 25 15 71
8 145052737 0 1 0 0 2 42 0 166 44 166
