chr pos bloodGT1 bloodGT2 tumorGT1 tumorGT2 AN BN AT BT sN sT
X 288633 0 1 0 1 6 7 44 21 13 65
X 290695 0 1 0 1 13 14 81 58 27 139
X 299094 0 1 0 0 4 53 0 165 57 165
X 312128 0 1 0 1 2 29 8 112 31 120
X 312137 0 1 0 1 14 16 34 83 30 117
X 312139 0 1 0 1 2 29 10 104 31 114
X 312143 0 1 0 1 16 13 38 69 29 107
X 312144 0 1 0 1 16 13 37 68 29 105
X 312161 0 1 0 1 7 23 20 81 30 101
X 312165 0 1 0 1 9 19 25 74 28 99
X 312212 0 1 0 1 3 17 14 55 20 69
X 312225 0 1 0 1 3 10 11 35 13 46
X 312309 0 1 0 1 13 20 67 49 33 116
X 312875 0 1 0 1 8 12 32 75 20 107
X 334496 0 1 0 1 20 16 84 30 36 114
X 338766 0 1 0 1 24 28 52 90 52 142
X 481805 0 1 0 1 13 6 18 20 19 38
X 481816 0 1 0 1 11 8 9 32 19 41
X 481817 0 1 0 1 8 8 11 28 16 39
X 481822 0 1 0 1 4 12 10 27 16 37
X 481834 0 1 0 1 4 8 7 22 12 29
X 630960 0 1 0 1 20 29 48 104 49 152
X 634786 0 1 0 0 2 23 0 117 25 117
X 649980 0 1 0 1 23 33 94 63 56 157
X 1174765 0 1 0 1 2 9 13 47 11 60
X 1196743 0 1 0 1 4 7 19 40 11 59
X 1196744 0 1 0 1 4 7 19 40 11 59
X 1196921 0 1 0 1 14 5 57 27 19 84
X 1300678 0 1 0 1 6 9 49 33 15 82
X 1345291 0 1 0 1 18 10 31 38 28 69
X 1348511 0 1 0 1 46 39 112 74 85 186
X 1348613 0 1 0 1 9 11 34 26 20 60
X 1387322 0 1 0 0 2 38 0 139 40 139
X 1427772 0 1 0 0 2 31 0 122 33 122
X 1434979 0 1 0 1 10 6 35 18 16 53
X 1435249 0 1 0 1 3 7 23 16 10 39
X 1435756 0 1 0 1 7 10 57 31 17 88
X 1435762 0 1 0 1 6 10 58 28 16 86
X 1594128 0 1 0 1 27 29 99 54 56 153
X 1594275 0 1 0 1 7 11 40 18 18 58
X 1599467 0 1 0 1 6 6 46 36 12 82
X 1600888 0 1 0 0 2 21 0 83 23 83
X 1601362 0 1 0 0 2 11 0 74 13 74
X 1636343 0 1 0 1 24 23 69 44 47 113
X 2425302 0 1 0 1 17 34 90 49 51 139
X 2502830 0 1 0 1 9 11 42 21 20 63
X 2691676 0 1 0 1 31 41 113 68 72 181
X 2691708 0 1 0 1 38 25 75 105 63 180
X 2691942 0 1 0 1 13 11 34 69 24 103
X 2714441 0 1 0 1 20 21 44 117 41 161
X 2727325 0 1 0 1 35 18 118 55 53 173
X 2770501 0 1 0 1 21 32 98 47 53 145
X 2968064 0 1 0 0 2 31 0 140 33 140
X 3033181 0 1 0 0 2 34 0 166 36 166
X 3103964 0 1 0 0 2 8 0 51 10 51
X 3309858 0 1 0 0 2 13 0 107 15 107
X 3310289 0 1 0 0 2 19 0 119 21 119
X 3320314 0 1 0 0 2 29 0 130 31 130
X 3322007 0 1 0 0 2 28 0 167 30 167
X 5307014 0 1 0 0 2 8 0 77 10 77
X 7077252 0 1 0 0 2 12 0 87 14 87
X 7117089 0 1 0 0 2 35 0 136 37 136
X 7257516 0 1 0 0 2 50 0 187 52 187
X 7691730 0 1 0 0 2 37 0 154 39 154
X 7902060 0 1 0 0 2 28 0 139 30 139
X 8553938 0 1 0 0 2 25 0 122 27 122
X 8783691 0 1 0 0 2 9 0 42 11 42
X 8797989 0 1 0 0 2 8 0 57 10 57
X 8981187 0 1 0 0 2 12 0 84 14 84
X 9032982 0 1 0 0 2 44 0 179 46 179
X 9709294 0 1 0 0 2 22 0 108 24 108
X 9711779 0 1 0 0 2 26 0 105 28 105
X 9895577 0 1 0 0 2 27 0 131 29 131
X 9895692 0 1 0 0 2 37 0 154 39 154
X 9967360 0 1 0 0 2 21 0 117 23 117
X 10094000 0 1 0 0 2 8 0 69 10 69
X 10206576 0 1 0 0 2 27 0 148 29 148
X 10206681 0 1 0 0 2 27 0 151 29 151
X 10233472 0 1 0 0 2 36 0 156 38 156
X 11300555 0 1 0 0 2 26 0 128 28 128
X 11762920 0 1 0 0 2 29 0 112 31 112
X 11765589 0 1 0 0 2 37 0 187 39 187
X 11772066 0 1 0 0 2 20 0 107 22 107
X 11772699 0 1 0 0 2 13 0 79 15 79
X 12717515 0 1 0 0 2 19 0 84 21 84
X 12721806 0 1 0 0 2 26 0 154 28 154
X 13589493 0 1 0 0 2 17 0 87 19 87
X 13772926 0 1 0 0 2 44 0 177 46 177
X 13774588 0 1 0 0 2 30 0 154 32 154
X 13777296 0 1 0 0 2 30 0 120 32 120
X 13785793 0 1 0 0 2 31 0 139 33 139
X 14008974 0 1 0 0 2 19 0 110 21 110
X 14609019 0 1 0 0 2 28 0 146 30 146
X 14844753 0 1 0 0 2 32 0 132 34 132
X 15534303 0 1 0 0 2 21 0 142 23 142
X 15536302 0 1 0 0 2 33 0 134 35 134
X 15570475 0 1 0 0 2 19 0 80 21 80
X 15575833 0 1 0 0 2 25 0 107 27 107
X 15600652 0 1 0 0 4 16 0 71 20 71
X 15600653 0 1 0 0 2 14 0 75 16 75
X 15664319 0 1 0 0 2 38 0 173 40 173
X 15799929 0 1 0 0 2 22 0 113 24 113
X 15840611 0 1 0 0 2 25 0 102 27 102
X 16474429 0 1 0 0 2 22 0 105 24 105
X 16627029 0 1 0 0 2 21 0 110 23 110
X 16667502 0 1 0 0 2 21 0 131 23 131
X 16678456 0 1 0 0 2 17 0 94 19 94
X 16736281 0 1 0 0 2 39 0 154 41 154
X 16736365 0 1 0 0 2 21 0 106 23 106
X 16837741 0 1 0 0 2 19 0 103 21 103
X 16869304 0 1 0 0 2 13 0 90 15 90
X 17047385 0 1 0 0 2 45 0 168 47 168
X 17103759 0 1 0 0 2 40 0 152 42 152
X 17135363 0 1 0 0 2 35 0 173 37 173
X 17726993 0 1 0 0 2 48 0 175 50 175
X 17727177 0 1 0 0 2 33 0 166 35 166
X 17727752 0 1 0 0 2 49 0 180 51 180
X 17731874 0 1 0 0 2 20 0 146 22 146
X 17753382 0 1 0 0 2 36 0 133 38 133
X 17801242 0 1 0 0 2 27 0 155 29 155
X 17801668 0 1 0 0 2 37 0 178 39 178
X 17801740 0 1 0 1 2 58 2 190 60 192
X 18247777 0 1 0 0 2 34 0 160 36 160
X 18510783 0 1 0 0 2 21 0 124 23 124
X 18604772 0 1 0 0 2 44 0 163 46 163
X 18806565 0 1 0 0 2 36 0 151 38 151
X 18907051 0 1 0 0 2 24 0 115 26 115
X 18918842 0 1 0 0 2 36 0 167 38 167
X 18941599 0 1 0 0 2 32 0 155 34 155
X 18943816 0 1 0 0 2 35 0 145 37 145
X 18954357 0 1 0 0 2 30 0 155 32 155
X 18954420 0 1 0 0 2 23 0 115 25 115
X 18996189 0 1 0 0 2 23 0 93 25 93
X 19007295 0 1 0 0 2 36 0 136 38 136
X 19350045 0 1 0 0 2 30 0 165 32 165
X 19353193 0 1 0 0 2 49 0 178 51 178
X 19380059 0 1 0 0 2 15 0 121 17 121
X 19464304 0 1 0 0 2 38 0 155 40 155
X 19569130 0 1 0 0 2 40 0 166 42 166
X 19740863 0 1 0 0 2 14 0 95 16 95
X 19746313 0 1 0 0 2 33 0 151 35 151
X 19917404 0 1 0 0 2 40 0 159 42 159
X 19929863 0 1 0 0 2 41 0 164 43 164
X 19953030 0 1 0 0 2 40 0 158 42 158
X 20010884 0 1 0 0 2 20 0 85 22 85
X 20013094 0 1 0 0 2 41 0 174 43 174
X 20052684 0 1 0 0 2 30 0 131 32 131
X 20135806 0 1 0 0 2 24 0 124 26 124
X 20155516 0 1 0 1 2 35 3 146 37 149
X 21432829 0 1 0 0 2 23 0 120 25 120
X 21440827 0 1 0 0 2 30 0 124 32 124
X 21609321 0 1 0 0 2 44 0 182 46 182
X 21657359 0 1 0 0 2 24 0 119 26 119
X 21856690 0 1 0 0 2 38 0 188 40 188
X 21878142 0 1 0 0 2 25 0 137 27 137
X 21992757 0 1 0 0 2 10 0 81 12 81
X 22033103 0 1 0 0 2 21 0 155 23 155
X 22226613 0 1 0 0 2 13 0 85 15 85
X 22273055 0 1 0 0 2 9 0 68 11 68
X 23001059 0 1 0 0 2 44 0 158 46 158
X 23001451 0 1 0 0 2 42 0 167 44 167
X 23393898 0 1 0 0 2 38 0 167 40 167
X 23674983 0 1 0 0 2 13 0 54 15 54
X 23682393 0 1 0 0 2 22 0 90 24 90
X 23734199 0 1 0 0 2 8 0 44 10 44
X 23989040 0 1 0 0 2 19 0 98 21 98
X 24062540 0 1 0 0 2 37 0 148 39 148
X 24076643 0 1 0 0 2 21 0 105 23 105
X 24311748 0 1 0 0 2 35 0 156 37 156
X 24534050 0 1 0 0 2 27 0 134 29 134
X 24562054 0 1 0 0 2 33 0 158 35 158
X 24717704 0 1 0 0 2 38 0 148 40 148
X 24725996 0 1 0 0 2 8 0 74 10 74
X 24748372 0 1 0 0 2 39 0 153 41 153
X 24810737 0 1 0 0 2 14 0 97 16 97
X 24841783 0 1 0 0 2 42 0 159 44 159
X 24843641 0 1 0 0 2 32 0 141 34 141
X 27462045 0 1 0 0 2 43 0 157 45 157
X 27748251 0 1 0 0 2 33 0 155 35 155
X 27822115 0 1 0 0 2 13 0 66 15 66
X 27979939 0 1 0 0 2 29 0 138 31 138
X 30236745 0 1 0 0 2 25 0 142 27 142
X 30309121 0 1 0 0 2 43 0 179 45 179
X 30630514 0 1 0 0 2 28 0 105 30 105
X 30724510 0 1 0 0 2 12 0 77 14 77
X 30724513 0 1 0 0 2 15 0 81 17 81
X 30724517 0 1 0 0 2 18 0 85 20 85
X 30854349 0 1 0 0 2 42 0 175 44 175
X 30854863 0 1 0 0 2 33 0 146 35 146
X 31875293 0 1 0 0 2 26 0 162 28 162
X 31968348 0 1 0 0 2 17 0 86 19 86
X 31968350 0 1 0 0 2 19 0 88 21 88
X 31968354 0 1 0 0 2 23 0 92 25 92
X 32412051 0 1 0 0 2 26 0 133 28 133
X 32448608 0 1 0 0 2 15 0 81 17 81
X 32484947 0 1 0 0 2 35 0 157 37 157
X 32491270 0 1 0 0 2 32 0 141 34 141
X 34130721 0 1 0 0 2 20 0 79 22 79
X 34130760 0 1 0 1 7 17 22 65 24 87
X 34130765 0 1 0 1 3 20 17 75 23 92
X 34132150 0 1 0 0 2 37 0 181 39 181
X 35803081 0 1 0 0 2 35 0 165 37 165
X 35919823 0 1 0 0 2 41 0 154 43 154
X 36144604 0 1 0 0 2 26 0 150 28 150
X 36301142 0 1 0 0 2 34 0 126 36 126
X 37008566 0 1 0 0 2 26 0 113 28 113
X 37009690 0 1 0 0 2 33 0 151 35 151
X 37077986 0 1 0 0 2 17 0 93 19 93
X 37441703 0 1 0 0 2 14 0 69 16 69
X 37441925 0 1 0 0 2 10 0 65 12 65
X 37447299 0 1 0 0 2 26 0 119 28 119
X 37447405 0 1 0 0 2 31 0 130 33 130
X 37542832 0 1 0 0 2 28 0 136 30 136
X 37572457 0 1 0 0 2 42 0 176 44 176
X 37727881 0 1 0 0 2 40 0 149 42 149
X 37809550 0 1 0 0 2 16 0 89 18 89
X 38110474 0 1 0 0 2 32 0 134 34 134
X 38154553 0 1 0 0 2 19 0 99 21 99
X 38352710 0 1 0 0 2 17 0 144 19 144
X 38367307 0 1 0 0 2 44 0 180 46 180
X 38671283 0 1 0 0 2 25 0 127 27 127
X 38675867 0 1 0 0 2 23 0 128 25 128
X 38681276 0 1 0 0 2 33 0 144 35 144
X 40062442 0 1 0 0 2 12 0 104 14 104
X 40074333 0 1 0 0 2 24 0 146 26 146
X 40636648 0 1 0 0 2 43 0 186 45 186
X 40647413 0 1 0 0 2 26 0 124 28 124
X 40682835 0 1 0 0 2 41 0 180 43 180
X 40692731 0 1 0 0 2 14 0 77 16 77
X 41195953 0 1 0 0 2 39 0 154 41 154
X 41343358 0 1 0 0 2 23 0 136 25 136
X 41344231 0 1 0 0 2 42 0 171 44 171
X 41345167 0 1 0 0 2 18 0 88 20 88
X 41345170 0 1 0 0 2 20 0 90 22 90
X 41534807 0 1 0 0 2 32 0 121 34 121
X 41561573 0 1 0 0 2 21 0 96 23 96
X 41561576 0 1 0 0 2 22 0 98 24 98
X 41561579 0 1 0 0 2 22 0 100 24 100
X 41695647 0 1 0 0 2 49 0 180 51 180
X 41727573 0 1 0 0 2 36 0 163 38 163
X 41727694 0 1 0 0 2 30 0 132 32 132
X 41727741 0 1 0 0 2 25 0 134 27 134
X 43683500 0 1 0 0 3 40 0 150 43 150
X 43683506 0 1 0 0 4 40 0 154 44 154
X 43683507 0 1 0 0 2 38 0 152 40 152
X 43732690 0 1 0 0 2 20 0 114 22 114
X 43769432 0 1 0 0 2 24 0 147 26 147
X 43775168 0 1 0 0 2 20 0 132 22 132
X 43802209 0 1 0 0 2 36 0 132 38 132
X 44242146 0 1 0 0 2 44 0 177 46 177
X 44272627 0 1 0 0 2 15 0 114 17 114
X 44541992 0 1 0 0 2 13 0 103 15 103
X 44634555 0 1 0 0 2 24 0 115 26 115
X 45059145 0 1 0 0 2 20 0 128 22 128
X 45059229 0 1 0 0 3 16 0 131 19 131
X 46499859 0 1 0 0 2 20 0 118 22 118
X 46541992 0 1 0 0 2 22 0 87 24 87
X 46561538 0 1 0 0 2 23 0 117 25 117
X 46561539 0 1 0 0 2 23 0 120 25 120
X 46682379 0 1 0 0 2 43 0 175 45 175
X 46758724 0 1 0 0 2 22 0 134 24 134
X 46879733 0 1 0 0 2 28 0 111 30 111
X 47182267 0 1 0 0 2 44 0 183 46 183
X 47212378 0 1 0 0 2 18 0 96 20 96
X 47225788 0 1 0 0 2 40 0 149 42 149
X 47229417 0 1 0 0 2 10 0 123 12 123
X 47241417 0 1 0 0 3 58 0 191 61 191
X 47244479 0 1 0 0 2 34 0 157 36 157
X 47447682 0 1 0 0 2 35 0 149 37 149
X 47467310 0 1 0 0 2 21 0 112 23 112
X 47467374 0 1 0 0 2 35 0 152 37 152
X 47569513 0 1 0 0 2 29 0 123 31 123
X 47570146 0 1 0 0 2 14 0 90 16 90
X 47571409 0 1 0 0 2 42 0 171 44 171
X 47629838 0 1 0 0 2 27 0 133 29 133
X 47657187 0 1 0 0 2 25 0 112 27 112
X 47803785 0 1 0 0 2 46 0 184 48 184
X 47836387 0 1 0 0 2 42 0 177 44 177
X 47836683 0 1 0 0 2 14 0 136 16 136
X 47895835 0 1 0 0 2 23 0 114 25 114
X 47976874 0 1 0 0 2 19 0 136 21 136
X 48158434 0 1 0 0 2 13 0 82 15 82
X 48190048 0 1 0 0 2 32 0 137 34 137
X 48281143 0 1 0 1 2 8 5 75 10 80
X 48303705 0 1 0 0 2 46 0 167 48 167
X 48447576 0 1 0 1 2 12 15 43 14 58
X 48447584 0 1 0 1 4 12 22 46 16 68
X 48447586 0 1 0 1 5 12 23 46 17 69
X 48447598 0 1 0 1 4 13 33 53 17 86
X 48447667 0 1 0 1 8 10 50 42 18 92
X 48462175 0 1 0 0 2 32 0 169 34 169
X 48466116 0 1 0 0 2 21 0 124 23 124
X 48466277 0 1 0 0 2 10 0 96 12 96
X 48509638 0 1 0 0 2 44 0 189 46 189
X 48512401 0 1 0 0 2 31 0 145 33 145
X 48527153 0 1 0 0 2 46 0 183 48 183
X 48597977 0 1 0 0 2 19 0 77 21 77
X 48683768 0 1 0 0 2 40 0 161 42 161
X 48685665 0 1 0 0 2 25 0 141 27 141
X 48706352 0 1 0 0 2 46 0 166 48 166
X 48792082 0 1 0 0 2 45 0 182 47 182
X 48829861 0 1 0 0 2 36 0 136 38 136
X 48894224 0 1 0 0 2 38 0 158 40 158
X 48897597 0 1 0 0 2 14 0 59 16 59
X 48902604 0 1 0 0 2 27 0 152 29 152
X 48923711 0 1 0 0 2 36 0 171 38 171
X 48982990 0 1 0 0 2 27 0 155 29 155
X 48983859 0 1 0 0 2 22 0 142 24 142
X 49038091 0 1 0 0 2 19 0 135 21 135
X 49077666 0 1 0 0 2 45 0 182 47 182
X 49115936 0 1 0 0 2 49 0 193 51 193
X 49157327 0 1 0 0 2 19 0 132 21 132
X 49164603 0 1 0 0 2 27 0 117 29 117
X 49173302 0 1 0 0 2 40 0 177 42 177
X 49178280 0 1 0 0 2 47 0 182 49 182
X 49211140 0 1 0 0 2 21 0 87 23 87
X 49214187 0 1 0 0 2 19 0 109 21 109
X 49215088 0 1 0 0 2 40 0 163 42 163
X 49217783 0 1 0 0 2 24 0 141 26 141
X 49231043 0 1 0 0 3 14 0 82 17 82
X 49250453 0 1 0 0 2 18 0 81 20 81
X 49282019 0 1 0 0 2 39 0 154 41 154
X 49666061 0 1 0 0 2 34 0 160 36 160
X 49832562 0 1 0 0 2 23 0 107 25 107
X 50010611 0 1 0 0 2 32 0 152 34 152
X 50042310 0 1 0 0 2 35 0 138 37 138
X 50196993 0 1 0 0 2 33 0 149 35 149
X 50198661 0 1 0 0 2 31 0 163 33 163
X 50309360 0 1 0 0 2 30 0 167 32 167
X 50384751 0 1 0 0 2 43 0 159 45 159
X 50393236 0 1 0 0 2 44 0 175 46 175
X 50634419 0 1 0 0 2 51 0 188 53 188
X 50635166 0 1 0 0 2 23 0 104 25 104
X 50635373 0 1 0 0 2 32 0 168 34 168
X 51332989 0 1 0 1 20 51 35 136 71 171
X 51407624 0 1 0 0 2 30 0 185 32 185
X 51743975 0 1 0 0 2 25 0 158 27 158
X 52606445 0 1 0 0 2 14 0 94 16 94
X 52606534 0 1 0 0 2 21 0 124 23 124
X 52630370 0 1 0 0 2 29 0 121 31 121
X 52796620 0 1 0 0 2 26 0 106 28 106
X 52862555 0 1 0 1 6 0 65 0 6 65
X 52862616 0 1 0 1 19 20 70 95 39 165
X 52862624 0 1 0 1 19 21 71 98 40 169
X 52862703 0 1 0 1 15 26 42 114 41 156
X 52862707 0 1 0 1 13 27 38 112 40 150
X 52862709 0 1 0 1 13 26 37 111 39 148
X 52862710 0 1 0 1 13 26 37 111 39 148
X 52862789 0 1 0 1 2 12 5 52 14 57
X 53076765 0 1 0 0 2 31 0 162 33 162
X 53241750 0 1 0 0 2 29 0 118 31 118
X 53320809 0 1 0 0 2 28 0 169 30 169
X 53396471 0 1 0 0 2 23 0 129 25 129
X 53432092 0 1 0 0 2 22 0 134 24 134
X 53537619 0 1 0 0 2 32 0 168 34 168
X 53552757 0 1 0 0 2 26 0 147 28 147
X 53557360 0 1 0 0 2 31 0 137 33 137
X 53559404 0 1 0 0 3 56 0 183 59 183
X 53563006 0 1 0 0 2 22 0 122 24 122
X 53575224 0 1 0 0 2 28 0 127 30 127
X 53575673 0 1 0 0 2 48 0 174 50 174
X 53624563 0 1 0 0 2 23 0 89 25 89
X 53624778 0 1 0 0 2 10 0 49 12 49
X 53938025 0 1 0 0 2 36 0 148 38 148
X 53944244 0 1 0 0 2 21 0 143 23 143
X 53995706 0 1 0 0 2 15 0 107 17 107
X 54014441 0 1 0 0 2 45 0 173 47 173
X 54091322 0 1 0 0 2 31 0 113 33 113
X 54132821 0 1 0 0 2 23 0 139 25 139
X 54182784 0 1 0 0 2 44 0 164 46 164
X 54301825 0 1 0 0 2 23 0 112 25 112
X 54448952 0 1 0 0 2 30 0 173 32 173
X 54543355 0 1 0 0 2 46 0 174 48 174
X 54811071 0 1 0 0 2 33 0 150 35 150
X 54811709 0 1 0 0 2 14 0 70 16 70
X 54815211 0 1 0 0 2 19 0 111 21 111
X 54927077 0 1 0 0 2 29 0 146 31 146
X 54930204 0 1 0 0 2 41 0 185 43 185
X 54998287 0 1 0 0 2 21 0 111 23 111
X 55000529 0 1 0 0 2 49 0 183 51 183
X 55000538 0 1 0 0 2 48 0 180 50 180
X 55003822 0 1 0 0 2 34 0 148 36 148
X 55013485 0 1 0 0 2 11 0 111 13 111
X 55013667 0 1 0 0 2 16 0 90 18 90
X 55015730 0 1 0 0 2 12 0 91 14 91
X 55020336 0 1 0 0 2 32 0 117 34 117
X 55024760 0 1 0 0 2 26 0 165 28 165
X 55077402 0 1 0 0 2 26 0 116 28 116
X 55263145 0 1 0 0 2 15 0 79 17 79
X 55751058 0 1 0 0 2 19 0 92 21 92
X 55758224 0 1 0 0 2 29 0 167 31 167
X 56250282 0 1 0 0 2 29 0 152 31 152
X 56269283 0 1 0 0 2 24 0 108 26 108
X 56564678 0 1 0 0 2 41 0 174 43 174
X 56984414 0 1 0 0 2 38 0 153 40 153
X 57592729 0 1 0 0 2 10 0 59 12 59
X 64191625 0 1 0 0 2 44 0 175 46 175
X 64191750 0 1 0 0 2 21 0 154 23 154
X 64192855 0 1 0 0 2 16 0 126 18 126
X 64268814 0 1 0 0 2 27 0 149 29 149
X 64337432 0 1 0 0 2 29 0 113 31 113
X 64348761 0 1 0 0 2 46 0 173 48 173
X 64917836 0 1 0 0 2 17 0 118 19 118
X 64921923 0 1 0 0 2 30 0 150 32 150
X 65528268 0 1 0 0 2 20 0 142 22 142
X 65551558 0 1 0 0 2 28 0 121 30 121
X 65773202 0 1 0 0 2 20 0 107 22 107
X 65956689 0 1 0 1 4 16 9 59 20 68
X 65956697 0 1 0 1 4 16 9 64 20 73
X 65956717 0 1 0 1 3 19 7 74 22 81
X 65956723 0 1 0 1 3 19 6 79 22 85
X 66027363 0 1 0 0 2 18 0 93 20 93
X 66193585 0 1 0 0 2 29 0 156 31 156
X 66199053 0 1 0 0 2 30 0 146 32 146
X 66260033 0 1 0 0 3 28 0 127 31 127
X 66260034 0 1 0 0 2 29 0 128 31 128
X 66266431 0 1 0 0 2 24 0 121 26 121
X 66361574 0 1 0 0 2 12 0 54 14 54
X 68073173 0 1 0 0 2 31 0 139 33 139
X 68073274 0 1 0 0 2 14 0 128 16 128
X 68474867 0 1 0 0 2 16 0 106 18 106
X 68522812 0 1 0 0 2 44 0 168 46 168
X 68522856 0 1 0 0 2 52 0 189 54 189
X 68531860 0 1 0 0 3 37 0 144 40 144
X 68531865 0 1 0 0 3 40 0 148 43 148
X 68531867 0 1 0 0 3 40 0 150 43 150
X 68717451 0 1 0 0 2 49 0 180 51 180
X 68772548 0 1 0 0 2 23 0 108 25 108
X 68839555 0 1 0 0 2 13 0 103 15 103
X 68840606 0 1 0 0 2 39 0 146 41 146
X 69617687 0 1 0 0 2 33 0 127 35 127
X 70022855 0 1 0 0 2 41 0 186 43 186
X 70042185 0 1 0 0 2 27 0 105 29 105
X 70201998 0 1 0 0 2 32 0 152 34 152
X 70238217 0 1 0 0 2 30 0 164 32 164
X 70276424 0 1 0 0 2 22 0 92 24 92
X 70276426 0 1 0 0 2 21 0 95 23 95
X 70407070 0 1 0 0 2 23 0 105 25 105
X 70433070 0 1 0 0 2 9 0 53 11 53
X 70450705 0 1 0 0 2 39 0 166 41 166
X 70479112 0 1 0 0 2 36 0 149 38 149
X 70929831 0 1 0 0 2 31 0 177 33 177
X 71101373 0 1 0 0 2 29 0 166 31 166
X 71108798 0 1 0 0 2 38 0 152 40 152
X 71125661 0 1 0 0 2 28 0 135 30 135
X 71125662 0 1 0 0 2 26 0 129 28 129
X 71126909 0 1 0 0 2 28 0 108 30 108
X 71128770 0 1 0 0 2 17 0 121 19 121
X 71129893 0 1 0 0 2 40 0 154 42 154
X 71132185 0 1 0 0 2 34 0 144 36 144
X 71169400 0 1 0 0 2 41 0 168 43 168
X 71245339 0 1 0 0 2 43 0 156 45 156
X 71249347 0 1 0 0 2 16 0 94 18 94
X 71303437 0 1 0 0 2 38 0 144 40 144
X 71384097 0 1 0 0 2 42 0 156 44 156
X 71384989 0 1 0 0 2 27 0 117 29 117
X 71392864 0 1 0 1 2 20 4 121 22 125
X 71398536 0 1 0 0 2 10 0 61 12 61
X 71555329 0 1 0 0 2 29 0 155 31 155
X 71564612 0 1 0 0 2 39 0 155 41 155
X 71568097 0 1 0 0 2 24 0 98 26 98
X 71911325 0 1 0 0 2 11 0 83 13 83
X 72131491 0 1 0 0 2 29 0 132 31 132
X 72140133 0 1 0 0 2 34 0 170 36 170
X 72140582 0 1 0 0 2 42 0 187 44 187
X 72581126 0 1 0 0 3 59 0 173 62 173
X 72619169 0 1 0 0 2 25 0 139 27 139
X 72619217 0 1 0 0 2 28 0 171 30 171
X 72644444 0 1 0 0 2 34 0 143 36 143
X 73127716 0 1 0 0 2 27 0 151 29 151
X 73447259 0 1 0 0 2 37 0 153 39 153
X 73584421 0 1 0 0 2 29 0 133 31 133
X 73825765 0 1 0 0 2 42 0 160 44 160
X 73827726 0 1 0 0 2 20 0 122 22 122
X 73842707 0 1 0 0 2 42 0 171 44 171
X 73844778 0 1 0 0 2 31 0 125 33 125
X 73851021 0 1 0 0 2 38 0 164 40 164
X 74105604 0 1 0 0 2 17 0 93 19 93
X 74186421 0 1 0 0 2 33 0 165 35 165
X 74529338 0 1 0 0 2 29 0 143 31 143
X 74583057 0 1 0 1 5 8 20 61 13 81
X 74583077 0 1 0 1 5 10 20 77 15 97
X 74583106 0 1 0 1 5 12 19 91 17 110
X 74583112 0 1 0 1 5 12 16 91 17 107
X 74583282 0 1 0 1 3 7 14 49 10 63
X 74583294 0 1 0 1 3 8 15 58 11 73
X 74583314 0 1 0 1 3 13 15 79 16 94
X 74583327 0 1 0 1 3 15 14 81 18 95
X 74591860 0 1 0 1 9 29 8 106 38 114
X 74591902 0 1 0 1 9 62 9 138 71 147
X 74591904 0 1 0 1 9 62 9 140 71 149
X 74591920 0 1 0 1 8 75 9 158 83 167
X 74591926 0 1 0 1 9 79 9 161 88 170
X 74594328 0 1 0 0 2 43 0 168 45 168
X 74595958 0 1 0 0 2 24 0 109 26 109
X 74739503 0 1 0 0 2 31 0 128 33 128
X 74743832 0 1 0 0 2 49 0 191 51 191
X 75429077 0 1 0 0 2 36 0 156 38 156
X 76430774 0 1 0 0 2 18 0 103 20 103
X 77508325 0 1 0 0 2 10 0 77 12 77
X 77683169 0 1 0 0 2 27 0 130 29 130
X 77684108 0 1 0 0 2 44 0 170 46 170
X 77830881 0 1 0 0 2 20 0 107 22 107
X 77853967 0 1 0 0 2 25 0 112 27 112
X 77962711 0 1 0 0 2 44 0 162 46 162
X 78009337 0 1 0 0 2 27 0 115 29 115
X 78033682 0 1 0 0 2 27 0 135 29 135
X 78657099 0 1 0 0 2 43 0 166 45 166
X 79367133 0 1 0 0 2 24 0 112 26 112
X 80725058 0 1 0 0 2 30 0 127 32 127
X 80729998 0 1 0 0 2 13 0 105 15 105
X 80744158 0 1 0 0 2 47 0 171 49 171
X 80793658 0 1 0 0 2 39 0 169 41 169
X 80809213 0 1 0 0 2 15 0 109 17 109
X 81115173 0 1 0 0 2 10 0 50 12 50
X 83871446 0 1 0 0 2 18 0 91 20 91
X 83874492 0 1 0 0 2 43 0 171 45 171
X 84934428 0 1 0 0 2 27 0 145 29 145
X 85271383 0 1 0 0 2 45 0 182 47 182
X 85864694 0 1 0 0 2 15 0 109 17 109
X 85900782 0 1 0 0 2 32 0 142 34 142
X 85911347 0 1 0 0 2 20 0 85 22 85
X 85957928 0 1 0 0 2 21 0 105 23 105
X 85964016 0 1 0 0 2 28 0 115 30 115
X 91436316 0 1 0 0 2 47 0 176 49 176
X 91879237 0 1 0 1 2 79 3 175 81 178
X 92618362 0 1 0 0 2 35 0 142 37 142
X 93389214 0 1 0 0 2 19 0 121 21 121
X 96939066 0 1 0 0 2 20 0 127 22 127
X 100585043 0 1 0 0 2 30 0 140 32 140
X 100635674 0 1 0 0 2 32 0 164 34 164
X 100681181 0 1 0 0 2 10 0 63 12 63
X 100911250 0 1 0 0 2 16 0 94 18 94
X 100914637 0 1 0 0 18 72 0 199 90 199
X 101042102 0 1 0 0 2 15 0 121 17 121
X 101140655 0 1 0 0 4 52 0 151 56 151
X 101162942 0 1 0 0 2 52 0 190 54 190
X 101250468 0 1 0 0 2 28 0 119 30 119
X 101251100 0 1 0 0 2 28 0 121 30 121
X 101278094 0 1 0 0 2 35 0 157 37 157
X 101292861 0 1 0 0 2 23 0 140 25 140
X 101346702 0 1 0 0 2 9 0 67 11 67
X 101411935 0 1 0 0 2 22 0 94 24 94
X 101490047 0 1 0 0 2 31 0 164 33 164
X 101491684 0 1 0 0 2 48 0 178 50 178
X 101494602 0 1 0 0 2 36 0 152 38 152
X 101656253 0 1 0 0 2 49 0 177 51 177
X 101656782 0 1 0 0 2 44 0 186 46 186
X 101656955 0 1 0 0 2 36 0 162 38 162
X 101779976 0 1 0 0 2 18 0 109 20 109
X 101886706 0 1 0 0 2 19 0 121 21 121
X 102127394 0 1 0 0 2 16 0 111 18 111
X 102154071 0 1 0 0 2 46 0 185 48 185
X 102174472 0 1 0 0 2 35 0 153 37 153
X 102550149 0 1 0 0 2 9 0 81 11 81
X 102603538 0 1 0 0 2 34 0 124 36 124
X 102653955 0 1 0 0 2 27 0 118 29 118
X 102653968 0 1 0 0 2 37 0 135 39 135
X 102654270 0 1 0 0 2 41 0 166 43 166
X 102656417 0 1 0 0 2 30 0 123 32 123
X 102749108 0 1 0 0 2 20 0 114 22 114
X 103062830 0 1 0 0 2 38 0 140 40 140
X 103083217 0 1 0 0 2 47 0 170 49 170
X 103083248 0 1 0 0 3 50 0 168 53 168
X 103088743 0 1 0 0 2 21 0 95 23 95
X 103500648 0 1 0 0 2 37 0 168 39 168
X 103609637 0 1 0 1 3 40 5 159 43 164
X 103676392 0 1 0 0 2 29 0 136 31 136
X 103676820 0 1 0 0 2 22 0 107 24 107
X 103713593 0 1 0 0 2 36 0 164 38 164
X 103724091 0 1 0 0 2 50 0 182 52 182
X 103790561 0 1 0 0 3 52 0 156 55 156
X 104040399 0 1 0 0 2 29 0 118 31 118
X 104104822 0 1 0 0 2 26 0 154 28 154
X 104104967 0 1 0 0 2 42 0 156 44 156
X 104188031 0 1 0 0 2 14 0 97 16 97
X 104658885 0 1 0 0 2 19 0 93 21 93
X 104658887 0 1 0 0 2 22 0 94 24 94
X 105900604 0 1 0 0 3 28 0 134 31 134
X 105906400 0 1 0 0 2 29 0 138 31 138
X 105940032 0 1 0 0 2 32 0 117 34 117
X 106206999 0 1 0 0 2 50 0 185 52 185
X 106821038 0 1 0 0 2 41 0 152 43 152
X 106928298 0 1 0 0 2 46 0 171 48 171
X 107601808 0 1 0 0 2 37 0 169 39 169
X 107603192 0 1 0 0 2 34 0 143 36 143
X 108091766 0 1 0 0 2 28 0 167 30 167
X 108137233 0 1 0 0 2 27 0 125 29 125
X 108169458 0 1 0 0 2 20 0 120 22 120
X 108172471 0 1 0 0 2 28 0 124 30 124
X 108174446 0 1 0 0 2 37 0 172 39 172
X 108188625 0 1 0 0 2 47 0 173 49 173
X 108195116 0 1 0 0 2 37 0 157 39 157
X 108206548 0 1 0 0 2 23 0 121 25 121
X 108310747 0 1 0 0 2 38 0 165 40 165
X 108733666 0 1 0 0 2 47 0 171 49 171
X 109398602 0 1 0 0 2 18 0 108 20 108
X 109475537 0 1 0 0 2 44 0 178 46 178
X 109536953 0 1 0 0 2 44 0 182 46 182
X 109663257 0 1 0 0 2 35 0 150 37 150
X 110176097 0 1 0 0 2 41 0 173 43 173
X 110176331 0 1 0 0 2 24 0 128 26 128
X 110450801 0 1 0 0 2 48 0 173 50 173
X 110451969 0 1 0 0 2 34 0 150 36 150
X 110452084 0 1 0 0 2 48 0 184 50 184
X 110452785 0 1 0 0 2 35 0 163 37 163
X 110454225 0 1 0 0 2 20 0 151 22 151
X 111192549 0 1 0 0 2 13 0 62 15 62
X 111216556 0 1 0 0 2 26 0 141 28 141
X 111333265 0 1 0 0 2 21 0 112 23 112
X 111721594 0 1 0 0 2 38 0 149 40 149
X 111744634 0 1 0 0 2 22 0 121 24 121
X 112381232 0 1 0 0 2 49 0 178 51 178
X 112381297 0 1 0 0 2 44 0 175 46 175
X 112455489 0 1 0 0 2 27 0 135 29 135
X 112671123 0 1 0 0 2 35 0 163 37 163
X 112790669 0 1 0 0 2 27 0 125 29 125
X 112791881 0 1 0 0 2 38 0 154 40 154
X 114907144 0 1 0 0 2 31 0 151 33 151
X 114907158 0 1 0 0 2 33 0 154 35 154
X 115190044 0 1 0 0 2 21 0 139 23 139
X 115191439 0 1 0 0 2 46 0 168 48 168
X 115424417 0 1 0 0 2 10 0 94 12 94
X 115610913 0 1 0 0 2 26 0 139 28 139
X 118386331 0 1 0 0 2 26 0 139 28 139
X 118597596 0 1 0 0 2 11 0 93 13 93
X 118609219 0 1 0 0 2 18 0 120 20 120
X 118649085 0 1 0 0 2 22 0 124 24 124
X 119017702 0 1 0 0 2 23 0 139 25 139
X 119087441 0 1 0 0 2 35 0 171 37 171
X 119089061 0 1 0 0 2 42 0 183 44 183
X 119089178 0 1 0 0 2 47 0 181 49 181
X 119469705 0 1 0 1 2 32 4 148 34 152
X 119469750 0 1 0 1 2 24 11 97 26 108
X 119471038 0 1 0 1 3 9 9 54 12 63
X 119471049 0 1 0 1 3 8 7 49 11 56
X 119471054 0 1 0 1 3 7 7 44 10 51
X 119633313 0 1 0 0 2 22 0 115 24 115
X 119695565 0 1 0 0 2 32 0 150 34 150
X 119838113 0 1 0 0 2 18 0 111 20 111
X 119851819 0 1 0 0 2 13 0 61 15 61
X 120260908 0 1 0 0 2 13 0 71 15 71
X 120287236 0 1 0 0 2 36 0 141 38 141
X 120370718 0 1 0 0 2 32 0 169 34 169
X 120370790 0 1 0 0 2 27 0 162 29 162
X 120379399 0 1 0 0 2 18 0 114 20 114
X 120431328 0 1 0 0 2 24 0 134 26 134
X 120526843 0 1 0 0 2 40 0 153 42 153
X 120559859 0 1 0 0 2 32 0 151 34 151
X 120604705 0 1 0 0 2 19 0 103 21 103
X 123621226 0 1 0 0 2 39 0 162 41 162
X 123621228 0 1 0 0 2 38 0 163 40 163
X 123638016 0 1 0 0 2 30 0 122 32 122
X 123686682 0 1 0 0 2 27 0 131 29 131
X 123733136 0 1 0 0 2 26 0 122 28 122
X 123885967 0 1 0 0 2 52 0 186 54 186
X 123900594 0 1 0 0 2 23 0 111 25 111
X 124063959 0 1 0 0 2 33 0 146 35 146
X 124381189 0 1 0 0 2 27 0 174 29 174
X 124645287 0 1 0 0 2 27 0 117 29 117
X 124653677 0 1 0 0 2 36 0 162 38 162
X 124671694 0 1 0 0 3 35 0 120 38 120
X 124737039 0 1 0 1 2 26 2 135 28 137
X 126165177 0 1 0 0 2 49 0 187 51 187
X 126821312 0 1 0 0 2 46 0 170 48 170
X 129558838 0 1 0 0 2 28 0 114 30 114
X 129587042 0 1 0 0 2 43 0 158 45 158
X 129592155 0 1 0 0 2 38 0 167 40 167
X 129780261 0 1 0 0 2 9 0 56 11 56
X 129812752 0 1 0 0 2 21 0 138 23 138
X 129920565 0 1 0 0 2 29 0 126 31 126
X 129926083 0 1 0 0 2 23 0 100 25 100
X 130013676 0 1 0 0 2 43 0 174 45 174
X 130013719 0 1 0 0 2 33 0 164 35 164
X 130014103 0 1 0 0 2 35 0 174 37 174
X 130014558 0 1 0 0 2 41 0 184 43 184
X 130037519 0 1 0 0 2 33 0 125 35 125
X 130067472 0 1 0 0 2 41 0 175 43 175
X 130071101 0 1 0 0 2 24 0 140 26 140
X 130129461 0 1 0 0 2 27 0 136 29 136
X 130156628 0 1 0 0 2 20 0 93 22 93
X 130364634 0 1 0 0 2 22 0 108 24 108
X 130372947 0 1 0 0 2 11 0 84 13 84
X 130384551 0 1 0 0 2 27 0 161 29 161
X 130385154 0 1 0 0 2 46 0 192 48 192
X 130385344 0 1 0 0 2 24 0 122 26 122
X 130634931 0 1 0 0 2 44 0 167 46 167
X 131277061 0 1 0 0 2 31 0 141 33 141
X 131277124 0 1 0 0 2 20 0 108 22 108
X 131283034 0 1 0 0 2 41 0 165 43 165
X 132073065 0 1 0 0 2 28 0 106 30 106
X 132381553 0 1 0 0 2 9 0 46 11 46
X 132628288 0 1 0 0 2 27 0 150 29 150
X 133027255 0 1 0 0 2 16 0 124 18 124
X 133304877 0 1 0 0 2 20 0 92 22 92
X 133536340 0 1 0 0 2 14 0 125 16 125
X 134166767 0 1 0 0 2 30 0 129 32 129
X 134272531 0 1 0 0 3 9 0 70 12 70
X 134413835 0 1 0 0 2 28 0 124 30 124
X 134413906 0 1 0 0 2 44 0 162 46 162
X 134498404 0 1 0 0 2 39 0 147 41 147
X 134991188 0 1 0 0 2 16 0 80 18 80
X 135032444 0 1 0 0 2 26 0 119 28 119
X 135032667 0 1 0 0 2 14 0 83 16 83
X 135437306 0 1 0 0 2 10 0 87 12 87
X 135908494 0 1 0 0 3 61 0 173 64 173
X 135910465 0 1 0 0 2 37 0 147 39 147
X 136044559 0 1 0 0 2 41 0 177 43 177
X 136416337 0 1 0 0 2 17 0 78 19 78
X 136504358 0 1 0 0 2 31 0 163 33 163
X 136658978 0 1 0 0 2 29 0 119 31 119
X 136780757 0 1 0 0 2 50 0 184 52 184
X 136874183 0 1 0 1 6 14 10 68 20 78
X 136874211 0 1 0 1 7 20 8 95 27 103
X 136874232 0 1 0 0 10 28 0 125 38 125
X 136874249 0 1 0 1 18 26 30 112 44 142
X 136874252 0 1 0 0 15 30 0 145 45 145
X 136874303 0 1 0 1 44 29 53 109 73 162
X 136874308 0 1 0 1 16 60 51 107 76 158
X 136874347 0 1 0 1 35 22 32 103 57 135
X 136874416 0 1 0 1 5 12 6 110 17 116
X 136874427 0 1 0 1 3 16 6 108 19 114
X 136875260 0 1 0 0 2 28 0 116 30 116
X 136876545 0 1 0 1 8 6 11 54 14 65
X 136876571 0 1 0 1 15 12 16 82 27 98
X 136879401 0 1 0 1 4 19 2 73 23 75
X 136879442 0 1 0 1 2 25 5 86 27 91
X 137660844 0 1 0 0 2 10 0 65 12 65
X 139616308 0 1 0 0 2 11 0 66 13 66
X 139631294 0 1 0 1 2 8 3 36 10 39
X 139645586 0 1 0 0 2 16 0 82 18 82
X 139731695 0 1 0 0 2 43 0 172 45 172
X 139745864 0 1 0 0 2 38 0 148 40 148
X 139785260 0 1 0 0 2 19 0 111 21 111
X 139789362 0 1 0 0 2 31 0 113 33 113
X 139924326 0 1 0 0 2 10 0 72 12 72
X 140216143 0 1 0 1 21 18 39 40 39 79
X 140504849 0 1 0 0 2 23 0 110 25 110
X 141626160 0 1 0 0 2 31 0 160 33 160
X 141879389 0 1 0 0 2 26 0 145 28 145
X 141894566 0 1 0 0 2 14 0 100 16 100
X 141905959 0 1 0 1 6 20 20 117 26 137
X 141905965 0 1 0 1 8 24 24 113 32 137
X 141905969 0 1 0 1 10 24 29 112 34 141
X 141906066 0 1 0 1 14 24 81 103 38 184
X 141906073 0 1 0 1 11 23 76 105 34 181
X 141906078 0 1 0 1 12 23 72 109 35 181
X 141906091 0 1 0 1 10 25 62 113 35 175
X 141906119 0 1 0 1 6 27 40 110 33 150
X 141906127 0 1 0 1 6 29 32 112 35 144
X 141906231 0 1 0 1 2 29 9 111 31 120
X 141906232 0 1 0 1 3 26 9 112 29 121
X 141906245 0 1 0 1 7 26 21 102 33 123
X 141906283 0 1 0 1 3 31 12 127 34 139
X 141906288 0 1 0 1 3 32 17 125 35 142
X 141906299 0 1 0 1 4 28 17 127 32 144
X 141906301 0 1 0 1 5 28 19 128 33 147
X 141906310 0 1 0 1 6 31 19 135 37 154
X 141906329 0 1 0 1 2 33 5 152 35 157
X 141906337 0 1 0 1 9 33 32 128 42 160
X 141906350 0 1 0 1 9 38 32 137 47 169
X 143628748 0 1 0 0 3 54 0 195 57 195
X 143628750 0 1 0 0 2 53 0 196 55 196
X 143628752 0 1 0 0 3 56 0 195 59 195
X 143628753 0 1 0 0 2 52 0 194 54 194
X 143628943 0 1 0 0 3 107 0 200 110 200
X 143629723 0 1 0 0 2 29 0 131 31 131
X 143630762 0 1 0 0 2 39 0 186 41 186
X 143720606 0 1 0 0 3 43 0 144 46 144
X 143720609 0 1 0 0 3 43 0 145 46 145
X 145631356 0 1 0 0 2 21 0 82 23 82
X 148198568 0 1 0 0 2 26 0 124 28 124
X 148464908 0 1 0 0 2 17 0 75 19 75
X 149716803 0 1 0 0 2 20 0 116 22 116
X 149946292 0 1 0 0 2 15 0 95 17 95
X 150470836 0 1 0 0 2 30 0 168 32 168
X 150473691 0 1 0 0 2 29 0 135 31 135
X 150503201 0 1 0 0 2 30 0 112 32 112
X 150512166 0 1 0 0 2 27 0 146 29 146
X 151181459 0 1 0 0 2 16 0 73 18 73
X 151226983 0 1 0 0 2 26 0 137 28 137
X 151664275 0 1 0 0 2 44 0 172 46 172
X 151721432 0 1 0 0 2 26 0 136 28 136
X 151924142 0 1 0 0 2 25 0 135 27 135
X 152135212 0 1 0 0 2 45 0 184 47 184
X 152345474 0 1 0 0 2 12 0 64 14 64
X 152652546 0 1 0 0 2 32 0 169 34 169
X 152829164 0 1 0 0 2 8 0 88 10 88
X 152915143 0 1 0 0 2 24 0 143 26 143
X 152922732 0 1 0 0 2 27 0 137 29 137
X 153058224 0 1 0 0 2 28 0 163 30 163
X 153182512 0 1 0 0 2 37 0 169 39 169
X 153346836 0 1 0 0 2 43 0 168 45 168
X 153347028 0 1 0 0 2 24 0 142 26 142
X 153421277 0 1 0 0 2 38 0 167 40 167
X 153444967 0 1 0 0 2 26 0 132 28 132
X 153486043 0 1 0 0 2 15 0 93 17 93
X 153669848 0 1 0 0 2 27 0 127 29 127
X 153671941 0 1 0 0 2 22 0 142 24 142
X 153737267 0 1 0 0 3 75 0 184 78 184
X 153770129 0 1 0 0 2 44 0 168 46 168
X 153770688 0 1 0 0 2 47 0 179 49 179
X 153774372 0 1 0 0 2 40 0 171 42 171
X 153796525 0 1 0 0 2 37 0 156 39 156
X 153863805 0 1 0 0 2 14 0 105 16 105
X 153867496 0 1 0 0 2 38 0 152 40 152
X 153873274 0 1 0 0 2 30 0 138 32 138
X 153909416 0 1 0 1 4 35 9 159 39 168
X 153910151 0 1 0 0 2 23 0 126 25 126
X 153918923 0 1 0 0 2 41 0 187 43 187
X 153926013 0 1 0 0 2 19 0 85 21 85
X 153940199 0 1 0 0 2 39 0 146 41 146
X 153949434 0 1 0 0 2 40 0 176 42 176
X 153951928 0 1 0 0 2 27 0 150 29 150
X 153955431 0 1 0 0 2 44 0 185 46 185
X 154097603 0 1 0 0 2 18 0 93 20 93
X 154329724 0 1 0 0 2 30 0 139 32 139
X 154352392 0 1 0 0 2 45 0 188 47 188
X 154360309 0 1 0 0 2 50 0 191 52 191
X 154379597 0 1 0 0 2 32 0 152 34 152
X 154400837 0 1 0 1 13 22 37 106 35 143
X 154405462 0 1 0 0 2 47 0 177 49 177
X 154411978 0 1 0 0 2 45 0 168 47 168
X 154413670 0 1 0 0 2 10 0 55 12 55
X 154420115 0 1 0 0 2 46 0 168 48 168
X 154434476 0 1 0 0 2 20 0 94 22 94
X 154444314 0 1 0 0 2 34 0 135 36 135
X 154448660 0 1 0 0 2 27 0 146 29 146
X 154460586 0 1 0 0 2 41 0 178 43 178
X 154461443 0 1 0 0 2 37 0 163 39 163
X 154464678 0 1 0 0 2 24 0 157 26 157
X 154464782 0 1 0 0 2 31 0 146 33 146
X 154466466 0 1 0 0 2 53 0 195 55 195
X 154469365 0 1 0 0 2 26 0 120 28 120
X 154487969 0 1 0 0 2 37 0 151 39 151
X 154506870 0 1 0 0 2 49 0 176 51 176
X 154508560 0 1 0 0 2 24 0 129 26 129
X 154542417 0 1 0 0 2 37 0 171 39 171
X 154546095 0 1 0 0 4 45 0 155 49 155
X 154653199 0 1 0 0 2 23 0 126 25 126
X 154678250 0 1 0 0 2 37 0 155 39 155
X 154768580 0 1 0 0 2 28 0 151 30 151
X 154784899 0 1 0 0 2 28 0 135 30 135
X 154792189 0 1 0 0 2 40 0 156 42 156
X 154804717 0 1 0 0 2 31 0 139 33 139
X 154823847 0 1 0 0 2 11 0 83 13 83
X 154931044 0 1 0 0 2 43 0 174 45 174
X 154954063 0 1 0 0 2 17 0 92 19 92
X 155047398 0 1 0 0 2 49 0 189 51 189
X 155228375 0 1 0 1 6 15 9 133 21 142
X 155985395 0 1 0 1 6 20 25 82 26 107
X 155985430 0 1 0 1 3 25 12 110 28 122
X 155985435 0 1 0 1 2 25 12 109 27 121
X 155985447 0 1 0 1 2 21 10 110 23 120
X 155985708 0 1 0 1 5 12 21 39 17 60
X 155985886 0 1 0 1 4 6 21 29 10 50
X 156004557 0 1 0 0 2 8 0 41 10 41
