chr pos bloodGT1 bloodGT2 tumorGT1 tumorGT2 AN BN AT BT sN sT
15 19987717 0 1 0 1 7 12 40 47 19 87
15 19987988 0 1 0 1 7 42 18 113 49 131
15 19987989 0 1 0 1 8 42 18 112 50 130
15 19988036 0 1 0 1 26 54 45 133 80 178
15 19988085 0 1 0 1 25 48 39 130 73 169
15 19988087 0 1 0 1 23 49 37 129 72 166
15 19988096 0 1 0 1 22 52 33 126 74 159
15 19988106 0 1 0 1 16 46 25 123 62 148
15 19988109 0 1 0 1 14 43 23 121 57 144
15 19988124 0 1 0 1 8 35 14 112 43 126
15 20228502 0 1 0 1 9 6 9 29 15 38
15 20228931 0 1 0 1 13 34 25 80 47 105
15 20240734 0 1 0 1 25 85 39 127 110 166
15 20240790 0 1 0 1 59 66 80 108 125 188
15 20240794 0 1 0 1 32 93 30 155 125 185
15 20242734 0 1 0 1 7 18 16 40 25 56
15 20244799 0 1 0 1 2 27 10 59 29 69
15 20244844 0 1 0 0 8 59 0 118 67 118
15 20244988 0 1 0 1 29 86 27 145 115 172
15 20244989 0 1 0 1 23 64 32 112 87 144
15 20248572 0 1 0 1 3 27 9 37 30 46
15 20248643 0 1 0 1 23 29 74 36 52 110
15 20248660 0 1 0 1 18 35 44 71 53 115
15 20251347 0 1 0 1 12 23 36 51 35 87
15 20251487 0 1 0 1 10 54 35 127 64 162
15 20251490 0 1 0 1 14 49 40 121 63 161
15 20251902 0 1 0 1 5 16 6 72 21 78
15 20251904 0 1 0 1 5 17 6 74 22 80
15 20252038 0 1 0 1 29 63 26 117 92 143
15 20257350 0 1 0 1 16 35 38 76 51 114
15 20257360 0 1 0 1 10 42 15 103 52 118
15 20257437 0 1 0 1 31 33 60 82 64 142
15 20257467 0 1 0 1 7 49 23 111 56 134
15 20259607 0 1 0 1 8 34 16 80 42 96
15 20261263 0 1 0 1 3 29 3 70 32 73
15 20261847 0 1 0 1 16 49 18 122 65 140
15 20262741 0 1 0 1 10 13 26 32 23 58
15 20276629 0 1 0 1 7 14 34 41 21 75
15 20283617 0 1 0 1 14 69 19 143 83 162
15 20383310 0 1 0 1 12 21 23 64 33 87
15 20383452 0 1 0 1 37 60 66 111 97 177
15 20438632 0 1 0 1 10 13 28 46 23 74
15 20572602 0 1 0 1 4 14 27 25 18 52
15 20669470 0 1 0 1 11 34 27 60 45 87
15 20669598 0 1 0 1 63 55 96 102 118 198
15 20671186 0 1 0 1 71 57 91 98 128 189
15 20671210 0 1 0 1 28 82 35 134 110 169
15 20901204 0 1 0 1 8 13 23 45 21 68
15 21259982 0 1 0 1 8 57 27 70 65 97
15 21260082 0 1 0 1 56 65 82 83 121 165
15 21294424 0 1 0 1 3 9 13 17 12 30
15 22279414 0 1 0 1 5 15 19 33 20 52
15 22360836 0 1 0 1 20 48 50 97 68 147
15 22371869 0 1 0 1 7 15 31 44 22 75
15 22371922 0 1 0 1 4 9 17 32 13 49
15 22372693 0 1 0 1 8 28 23 65 36 88
15 22372723 0 1 0 1 3 13 7 33 16 40
15 22690899 0 1 0 1 19 96 22 164 115 186
15 22691174 0 1 0 1 9 39 22 109 48 131
15 22727158 0 1 0 1 9 15 31 35 24 66
15 22813674 0 1 0 1 34 43 78 83 77 161
15 22820436 0 1 0 1 17 23 57 62 40 119
15 22903836 0 1 0 1 65 40 88 103 105 191
15 22912200 0 1 0 1 42 47 71 102 89 173
15 22912368 0 1 0 1 6 9 24 24 15 48
15 22914917 0 1 0 1 8 13 24 18 21 42
15 22917857 0 1 0 1 21 36 58 79 57 137
15 22939377 0 1 0 1 45 31 81 99 76 180
15 22943162 0 1 0 1 15 16 39 45 31 84
15 22943163 0 1 0 1 15 16 40 45 31 85
15 22944531 0 1 0 1 25 15 57 37 40 94
15 22946839 0 1 0 1 25 24 56 70 49 126
15 23005498 0 1 0 1 47 54 81 110 101 191
15 23026171 0 1 0 1 39 25 85 74 64 159
15 23166310 0 1 0 1 2 13 7 33 15 40
15 23180332 0 1 0 1 2 27 3 60 29 63
15 23180555 0 1 0 1 21 39 30 101 60 131
15 23180797 0 1 0 1 4 20 11 75 24 86
15 23180857 0 1 0 1 6 4 22 18 10 40
15 23181339 0 1 0 1 6 54 19 113 60 132
15 23181378 0 1 0 1 6 43 11 94 49 105
15 23181510 0 1 0 1 8 13 18 46 21 64
15 23181606 0 1 0 1 5 15 14 38 20 52
15 23439870 0 1 0 0 2 15 0 78 17 78
15 23439896 0 1 0 1 3 13 10 50 16 60
15 23439933 0 1 0 1 2 11 6 45 13 51
15 23439934 0 1 0 1 4 10 30 27 14 57
15 23439960 0 1 0 1 5 6 16 16 11 32
15 23440328 0 1 0 1 23 14 50 29 37 79
15 23440370 0 1 0 1 25 34 59 89 59 148
15 23440436 0 1 0 1 18 18 39 69 36 108
15 23440458 0 1 0 1 11 15 23 59 26 82
15 23440471 0 1 0 1 6 15 14 59 21 73
15 23440472 0 1 0 1 7 13 14 59 20 73
15 23440500 0 1 0 1 3 9 22 40 12 62
15 23440748 0 1 0 1 11 13 36 57 24 93
15 23440752 0 1 0 1 2 24 12 83 26 95
15 23440757 0 1 0 1 2 26 16 86 28 102
15 23440766 0 1 0 1 3 29 20 86 32 106
15 23440773 0 1 0 1 4 28 21 84 32 105
15 23440775 0 1 0 1 4 28 22 86 32 108
15 23440796 0 1 0 1 7 23 23 84 30 107
15 23440799 0 1 0 1 6 21 20 84 27 104
15 23440805 0 1 0 1 5 22 16 89 27 105
15 23440808 0 1 0 1 4 25 14 89 29 103
15 23440915 0 1 0 1 21 18 29 76 39 105
15 23440966 0 1 0 1 16 38 23 97 54 120
15 23440996 0 1 0 1 6 34 15 98 40 113
15 23565820 0 1 0 0 2 24 0 108 26 108
15 23610543 0 1 0 1 8 7 15 27 15 42
15 23610550 0 1 0 1 10 9 18 29 19 47
15 24676003 0 1 0 1 12 11 48 40 23 88
15 25075950 0 1 0 1 40 30 43 89 70 132
15 25094234 0 1 0 0 3 75 0 145 78 145
15 25169290 0 1 0 1 10 12 19 33 22 52
15 25169298 0 1 0 1 10 14 20 34 24 54
15 25169506 0 1 0 1 12 10 20 27 22 47
15 25170612 0 1 0 1 5 12 13 15 17 28
15 25170662 0 1 0 1 8 17 43 32 25 75
15 25170856 0 1 0 1 26 26 85 60 52 145
15 25170910 0 1 0 1 16 13 46 28 29 74
15 25203355 0 1 0 0 2 30 0 130 32 130
15 25230765 0 1 0 0 2 15 0 59 17 59
15 25339138 0 1 0 1 7 3 15 19 10 34
15 25371821 0 1 0 0 2 13 0 52 15 52
15 25679947 0 1 0 1 23 23 47 58 46 105
15 25680921 0 1 0 0 2 32 0 118 34 118
15 25681039 0 1 0 1 22 15 59 60 37 119
15 25691886 0 1 0 1 17 21 49 48 38 97
15 25713650 0 1 0 1 31 28 52 58 59 110
15 26015303 0 1 0 1 8 10 24 16 18 40
15 26015330 0 1 0 1 7 10 19 23 17 42
15 26583504 0 1 0 1 3 7 22 22 10 44
15 26621591 0 1 0 1 3 9 16 19 12 35
15 26642667 0 1 0 1 40 48 76 75 88 151
15 26642732 0 1 0 1 23 16 34 36 39 70
15 26816265 0 1 0 1 6 5 20 16 11 36
15 26937065 0 1 0 1 10 14 28 36 24 64
15 26937210 0 1 0 1 56 49 105 85 105 190
15 26939288 0 1 0 1 54 44 87 96 98 183
15 26939335 0 1 0 1 51 42 80 100 93 180
15 26939370 0 1 0 1 28 40 62 83 68 145
15 26943206 0 1 0 1 18 15 24 36 33 60
15 26943312 0 1 0 1 35 36 68 97 71 165
15 26948199 0 1 0 0 2 14 0 82 16 82
15 27026642 0 1 0 1 29 28 62 80 57 142
15 27645213 0 1 0 1 28 25 58 61 53 119
15 27845027 0 1 0 1 46 52 84 99 98 183
15 27851392 0 1 0 1 18 12 52 51 30 103
15 27871027 0 1 0 1 16 6 30 20 22 50
15 27896158 0 1 0 1 9 4 17 23 13 40
15 27951675 0 1 0 1 8 5 21 22 13 43
15 27955262 0 1 0 1 14 17 54 62 31 116
15 27966612 0 1 0 1 13 5 17 26 18 43
15 27966775 0 1 0 1 9 10 32 30 19 62
15 27983498 0 1 0 1 22 23 56 82 45 138
15 27985172 0 1 0 1 50 59 75 109 109 184
15 27986647 0 1 0 1 22 23 76 60 45 136
15 27990627 0 1 0 1 39 45 86 80 84 166
15 28141480 0 1 0 1 34 27 66 80 61 146
15 28167726 0 1 0 1 32 34 74 86 66 160
15 28186521 0 1 0 0 2 9 0 43 11 43
15 28191915 0 1 0 1 11 13 29 26 24 55
15 28214061 0 1 0 0 2 38 0 138 40 138
15 28233653 0 1 0 1 27 20 53 50 47 103
15 28257133 0 1 0 1 19 33 66 70 52 136
15 28547897 0 1 0 1 4 23 12 51 27 63
15 28679515 0 1 0 1 6 23 14 75 29 89
15 28764165 0 1 0 1 7 20 20 74 27 94
15 28798340 0 1 0 1 7 14 18 26 21 44
15 28808374 0 1 0 1 36 40 53 49 76 102
15 28844317 0 1 0 0 2 9 0 37 11 37
15 29054816 0 1 0 1 9 7 15 42 16 57
15 29076018 0 1 0 1 24 26 64 50 50 114
15 29098655 0 1 0 1 18 11 47 35 29 82
15 29098712 0 1 0 1 9 4 25 14 13 39
15 29101806 0 1 0 1 36 39 72 87 75 159
15 29106578 0 1 0 1 8 19 35 38 27 73
15 29106945 0 1 0 1 3 8 17 21 11 38
15 29123357 0 1 0 1 41 83 79 114 124 193
15 29123495 0 1 0 1 47 55 67 116 102 183
15 29124896 0 1 0 1 18 12 49 42 30 91
15 29136353 0 1 0 1 13 11 44 26 24 70
15 30005534 0 1 0 1 21 14 62 54 35 116
15 30044647 0 1 0 1 21 26 44 46 47 90
15 30045174 0 1 0 1 25 25 78 64 50 142
15 30224328 0 1 0 1 34 13 90 39 47 129
15 30407956 0 1 0 1 2 77 4 169 79 173
15 30750575 0 1 0 1 16 45 26 110 61 136
15 30755885 0 1 0 1 6 5 24 28 11 52
15 30756038 0 1 0 1 7 7 35 43 14 78
15 30767912 0 1 0 1 17 19 33 48 36 81
15 30815466 0 1 0 1 5 15 37 46 20 83
15 30827658 0 1 0 1 4 9 17 26 13 43
15 30836834 0 1 0 1 29 17 57 45 46 102
15 30837008 0 1 0 1 12 5 18 25 17 43
15 30883066 0 1 0 1 20 17 64 71 37 135
15 30905361 0 1 0 1 33 31 74 67 64 141
15 30910890 0 1 0 1 7 9 15 24 16 39
15 30925961 0 1 0 1 28 21 40 66 49 106
15 30937217 0 1 0 1 29 31 67 83 60 150
15 30946580 0 1 0 1 21 18 58 41 39 99
15 30951880 0 1 0 1 24 49 62 80 73 142
15 30959163 0 1 0 1 7 7 27 18 14 45
15 30974944 0 1 0 1 12 15 54 64 27 118
15 30991641 0 1 0 1 8 6 16 20 14 36
15 31002948 0 1 0 1 43 31 67 86 74 153
15 31026364 0 1 0 1 3 8 32 31 11 63
15 31037741 0 1 0 1 47 49 95 91 96 186
15 31038077 0 1 0 1 38 38 57 111 76 168
15 31038110 0 1 0 1 39 37 66 105 76 171
15 31040036 0 1 0 1 5 6 16 27 11 43
15 31046297 0 1 0 1 8 9 40 30 17 70
15 31050295 0 1 0 1 4 9 26 15 13 41
15 31064935 0 1 0 1 17 7 30 27 24 57
15 31065227 0 1 0 1 6 9 30 30 15 60
15 31067000 0 1 0 1 15 23 66 39 38 105
15 31070149 0 1 0 1 17 10 53 52 27 105
15 31076920 0 1 0 1 38 30 77 88 68 165
15 31077020 0 1 0 1 40 36 62 87 76 149
15 31160853 0 1 0 1 24 40 67 68 64 135
15 31327404 0 1 0 1 14 7 28 26 21 54
15 31454117 0 1 0 1 4 8 5 25 12 30
15 31484634 0 1 0 1 43 73 88 99 116 187
15 31530859 0 1 0 1 13 7 18 20 20 38
15 31570234 0 1 0 1 22 25 53 58 47 111
15 31570245 0 1 0 1 17 22 42 54 39 96
15 31637946 0 1 0 1 7 10 25 29 17 54
15 31649775 0 1 0 1 14 6 15 47 20 62
15 31649858 0 1 0 0 2 12 0 52 14 52
15 31649870 0 1 0 1 10 4 26 20 14 46
15 31655038 0 1 0 1 28 16 50 59 44 109
15 32315055 0 1 0 1 28 70 35 148 98 183
15 32384361 0 1 0 1 6 5 19 22 11 41
15 32428092 0 1 0 1 4 10 10 18 14 28
15 32428099 0 1 0 1 4 10 11 19 14 30
15 32499785 0 1 0 1 6 11 13 41 17 54
15 32499789 0 1 0 1 8 11 23 35 19 58
15 32499834 0 1 0 1 14 19 42 65 33 107
15 32625534 0 1 0 1 54 44 62 84 98 146
15 32718282 0 1 0 1 42 52 73 92 94 165
15 32774381 0 1 0 1 10 17 41 48 27 89
15 32799080 0 1 0 1 7 5 18 28 12 46
15 32910401 0 1 0 1 7 5 12 26 12 38
15 33065061 0 1 0 1 18 29 67 58 47 125
15 33067373 0 1 0 1 26 25 68 90 51 158
15 33154057 0 1 0 1 28 42 73 98 70 171
15 33154110 0 1 0 1 25 41 69 90 66 159
15 33473602 0 1 0 1 5 10 23 18 15 41
15 33548213 0 1 0 1 14 20 50 55 34 105
15 33579976 0 1 0 1 11 12 50 48 23 98
15 33584248 0 1 0 1 9 10 24 22 19 46
15 33623852 0 1 0 1 40 31 69 73 71 142
15 33633163 0 1 0 1 32 31 56 60 63 116
15 33635563 0 1 0 1 9 10 26 25 19 51
15 33636584 0 1 0 1 11 7 31 32 18 63
15 33722712 0 1 0 1 19 19 55 36 38 91
15 33738686 0 1 0 1 8 13 38 28 21 66
15 33738703 0 1 0 1 5 11 26 21 16 47
15 33739930 0 1 0 1 39 54 93 92 93 185
15 33740024 0 1 0 1 37 27 52 65 64 117
15 33757414 0 1 0 1 23 31 63 46 54 109
15 33768539 0 1 0 1 15 15 50 34 30 84
15 33818558 0 1 0 1 16 24 54 57 40 111
15 33820624 0 1 0 1 21 19 49 46 40 95
15 33820664 0 1 0 1 27 28 68 76 55 144
15 33820705 0 1 0 1 39 27 70 88 66 158
15 33820809 0 1 0 1 20 36 70 56 56 126
15 33820853 0 1 0 1 21 11 49 47 32 96
15 33821335 0 1 0 1 25 20 63 63 45 126
15 33821391 0 1 0 1 24 30 75 72 54 147
15 33840674 0 1 0 1 13 19 33 43 32 76
15 33840929 0 1 0 1 9 13 34 32 22 66
15 33860508 0 1 0 0 3 16 0 47 19 47
15 34236747 0 1 0 1 26 40 77 71 66 148
15 34243929 0 1 0 1 19 17 55 53 36 108
15 34250854 0 1 0 1 15 12 47 44 27 91
15 34336369 0 1 0 1 8 6 27 29 14 56
15 34342123 0 1 0 1 45 58 80 102 103 182
15 34342233 0 1 0 1 9 11 37 25 20 62
15 34343662 0 1 0 1 35 33 71 62 68 133
15 34355611 0 1 0 1 11 25 63 66 36 129
15 34360078 0 1 0 0 2 14 0 71 16 71
15 34362891 0 1 0 1 7 5 23 16 12 39
15 34556545 0 1 0 1 30 60 43 91 90 134
15 34753075 0 1 0 1 20 36 75 83 56 158
15 34753111 0 1 0 1 27 34 76 92 61 168
15 34754615 0 1 0 1 7 12 27 27 19 54
15 34875855 0 1 0 1 10 11 16 35 21 51
15 34893613 0 1 0 1 2 10 6 55 12 61
15 34915182 0 1 0 1 3 25 2 56 28 58
15 34938723 0 1 0 1 23 11 56 54 34 110
15 35084835 0 1 0 1 8 11 21 27 19 48
15 36579756 0 1 0 1 20 14 39 44 34 83
15 36618981 0 1 0 1 5 6 14 24 11 38
15 36653975 0 1 0 1 46 34 74 68 80 142
15 36654102 0 1 0 1 52 44 90 89 96 179
15 36692090 0 1 0 1 12 28 59 34 40 93
15 36697268 0 1 0 1 43 42 67 89 85 156
15 36734364 0 1 0 1 13 8 23 21 21 44
15 36808365 0 1 0 0 2 33 0 121 35 121
15 37083737 0 1 0 1 22 38 45 86 60 131
15 37095770 0 1 0 1 12 5 31 26 17 57
15 37098239 0 1 0 1 9 7 23 28 16 51
15 37253997 0 1 0 1 18 12 45 56 30 101
15 37941100 0 1 0 1 19 21 44 42 40 86
15 38458786 0 1 0 1 15 15 47 43 30 90
15 38465311 0 1 0 0 2 26 0 96 28 96
15 38502365 0 1 0 1 48 42 96 94 90 190
15 38565430 0 1 0 1 16 13 54 55 29 109
15 39252311 0 1 0 1 33 36 78 85 69 163
15 39584211 0 1 0 1 28 33 68 81 61 149
15 39587316 0 1 0 1 54 56 68 88 110 156
15 39587516 0 1 0 1 32 34 74 59 66 133
15 39587546 0 1 0 1 31 19 54 52 50 106
15 39588157 0 1 0 1 23 34 83 79 57 162
15 39588621 0 1 0 1 10 11 41 53 21 94
15 39595647 0 1 0 1 4 8 25 33 12 58
15 39617851 0 1 0 1 43 57 81 97 100 178
15 39618203 0 1 0 1 10 4 25 28 14 53
15 39801691 0 1 0 0 3 72 0 177 75 177
15 40039001 0 1 0 1 47 48 98 78 95 176
15 40209558 0 1 0 1 3 11 2 25 14 27
15 40264380 0 1 0 1 27 23 51 40 50 91
15 40264453 0 1 0 1 52 50 98 67 102 165
15 40264484 0 1 0 1 55 54 78 104 109 182
15 40264512 0 1 0 1 47 55 83 98 102 181
15 40264751 0 1 0 1 11 17 47 48 28 95
15 40264752 0 1 0 1 12 18 45 49 30 94
15 40265801 0 1 0 1 13 16 64 43 29 107
15 40265863 0 1 0 1 37 45 88 78 82 166
15 40266281 0 1 0 1 33 28 71 89 61 160
15 40266543 0 1 0 1 14 21 57 54 35 111
15 40281474 0 1 0 1 11 7 27 29 18 56
15 40282265 0 1 0 0 2 33 0 124 35 124
15 40289964 0 1 0 1 19 35 37 63 54 100
15 40289966 0 1 0 1 22 34 45 57 56 102
15 40291963 0 1 0 1 47 37 75 96 84 171
15 40296801 0 1 0 1 28 27 64 59 55 123
15 40298064 0 1 0 1 25 21 60 57 46 117
15 40337872 0 1 0 1 17 18 52 55 35 107
15 40339983 0 1 0 0 2 36 0 137 38 137
15 40363779 0 1 0 1 14 24 65 67 38 132
15 40367236 0 1 0 1 37 30 91 78 67 169
15 40391501 0 1 0 1 24 18 56 54 42 110
15 40393017 0 1 0 0 3 19 0 42 22 42
15 40458796 0 1 0 0 2 37 0 143 39 143
15 40459356 0 1 0 1 50 37 100 72 87 172
15 40534831 0 1 0 1 28 30 76 52 58 128
15 40557209 0 1 0 1 25 27 54 60 52 114
15 40606445 0 1 0 1 7 8 33 41 15 74
15 40620928 0 1 0 0 2 18 0 75 20 75
15 40621642 0 1 0 1 26 27 62 64 53 126
15 40621979 0 1 0 1 27 22 78 76 49 154
15 40622574 0 1 0 1 55 49 85 93 104 178
15 40622847 0 1 0 1 26 28 59 62 54 121
15 40622992 0 1 0 1 44 47 74 93 91 167
15 40623696 0 1 0 1 56 52 79 109 108 188
15 40654825 0 1 0 1 5 6 10 21 11 31
15 40657328 0 1 0 1 9 16 49 44 25 93
15 40773692 0 1 0 1 10 6 37 50 16 87
15 40773746 0 1 0 0 2 25 0 117 27 117
15 40808947 0 1 0 1 10 5 24 21 15 45
15 40812619 0 1 0 1 5 9 29 18 14 47
15 40812676 0 1 0 1 19 21 66 50 40 116
15 40813460 0 1 0 1 15 14 44 53 29 97
15 40932082 0 1 0 1 14 10 34 30 24 64
15 41027646 0 1 0 1 20 27 73 73 47 146
15 41504703 0 1 0 1 40 46 94 89 86 183
15 41512917 0 1 0 1 34 35 73 97 69 170
15 41521081 0 1 0 1 35 30 75 87 65 162
15 41521974 0 1 0 1 10 6 38 24 16 62
15 41523451 0 1 0 1 7 11 42 49 18 91
15 41523992 0 1 0 1 39 40 80 90 79 170
15 41525169 0 1 0 1 34 40 76 80 74 156
15 41527085 0 1 0 1 21 36 87 82 57 169
15 41527124 0 1 0 1 33 24 85 87 57 172
15 41527169 0 1 0 1 29 31 92 79 60 171
15 41527518 0 1 0 1 23 17 73 66 40 139
15 41527800 0 1 0 1 7 9 25 21 16 46
15 41529554 0 1 0 1 12 19 38 46 31 84
15 41536373 0 1 0 1 7 4 23 10 11 33
15 41537032 0 1 0 1 32 30 69 92 62 161
15 41564345 0 1 0 1 4 6 22 26 10 48
15 41565018 0 1 0 1 8 11 26 31 19 57
15 41568292 0 1 0 1 9 4 16 32 13 48
15 41570491 0 1 0 1 11 12 34 45 23 79
15 41570603 0 1 0 1 6 29 20 113 35 133
15 41570983 0 1 0 1 28 29 70 67 57 137
15 41573290 0 1 0 1 42 38 79 91 80 170
15 41573327 0 1 0 1 23 94 39 161 117 200
15 41740185 0 1 0 1 8 10 29 33 18 62
15 41750299 0 1 0 0 3 108 0 191 111 191
15 41761658 0 1 0 0 2 15 0 61 17 61
15 41811624 0 1 0 1 37 39 65 99 76 164
15 41813720 0 1 0 1 47 73 78 113 120 191
15 41817777 0 1 0 1 50 64 99 90 114 189
15 41822216 0 1 0 1 23 18 60 65 41 125
15 41823549 0 1 0 1 41 58 81 112 99 193
15 41824705 0 1 0 1 24 27 43 66 51 109
15 41828239 0 1 0 1 19 15 48 50 34 98
15 41835245 0 1 0 1 6 5 21 28 11 49
15 41835536 0 1 0 1 12 9 32 29 21 61
15 41836370 0 1 0 1 25 29 73 63 54 136
15 41836657 0 1 0 1 10 8 34 32 18 66
15 41836960 0 1 0 1 25 24 67 56 49 123
15 41836978 0 1 0 1 25 23 69 57 48 126
15 41837175 0 1 0 1 13 19 50 38 32 88
15 41840002 0 1 0 1 11 13 32 29 24 61
15 41840698 0 1 0 1 33 23 80 66 56 146
15 41845575 0 1 0 1 11 11 29 28 22 57
15 41845623 0 1 0 1 30 26 58 60 56 118
15 41846258 0 1 0 1 61 65 96 96 126 192
15 41851053 0 1 0 1 29 52 100 83 81 183
15 41851399 0 1 0 1 14 10 33 24 24 57
15 41852282 0 1 0 1 11 14 61 56 25 117
15 41852781 0 1 0 1 29 51 47 92 80 139
15 41853222 0 1 0 1 16 20 44 45 36 89
15 41853738 0 1 0 1 13 11 38 47 24 85
15 41856538 0 1 0 1 15 17 50 60 32 110
15 41856632 0 1 0 1 18 14 56 56 32 112
15 41857054 0 1 0 1 10 13 50 34 23 84
15 41857274 0 1 0 1 7 7 22 35 14 57
15 41857398 0 1 0 1 20 11 73 50 31 123
15 41858690 0 1 0 1 31 36 86 80 67 166
15 41863643 0 1 0 1 19 14 45 36 33 81
15 41866830 0 1 0 0 2 9 0 41 11 41
15 41868437 0 1 0 1 11 9 38 35 20 73
15 41870269 0 1 0 1 13 19 37 46 32 83
15 41870515 0 1 0 1 42 40 88 81 82 169
15 41875070 0 1 0 1 20 25 65 69 45 134
15 41876202 0 1 0 1 30 35 73 92 65 165
15 41879264 0 1 0 1 9 19 54 38 28 92
15 41879456 0 1 0 1 31 22 63 62 53 125
15 41879457 0 1 0 1 30 24 60 62 54 122
15 41879602 0 1 0 1 6 4 21 20 10 41
15 41880071 0 1 0 1 24 17 51 63 41 114
15 41890244 0 1 0 1 14 19 41 42 33 83
15 41895294 0 1 0 1 42 39 80 99 81 179
15 41900687 0 1 0 1 34 31 72 70 65 142
15 41909674 0 1 0 1 5 14 34 20 19 54
15 41983978 0 1 0 1 5 8 23 17 13 40
15 41987400 0 1 0 1 6 13 23 25 19 48
15 41989521 0 1 0 1 30 40 86 90 70 176
15 41989607 0 1 0 1 24 20 34 54 44 88
15 41997183 0 1 0 0 2 32 0 128 34 128
15 41997324 0 1 0 1 9 11 36 31 20 67
15 42000319 0 1 0 1 6 5 27 17 11 44
15 42004848 0 1 0 1 28 23 82 54 51 136
15 42004894 0 1 0 1 21 24 56 85 45 141
15 42010235 0 1 0 1 18 35 55 99 53 154
15 42010239 0 1 0 1 17 35 59 97 52 156
15 42070623 0 1 0 1 17 17 37 32 34 69
15 42071571 0 1 0 1 16 14 38 36 30 74
15 42081234 0 1 0 1 7 3 25 17 10 42
15 42085546 0 1 0 1 17 19 56 66 36 122
15 42118801 0 1 0 0 2 14 0 56 16 56
15 42147871 0 1 0 1 3 11 17 17 14 34
15 42149988 0 1 0 1 17 12 42 34 29 76
15 42150224 0 1 0 1 10 13 34 43 23 77
15 42150543 0 1 0 1 29 35 76 85 64 161
15 42150625 0 1 0 1 21 38 82 80 59 162
15 42153356 0 1 0 1 24 24 68 90 48 158
15 42153456 0 1 0 1 18 11 50 61 29 111
15 42153481 0 1 0 1 18 10 53 55 28 108
15 42153526 0 1 0 1 21 13 51 51 34 102
15 42166836 0 1 0 1 35 20 71 65 55 136
15 42199987 0 1 0 1 2 9 13 20 11 33
15 42231919 0 1 0 1 42 24 64 76 66 140
15 42236478 0 1 0 1 25 19 56 67 44 123
15 42236541 0 1 0 1 10 5 25 29 15 54
15 42272171 0 1 0 1 14 20 38 40 34 78
15 42274548 0 1 0 1 27 26 71 63 53 134
15 42278520 0 1 0 1 47 58 94 94 105 188
15 42287786 0 1 0 1 56 51 98 93 107 191
15 42287908 0 1 0 1 15 13 26 34 28 60
15 42351331 0 1 0 1 12 20 50 56 32 106
15 42351340 0 1 0 1 16 21 60 55 37 115
15 42392482 0 1 0 1 6 8 32 18 14 50
15 42399466 0 1 0 1 25 36 66 70 61 136
15 42403677 0 1 0 1 13 7 38 31 20 69
15 42403960 0 1 0 1 4 8 15 17 12 32
15 42411208 0 1 0 1 14 22 53 37 36 90
15 42417800 0 1 0 1 13 7 46 39 20 85
15 42417979 0 1 0 1 31 24 50 51 55 101
15 42418021 0 1 0 1 15 9 24 29 24 53
15 42428090 0 1 0 1 20 33 65 68 53 133
15 42451896 0 1 0 1 37 49 82 97 86 179
15 42457278 0 1 0 1 8 5 27 27 13 54
15 42528253 0 1 0 1 12 9 23 38 21 61
15 42528323 0 1 0 1 24 29 57 71 53 128
15 42528391 0 1 0 1 24 29 64 77 53 141
15 42545299 0 1 0 1 11 16 26 28 27 54
15 42558182 0 1 0 1 23 21 40 40 44 80
15 42559266 0 1 0 1 4 8 21 21 12 42
15 42634815 0 1 0 0 2 12 0 48 14 48
15 42690174 0 1 0 1 19 33 75 59 52 134
15 42695117 0 1 0 0 2 8 0 34 10 34
15 42731129 0 1 0 1 59 64 79 111 123 190
15 42735221 0 1 0 0 3 70 0 168 73 168
15 42794539 0 1 0 1 10 5 31 14 15 45
15 42817187 0 1 0 1 15 23 42 45 38 87
15 43116137 0 1 0 1 12 10 24 34 22 58
15 43185915 0 1 0 1 17 22 57 68 39 125
15 43186313 0 1 0 1 24 25 63 76 49 139
15 43210328 0 1 0 1 36 35 74 79 71 153
15 43239213 0 1 0 1 37 23 72 82 60 154
15 43253530 0 1 0 1 8 9 32 18 17 50
15 43266857 0 1 0 0 3 44 0 127 47 127
15 43276801 0 1 0 1 10 11 32 40 21 72
15 43279192 0 1 0 1 14 12 53 51 26 104
15 43287314 0 1 0 1 10 8 43 27 18 70
15 43287368 0 1 0 1 15 28 51 67 43 118
15 43292707 0 1 0 1 13 16 48 51 29 99
15 43293322 0 1 0 1 6 7 24 13 13 37
15 43329749 0 1 0 1 33 31 87 80 64 167
15 43330067 0 1 0 1 39 47 84 98 86 182
15 43335657 0 1 0 1 24 15 55 63 39 118
15 43340351 0 1 0 1 60 37 70 96 97 166
15 43342938 0 1 0 1 11 8 21 17 19 38
15 43345787 0 1 0 1 9 15 28 38 24 66
15 43366848 0 1 0 1 29 29 61 60 58 121
15 43369604 0 1 0 1 32 38 88 83 70 171
15 43401910 0 1 0 1 35 19 59 47 54 106
15 43598936 0 1 0 0 4 95 0 176 99 176
15 43631544 0 1 0 0 2 8 0 33 10 33
15 43696406 0 1 0 1 18 30 61 77 48 138
15 43697320 0 1 0 1 73 84 87 101 157 188
15 43697332 0 1 0 1 78 78 97 93 156 190
15 43703591 0 1 0 1 4 11 21 15 15 36
15 43729303 0 1 0 1 21 19 47 47 40 94
15 43732292 0 1 0 1 8 6 22 21 14 43
15 43746701 0 1 0 1 32 42 77 92 74 169
15 43751595 0 1 0 1 14 18 54 49 32 103
15 43761419 0 1 0 1 7 9 24 19 16 43
15 43761689 0 1 0 1 14 11 28 36 25 64
15 43768685 0 1 0 1 9 9 19 26 18 45
15 43769604 0 1 0 1 21 27 48 54 48 102
15 43775787 0 1 0 1 29 36 69 75 65 144
15 43776871 0 1 0 1 32 39 90 87 71 177
15 43797024 0 1 0 1 14 8 25 31 22 56
15 43798600 0 1 0 1 21 10 21 20 31 41
15 43799188 0 1 0 1 14 5 19 35 19 54
15 43801729 0 1 0 1 36 38 75 59 74 134
15 43809812 0 1 0 1 39 61 82 110 100 192
15 43814426 0 1 0 1 21 22 48 61 43 109
15 43858865 0 1 0 1 25 32 53 71 57 124
15 43873029 0 1 0 1 6 5 17 14 11 31
15 43883905 0 1 0 1 21 35 62 49 56 111
15 43884904 0 1 0 1 14 26 61 42 40 103
15 43989823 0 1 0 1 9 10 17 35 19 52
15 44583904 0 1 0 0 2 32 0 138 34 138
15 44608477 0 1 0 1 22 14 47 66 36 113
15 44672495 0 1 0 1 46 38 72 89 84 161
15 44839510 0 1 0 1 7 38 12 105 45 117
15 44839511 0 1 0 1 6 38 13 105 44 118
15 45061167 0 1 0 1 46 52 93 95 98 188
15 45065211 0 1 0 1 6 17 33 38 23 71
15 45104051 0 1 0 0 3 50 0 123 53 123
15 45117082 0 1 0 0 2 19 0 75 21 75
15 45253280 0 1 0 1 31 38 74 74 69 148
15 45262069 0 1 0 1 60 53 84 104 113 188
15 45265081 0 1 0 0 2 29 0 119 31 119
15 45265258 0 1 0 1 20 13 44 46 33 90
15 45265270 0 1 0 1 18 13 36 48 31 84
15 45272257 0 1 0 1 24 20 75 59 44 134
15 45275331 0 1 0 1 37 28 74 70 65 144
15 45362129 0 1 0 1 27 32 71 59 59 130
15 45369480 0 1 0 1 43 41 77 72 84 149
15 45376857 0 1 0 1 8 10 31 34 18 65
15 45402318 0 1 0 1 10 14 30 31 24 61
15 45402381 0 1 0 1 19 43 68 67 62 135
15 45402412 0 1 0 1 32 50 79 86 82 165
15 45403184 0 1 0 1 6 7 30 29 13 59
15 45403497 0 1 0 1 62 37 84 99 99 183
15 45403565 0 1 0 1 55 47 89 91 102 180
15 45414541 0 1 0 1 12 17 35 28 29 63
15 45485146 0 1 0 1 31 28 55 81 59 136
15 45487612 0 1 0 1 30 14 42 70 44 112
15 45566707 0 1 0 1 7 6 25 26 13 51
15 45659168 0 1 0 0 2 8 0 44 10 44
15 45682395 0 1 0 1 12 10 35 30 22 65
15 47761254 0 1 0 1 42 42 94 84 84 178
15 47762341 0 1 0 1 23 20 63 61 43 124
15 47764761 0 1 0 1 40 42 84 89 82 173
15 47765874 0 1 0 1 26 33 65 42 59 107
15 47766017 0 1 0 1 81 60 93 107 141 200
15 47766062 0 1 0 1 83 53 95 101 136 196
15 47766732 0 1 0 1 48 37 75 79 85 154
15 48221475 0 1 0 1 6 14 22 50 20 72
15 48246829 0 1 0 1 22 13 47 42 35 89
15 48247390 0 1 0 1 31 29 57 81 60 138
15 48249503 0 1 0 1 29 44 64 77 73 141
15 48255779 0 1 0 1 34 25 71 70 59 141
15 48291886 0 1 0 1 19 20 58 69 39 127
15 48299070 0 1 0 1 21 20 68 53 41 121
15 48331303 0 1 0 1 20 14 44 51 34 95
15 48331327 0 1 0 1 14 9 39 39 23 78
15 48336044 0 1 0 0 3 62 0 134 65 134
15 48537708 0 1 0 1 24 36 80 74 60 154
15 48791380 0 1 0 1 20 26 36 67 46 103
15 48796001 0 1 0 1 21 28 52 66 49 118
15 48825890 0 1 0 1 12 13 24 32 25 56
15 48851035 0 1 0 1 17 15 30 32 32 62
15 49028066 0 1 0 0 2 17 0 73 19 73
15 49133982 0 1 0 0 2 32 0 126 34 126
15 49169051 0 1 0 1 24 28 57 62 52 119
15 49282153 0 1 0 0 2 11 0 44 13 44
15 49367566 0 1 0 0 2 22 0 82 24 82
15 49795767 0 1 0 1 19 19 46 50 38 96
15 49860077 0 1 0 1 5 15 30 34 20 64
15 49866498 0 1 0 1 49 54 74 115 103 189
15 49897251 0 1 0 1 8 9 33 23 17 56
15 49987465 0 1 0 1 42 46 94 71 88 165
15 49996897 0 1 0 1 10 10 33 37 20 70
15 50018938 0 1 0 1 63 51 96 97 114 193
15 50018951 0 1 0 1 56 50 91 95 106 186
15 50182569 0 1 0 1 41 37 85 88 78 173
15 50182703 0 1 0 1 60 67 109 90 127 199
15 50233833 0 1 0 1 6 10 25 22 16 47
15 50234052 0 1 0 1 21 17 58 62 38 120
15 50263347 0 1 0 1 31 49 77 102 80 179
15 50462160 0 1 0 1 9 7 35 22 16 57
15 50477239 0 1 0 1 7 6 34 28 13 62
15 50492753 0 1 0 1 7 101 21 154 108 175
15 50492758 0 1 0 1 8 98 22 149 106 171
15 50492857 0 1 0 1 2 57 3 142 59 145
15 50498885 0 1 0 0 3 64 0 149 67 149
15 50498887 0 1 0 0 3 65 0 153 68 153
15 50498889 0 1 0 0 3 63 0 154 66 154
15 50637570 0 1 0 1 32 38 78 73 70 151
15 50747694 0 1 0 1 16 25 57 67 41 124
15 50912167 0 1 0 1 54 45 76 112 99 188
15 50915621 0 1 0 1 12 10 31 28 22 59
15 50925164 0 1 0 1 32 24 70 82 56 152
15 50930779 0 1 0 0 2 24 0 95 26 95
15 50945152 0 1 0 1 10 11 26 25 21 51
15 50945660 0 1 0 1 9 6 12 25 15 37
15 51058090 0 1 0 1 64 27 80 102 91 182
15 51210544 0 1 0 0 3 59 0 149 62 149
15 51210647 0 1 0 1 45 40 82 96 85 178
15 51210789 0 1 0 1 42 51 96 91 93 187
15 51211684 0 1 0 1 20 23 56 67 43 123
15 51215311 0 1 0 1 5 15 32 33 20 65
15 51215585 0 1 0 1 27 37 60 59 64 119
15 51218505 0 1 0 1 3 8 21 20 11 41
15 51218671 0 1 0 1 35 31 86 76 66 162
15 51222375 0 1 0 1 39 38 73 96 77 169
15 51228009 0 1 0 1 7 9 25 24 16 49
15 51236915 0 1 0 1 28 19 59 77 47 136
15 51237068 0 1 0 1 16 7 33 39 23 72
15 51377428 0 1 0 1 21 21 54 71 42 125
15 51383428 0 1 0 1 19 19 50 51 38 101
15 51384035 0 1 0 1 31 28 41 74 59 115
15 51488525 0 1 0 1 62 54 86 89 116 175
15 51537615 0 1 0 1 43 52 83 98 95 181
15 51537798 0 1 0 1 6 9 32 28 15 60
15 51622581 0 1 0 1 21 15 48 50 36 98
15 51699257 0 1 0 1 6 9 37 40 15 77
15 51713516 0 1 0 1 9 14 34 40 23 74
15 51725148 0 1 0 1 2 8 20 18 10 38
15 51861265 0 1 0 0 2 18 0 69 20 69
15 51924164 0 1 0 0 2 18 0 70 20 70
15 51947361 0 1 0 1 21 27 53 63 48 116
15 52061301 0 1 0 1 46 49 73 95 95 168
15 52126063 0 1 0 0 2 22 0 90 24 90
15 52391782 0 1 0 1 5 12 25 22 17 47
15 52651817 0 1 0 1 24 42 66 86 66 152
15 53517761 0 1 0 1 30 31 76 74 61 150
15 53609488 0 1 0 1 62 53 96 98 115 194
15 53613582 0 1 0 1 11 5 34 24 16 58
15 53615751 0 1 0 1 40 43 89 78 83 167
15 53702296 0 1 0 1 36 43 70 86 79 156
15 53710894 0 1 0 1 38 43 81 97 81 178
15 54012921 0 1 0 0 2 30 0 113 32 113
15 54048754 0 1 0 1 8 9 29 58 17 87
15 54297731 0 1 0 1 3 8 3 30 11 33
15 54393250 0 1 0 1 10 8 33 24 18 57
15 54393265 0 1 0 1 8 6 27 18 14 45
15 55192628 0 1 0 1 29 47 68 82 76 150
15 55196867 0 1 0 1 35 27 67 99 62 166
15 55196906 0 1 0 1 32 27 69 91 59 160
15 55205493 0 1 0 1 12 12 32 36 24 68
15 55223825 0 1 0 1 23 21 51 64 44 115
15 55321461 0 1 0 1 4 10 31 28 14 59
15 55329691 0 1 0 1 21 17 42 52 38 94
15 55340661 0 1 0 1 30 29 75 66 59 141
15 55360521 0 1 0 1 48 46 107 88 94 195
15 55360647 0 1 0 1 19 26 59 68 45 127
15 55408977 0 1 0 1 15 22 40 32 37 72
15 55418167 0 1 0 1 17 25 62 54 42 116
15 55430674 0 1 0 1 9 5 19 22 14 41
15 55432655 0 1 0 1 3 7 18 31 10 49
15 55439362 0 1 0 1 11 18 47 41 29 88
15 55443315 0 1 0 1 9 5 29 17 14 46
15 55467053 0 1 0 0 2 18 0 68 20 68
15 55588909 0 1 0 1 24 12 36 54 36 90
15 55830149 0 1 0 1 11 8 24 28 19 52
15 55832937 0 1 0 1 20 14 59 53 34 112
15 55832984 0 1 0 1 34 30 71 84 64 155
15 55838491 0 1 0 1 30 26 65 70 56 135
15 55848322 0 1 0 1 8 19 25 74 27 99
15 55848797 0 1 0 1 48 36 74 95 84 169
15 55869721 0 1 0 1 6 9 26 26 15 52
15 55915785 0 1 0 1 54 45 105 86 99 191
15 55916735 0 1 0 1 55 57 95 94 112 189
15 55924595 0 1 0 1 25 10 20 61 35 81
15 56071500 0 1 0 1 7 6 25 18 13 43
15 56102097 0 1 0 1 4 6 20 14 10 34
15 56365742 0 1 0 0 3 68 0 130 71 130
15 56388667 0 1 0 1 11 7 21 31 18 52
15 56631338 0 1 0 1 9 11 31 31 20 62
15 56654782 0 1 0 1 54 55 72 94 109 166
15 56666830 0 1 0 1 24 25 52 75 49 127
15 56676803 0 1 0 0 2 19 0 84 21 84
15 56700646 0 1 0 1 10 7 19 17 17 36
15 56918099 0 1 0 1 8 7 20 31 15 51
15 56918429 0 1 0 1 14 9 30 32 23 62
15 57072616 0 1 0 1 14 21 36 36 35 72
15 57192415 0 1 0 1 6 8 30 26 14 56
15 57231344 0 1 0 1 15 20 32 52 35 84
15 57232659 0 1 0 1 9 13 47 37 22 84
15 57326316 0 1 0 1 9 8 51 29 17 80
15 57440345 0 1 0 1 7 5 21 28 12 49
15 57440545 0 1 0 1 36 39 77 71 75 148
15 57523584 0 1 0 1 13 14 34 49 27 83
15 57524852 0 1 0 1 6 5 19 24 11 43
15 57546060 0 1 0 1 4 9 17 27 13 44
15 57706998 0 1 0 1 27 36 74 86 63 160
15 57708783 0 1 0 1 31 41 80 87 72 167
15 58542542 0 1 0 1 10 14 40 41 24 81
15 58545811 0 1 0 1 21 20 48 61 41 109
15 58545839 0 1 0 1 25 22 67 56 47 123
15 58565084 0 1 0 0 2 18 0 77 20 77
15 58565179 0 1 0 1 38 20 78 79 58 157
15 58610570 0 1 0 1 17 27 43 59 44 102
15 58691226 0 1 0 1 23 16 53 59 39 112
15 58691389 0 1 0 1 31 21 69 64 52 133
15 58717866 0 1 0 1 32 24 67 51 56 118
15 58898731 0 1 0 1 5 15 37 35 20 72
15 58921479 0 1 0 1 44 36 97 81 80 178
15 59030849 0 1 0 1 6 9 40 37 15 77
15 59085601 0 1 0 0 2 10 0 42 12 42
15 59171840 0 1 0 1 6 8 37 28 14 65
15 59202474 0 1 0 1 5 8 34 21 13 55
15 59206980 0 1 0 1 34 40 70 86 74 156
15 59207029 0 1 0 1 36 44 72 101 80 173
15 59207075 0 1 0 1 35 38 64 100 73 164
15 59207917 0 1 0 1 29 28 71 68 57 139
15 59217990 0 1 0 1 32 35 80 77 67 157
15 59223235 0 1 0 1 8 10 38 39 18 77
15 59223247 0 1 0 1 8 7 33 30 15 63
15 59224676 0 1 0 1 17 15 35 35 32 70
15 59231541 0 1 0 0 2 10 0 46 12 46
15 59231844 0 1 0 1 15 10 34 34 25 68
15 59639230 0 1 0 1 4 7 33 23 11 56
15 59652101 0 1 0 1 10 8 47 45 18 92
15 59667956 0 1 0 1 4 7 15 23 11 38
15 59668062 0 1 0 1 23 17 45 71 40 116
15 59671289 0 1 0 1 19 15 39 34 34 73
15 59672788 0 1 0 1 10 14 46 41 24 87
15 59676689 0 1 0 1 5 10 26 25 15 51
15 59678099 0 1 0 1 9 18 37 46 27 83
15 59682367 0 1 0 1 8 19 31 29 27 60
15 59682578 0 1 0 1 12 7 45 23 19 68
15 59689043 0 1 0 1 4 6 20 12 10 32
15 59689316 0 1 0 1 18 19 56 76 37 132
15 59689391 0 1 0 1 22 19 83 58 41 141
15 60004911 0 1 0 1 10 14 42 32 24 74
15 60351875 0 1 0 1 39 49 75 99 88 174
15 60351958 0 1 0 1 13 19 38 40 32 78
15 60382524 0 1 0 1 24 27 57 43 51 100
15 60392977 0 1 0 1 12 10 25 32 22 57
15 60397890 0 1 0 1 16 21 45 56 37 101
15 61855008 0 1 0 1 5 9 19 35 14 54
15 61868543 0 1 0 1 5 5 23 8 10 31
15 61873326 0 1 0 0 3 71 0 172 74 172
15 61873329 0 1 0 0 3 73 0 173 76 173
15 61919251 0 1 0 1 8 10 27 23 18 50
15 61920582 0 1 0 1 16 9 38 53 25 91
15 61929480 0 1 0 1 22 23 62 55 45 117
15 61954355 0 1 0 1 11 15 34 37 26 71
15 61962790 0 1 0 1 32 27 77 77 59 154
15 61967438 0 1 0 1 8 9 30 35 17 65
15 61982411 0 1 0 1 12 15 46 39 27 85
15 62007404 0 1 0 1 18 32 59 94 50 153
15 62014045 0 1 0 1 8 11 21 25 19 46
15 62023836 0 1 0 1 18 16 48 55 34 103
15 62060365 0 1 0 0 2 24 0 106 26 106
15 62243630 0 1 0 0 3 39 0 105 42 105
15 62243665 0 1 0 1 15 17 56 65 32 121
15 62251053 0 1 0 1 9 6 12 16 15 28
15 62257898 0 1 0 1 15 14 43 52 29 95
15 62362351 0 1 0 1 6 5 19 13 11 32
15 62702615 0 1 0 1 8 9 22 25 17 47
15 62716556 0 1 0 1 11 15 41 28 26 69
15 62717534 0 1 0 1 13 18 61 63 31 124
15 62717567 0 1 0 0 2 32 0 145 34 145
15 62717605 0 1 0 1 28 29 79 83 57 162
15 62724984 0 1 0 1 27 15 47 64 42 111
15 62819540 0 1 0 1 58 59 95 100 117 195
15 62835784 0 1 0 1 45 44 84 85 89 169
15 63048874 0 1 0 1 23 29 70 70 52 140
15 63126842 0 1 0 0 3 58 0 135 61 135
15 63223834 0 1 0 1 9 13 23 47 22 70
15 63224067 0 1 0 1 12 10 39 17 22 56
15 63255660 0 1 0 1 24 21 60 45 45 105
15 63530634 0 1 0 0 2 21 0 111 23 111
15 63556606 0 1 0 1 21 29 56 57 50 113
15 63630553 0 1 0 1 43 50 84 91 93 175
15 63640314 0 1 0 1 23 30 53 95 53 148
15 63642950 0 1 0 1 48 36 81 75 84 156
15 63645010 0 1 0 1 62 59 94 101 121 195
15 63660954 0 1 0 1 21 11 53 53 32 106
15 63661830 0 1 0 1 44 47 79 91 91 170
15 63666563 0 1 0 1 7 5 27 26 12 53
15 63678257 0 1 0 1 37 46 68 99 83 167
15 63692573 0 1 0 1 35 39 73 88 74 161
15 63694012 0 1 0 0 4 88 0 165 92 165
15 63694015 0 1 0 0 5 91 0 166 96 166
15 63696158 0 1 0 1 18 8 39 26 26 65
15 63746851 0 1 0 1 7 4 16 25 11 41
15 63747680 0 1 0 1 7 7 26 30 14 56
15 63758101 0 1 0 1 7 3 17 21 10 38
15 63764238 0 1 0 1 17 27 64 50 44 114
15 63923164 0 1 0 0 3 88 0 175 91 175
15 64134702 0 1 0 0 2 18 0 80 20 80
15 64259179 0 1 0 0 2 25 0 97 27 97
15 64703107 0 1 0 0 2 17 0 69 19 69
15 64749559 0 1 0 0 2 12 0 54 14 54
15 64749562 0 1 0 0 2 12 0 51 14 51
15 64775371 0 1 0 1 4 8 23 17 12 40
15 64816680 0 1 0 0 3 73 0 163 76 163
15 64912086 0 1 0 1 13 16 51 61 29 112
15 64917619 0 1 0 1 12 20 40 29 32 69
15 64930677 0 1 0 1 11 8 29 33 19 62
15 64931515 0 1 0 0 2 29 0 115 31 115
15 64981061 0 1 0 1 6 12 37 26 18 63
15 65023623 0 1 0 1 11 9 30 41 20 71
15 65029581 0 1 0 0 2 21 0 85 23 85
15 65055067 0 1 0 1 29 21 63 71 50 134
15 65067873 0 1 0 1 4 14 33 36 18 69
15 65076904 0 1 0 1 11 10 36 37 21 73
15 65077057 0 1 0 1 37 48 81 67 85 148
15 65077193 0 1 0 1 38 35 70 65 73 135
15 65093172 0 1 0 0 2 20 0 95 22 95
15 65133833 0 1 0 1 34 62 82 93 96 175
15 65153689 0 1 0 1 8 6 11 23 14 34
15 65156732 0 1 0 1 22 26 59 48 48 107
15 65199178 0 1 0 1 7 6 21 13 13 34
15 65203482 0 1 0 1 9 7 9 29 16 38
15 65203489 0 1 0 1 8 6 8 25 14 33
15 65204249 0 1 0 1 28 41 69 82 69 151
15 65205511 0 1 0 1 15 26 45 58 41 103
15 65205553 0 1 0 1 6 14 24 35 20 59
15 65260908 0 1 0 1 20 20 61 50 40 111
15 65328800 0 1 0 1 24 21 49 47 45 96
15 65329103 0 1 0 1 18 20 56 55 38 111
15 65330828 0 1 0 1 6 5 13 19 11 32
15 65331066 0 1 0 0 2 30 0 127 32 127
15 65384388 0 1 0 1 27 44 65 96 71 161
15 65389463 0 1 0 1 24 28 61 47 52 108
15 65392195 0 1 0 1 20 11 41 46 31 87
15 65393357 0 1 0 1 5 8 26 43 13 69
15 65394570 0 1 0 1 6 7 19 22 13 41
15 65395737 0 1 0 0 2 16 0 73 18 73
15 65396453 0 1 0 1 7 4 20 16 11 36
15 65396929 0 1 0 1 46 36 91 83 82 174
15 65401059 0 1 0 1 19 9 29 36 28 65
15 65402275 0 1 0 1 5 9 17 20 14 37
15 65411287 0 1 0 1 8 11 54 42 19 96
15 65422791 0 1 0 0 2 12 0 64 14 64
15 65478783 0 1 0 1 20 12 43 43 32 86
15 65500501 0 1 0 1 3 10 35 26 13 61
15 65512554 0 1 0 1 47 45 83 73 92 156
15 65512648 0 1 0 1 13 14 27 33 27 60
15 65610584 0 1 0 1 19 16 42 34 35 76
15 65611060 0 1 0 1 66 57 85 97 123 182
15 65729155 0 1 0 0 3 67 0 152 70 152
15 65731461 0 1 0 1 23 23 41 58 46 99
15 66094515 0 1 0 1 12 23 68 73 35 141
15 66119103 0 1 0 1 33 42 75 79 75 154
15 66501947 0 1 0 0 2 9 0 44 11 44
15 66515648 0 1 0 0 2 31 0 125 33 125
15 66548497 0 1 0 0 2 34 0 130 36 130
15 67165147 0 1 0 1 14 22 61 55 36 116
15 67208695 0 1 0 1 16 12 26 19 28 45
15 67254963 0 1 0 1 47 56 81 91 103 172
15 67359759 0 1 0 1 21 15 33 56 36 89
15 67550188 0 1 0 1 10 5 26 31 15 57
15 67670425 0 1 0 1 11 8 50 54 19 104
15 67670437 0 1 0 0 2 17 0 103 19 103
15 67692367 0 1 0 1 29 34 70 50 63 120
15 67692480 0 1 0 1 66 67 85 113 133 198
15 67748526 0 1 0 1 18 38 56 62 56 118
15 67819699 0 1 0 1 14 26 65 70 40 135
15 67819758 0 1 0 1 22 27 59 77 49 136
15 67819814 0 1 0 1 14 20 35 49 34 84
15 67822161 0 1 0 1 6 10 13 16 16 29
15 67827403 0 1 0 1 30 15 72 51 45 123
15 67827676 0 1 0 1 21 31 77 58 52 135
15 67827946 0 1 0 1 23 21 50 62 44 112
15 68312831 0 1 0 1 9 9 41 44 18 85
15 68339573 0 1 0 1 40 44 91 78 84 169
15 68357249 0 1 0 1 28 41 72 86 69 158
15 68431923 0 1 0 1 13 19 49 50 32 99
15 68715060 0 1 0 1 6 6 13 18 12 31
15 68801740 0 1 0 1 11 23 50 55 34 105
15 68801836 0 1 0 0 2 34 0 137 36 137
15 69261389 0 1 0 1 12 14 44 31 26 75
15 70096596 0 1 0 0 2 10 0 40 12 40
15 70832754 0 1 0 1 19 18 60 56 37 116
15 70832865 0 1 0 1 23 19 64 60 42 124
15 70891939 0 1 0 1 26 21 45 62 47 107
15 70892156 0 1 0 1 37 34 73 79 71 152
15 71111067 0 1 0 1 5 5 16 19 10 35
15 71215344 0 1 0 0 2 13 0 76 15 76
15 71215459 0 1 0 0 2 22 0 84 24 84
15 71243119 0 1 0 1 18 9 39 39 27 78
15 71256598 0 1 0 1 27 32 67 44 59 111
15 71547405 0 1 0 1 32 37 66 82 69 148
15 71660706 0 1 0 1 37 49 72 100 86 172
15 71745271 0 1 0 1 14 20 54 49 34 103
15 71848980 0 1 0 0 3 31 0 62 34 62
15 71851514 0 1 0 1 7 5 22 27 12 49
15 71898732 0 1 0 1 52 60 100 85 112 185
15 71935496 0 1 0 1 18 21 42 42 39 84
15 71999774 0 1 0 1 20 8 33 43 28 76
15 72010326 0 1 0 1 43 17 71 55 60 126
15 72167998 0 1 0 1 10 12 23 28 22 51
15 72169640 0 1 0 0 3 58 0 142 61 142
15 72170009 0 1 0 1 5 7 31 24 12 55
15 72170490 0 1 0 1 3 9 22 22 12 44
15 72256424 0 1 0 1 7 11 44 24 18 68
15 72264506 0 1 0 1 28 29 48 78 57 126
15 72266719 0 1 0 1 13 19 38 60 32 98
15 72292171 0 1 0 0 2 25 0 123 27 123
15 72346602 0 1 0 0 2 18 0 75 20 75
15 72555732 0 1 0 1 14 9 20 34 23 54
15 72561373 0 1 0 0 2 14 0 69 16 69
15 73176410 0 1 0 0 2 20 0 82 22 82
15 73236596 0 1 0 1 15 12 29 24 27 53
15 73249172 0 1 0 1 37 50 82 75 87 157
15 73258909 0 1 0 1 32 15 60 61 47 121
15 73260329 0 1 0 0 2 22 0 88 24 88
15 73272540 0 1 0 1 49 42 78 94 91 172
15 73272648 0 1 0 1 18 8 41 33 26 74
15 73288217 0 1 0 0 2 9 0 41 11 41
15 73289103 0 1 0 1 27 19 52 62 46 114
15 73298238 0 1 0 1 16 16 38 46 32 84
15 73301277 0 1 0 1 24 46 53 82 70 135
15 73443182 0 1 0 1 20 27 65 60 47 125
15 73702465 0 1 0 1 11 10 42 29 21 71
15 73702506 0 1 0 1 11 11 35 31 22 66
15 73702824 0 1 0 1 6 15 25 36 21 61
15 73702832 0 1 0 1 7 14 28 39 21 67
15 73703090 0 1 0 1 40 46 73 105 86 178
15 73703725 0 1 0 1 11 17 54 38 28 92
15 73703760 0 1 0 1 11 10 48 36 21 84
15 73704018 0 1 0 1 10 12 40 36 22 76
15 73704249 0 1 0 1 11 12 33 47 23 80
15 73708388 0 1 0 1 15 18 52 44 33 96
15 73708498 0 1 0 1 28 30 63 72 58 135
15 73709652 0 1 0 1 14 15 51 49 29 100
15 73709665 0 1 0 1 15 18 52 50 33 102
15 73711192 0 1 0 1 15 22 48 57 37 105
15 73740692 0 1 0 1 15 13 33 44 28 77
15 73884909 0 1 0 1 22 15 70 68 37 138
15 73886204 0 1 0 1 26 19 60 53 45 113
15 73886625 0 1 0 1 17 18 44 58 35 102
15 73886683 0 1 0 1 9 10 27 29 19 56
15 73888960 0 1 0 1 5 10 29 39 15 68
15 73927205 0 1 0 1 15 17 51 59 32 110
15 73927241 0 1 0 1 20 17 62 59 37 121
15 73946393 0 1 0 1 8 17 20 51 25 71
15 73946966 0 1 0 1 23 13 35 46 36 81
15 73947272 0 1 0 1 7 4 19 23 11 42
15 73949408 0 1 0 1 17 20 46 50 37 96
15 73984210 0 1 0 1 31 33 64 71 64 135
15 73985454 0 1 0 1 11 5 27 45 16 72
15 73985579 0 1 0 0 2 16 0 67 18 67
15 73992065 0 1 0 1 10 5 32 23 15 55
15 74031250 0 1 0 1 9 15 41 39 24 80
15 74034370 0 1 0 1 7 3 26 18 10 44
15 74035775 0 1 0 1 38 42 72 90 80 162
15 74035865 0 1 0 1 29 25 54 68 54 122
15 74071809 0 1 0 1 12 7 24 29 19 53
15 74071879 0 1 0 1 5 10 6 52 15 58
15 74072362 0 1 0 1 5 6 9 36 11 45
15 74128669 0 1 0 1 22 29 62 65 51 127
15 74175515 0 1 0 1 45 39 78 93 84 171
15 74236644 0 1 0 1 6 9 23 33 15 56
15 74236789 0 1 0 1 19 25 59 56 44 115
15 74268352 0 1 0 1 26 43 75 87 69 162
15 74280847 0 1 0 1 20 20 34 43 40 77
15 74331081 0 1 0 1 27 13 44 81 40 125
15 74367268 0 1 0 1 31 20 68 43 51 111
15 74418074 0 1 0 0 2 20 0 75 22 75
15 74722821 0 1 0 1 44 49 93 83 93 176
15 74751897 0 1 0 1 14 11 25 36 25 61
15 74755085 0 1 0 1 17 14 46 30 31 76
15 74788737 0 1 0 1 12 16 49 61 28 110
15 74820682 0 1 0 1 16 21 38 56 37 94
15 74821981 0 1 0 1 11 8 22 31 19 53
15 74823554 0 1 0 1 24 39 62 84 63 146
15 74837529 0 1 0 1 2 10 5 27 12 32
15 74837578 0 1 0 1 3 10 16 23 13 39
15 74839226 0 1 0 1 45 38 83 96 83 179
15 74839320 0 1 0 1 23 27 50 74 50 124
15 74843106 0 1 0 1 8 8 37 37 16 74
15 74852202 0 1 0 1 33 29 63 86 62 149
15 74890939 0 1 0 0 3 24 0 56 27 56
15 74897250 0 1 0 1 18 28 50 66 46 116
15 75012699 0 1 0 1 54 42 92 89 96 181
15 75012873 0 1 0 0 2 10 0 46 12 46
15 75206039 0 1 0 0 2 27 0 107 29 107
15 75301734 0 1 0 1 3 30 10 94 33 104
15 75347980 0 1 0 0 2 24 0 106 26 106
15 75362687 0 1 0 0 2 25 0 97 27 97
15 75689700 0 1 0 1 17 38 37 111 55 148
15 75689844 0 1 0 1 7 42 28 114 49 142
15 75689886 0 1 0 1 5 42 22 105 47 127
15 75689930 0 1 0 1 2 32 8 93 34 101
15 75689934 0 1 0 1 2 31 6 97 33 103
15 75690151 0 1 0 1 13 58 32 118 71 150
15 75690172 0 1 0 1 19 68 41 128 87 169
15 75690240 0 1 0 1 24 63 53 120 87 173
15 75690325 0 1 0 1 2 10 17 27 12 44
15 76005791 0 1 0 1 16 19 48 34 35 82
15 76160135 0 1 0 1 26 29 78 63 55 141
15 76259517 0 1 0 1 8 46 20 106 54 126
15 76259523 0 1 0 1 9 43 23 104 52 127
15 76259565 0 1 0 1 15 32 33 84 47 117
15 76259574 0 1 0 1 15 30 33 81 45 114
15 76259580 0 1 0 1 15 28 34 83 43 117
15 76259601 0 1 0 1 14 29 31 78 43 109
15 76259631 0 1 0 1 2 28 8 97 30 105
15 76259669 0 1 0 1 4 36 4 112 40 116
15 76259683 0 1 0 1 10 37 18 110 47 128
15 76259693 0 1 0 1 15 36 29 107 51 136
15 76259710 0 1 0 1 13 40 30 108 53 138
15 76259711 0 1 0 1 16 38 32 106 54 138
15 76259721 0 1 0 1 16 44 31 104 60 135
15 76259735 0 1 0 1 17 44 33 103 61 136
15 76259744 0 1 0 1 17 45 34 100 62 134
15 76259791 0 1 0 1 3 49 8 119 52 127
15 76259902 0 1 0 1 5 53 8 116 58 124
15 76259913 0 1 0 1 7 49 10 109 56 119
15 76259917 0 1 0 1 7 51 10 108 58 118
15 76259943 0 1 0 1 7 44 10 90 51 100
15 76259971 0 1 0 1 7 40 10 68 47 78
15 76260006 0 1 0 1 7 33 17 64 40 81
15 76260028 0 1 0 1 5 34 18 64 39 82
15 76260042 0 1 0 1 5 30 17 68 35 85
15 76260043 0 1 0 1 5 31 17 70 36 87
15 76260063 0 1 0 1 5 30 18 74 35 92
15 76260091 0 1 0 1 11 25 24 81 36 105
15 76260108 0 1 0 1 9 23 18 80 32 98
15 76260137 0 1 0 1 7 20 13 83 27 96
15 76260139 0 1 0 1 7 22 14 83 29 97
15 76260144 0 1 0 1 7 22 14 80 29 94
15 76260783 0 1 0 1 5 5 13 18 10 31
15 76260942 0 1 0 1 4 8 19 21 12 40
15 76260948 0 1 0 1 4 8 19 24 12 43
15 76260956 0 1 0 1 2 8 17 31 10 48
15 76260986 0 1 0 1 5 10 21 36 15 57
15 76260992 0 1 0 1 8 14 21 37 22 58
15 76261027 0 1 0 1 12 25 29 51 37 80
15 76261048 0 1 0 1 12 31 29 67 43 96
15 76261060 0 1 0 1 12 36 29 71 48 100
15 76261079 0 1 0 1 15 42 36 79 57 115
15 76261087 0 1 0 1 15 39 33 81 54 114
15 76261093 0 1 0 1 14 39 34 83 53 117
15 76261145 0 1 0 1 10 43 29 95 53 124
15 76261159 0 1 0 1 12 49 28 97 61 125
15 76261290 0 1 0 1 7 18 15 50 25 65
15 76261301 0 1 0 1 7 15 17 45 22 62
15 76261332 0 1 0 1 5 11 12 52 16 64
15 76261339 0 1 0 1 4 13 11 52 17 63
15 76261353 0 1 0 1 4 15 12 61 19 73
15 76261364 0 1 0 1 4 20 15 66 24 81
15 76261369 0 1 0 1 4 23 15 69 27 84
15 76261371 0 1 0 1 4 23 15 71 27 86
15 76337714 0 1 0 1 6 7 33 23 13 56
15 76804644 0 1 0 0 3 37 0 82 40 82
15 76855912 0 1 0 1 7 8 19 20 15 39
15 76883817 0 1 0 1 7 22 48 54 29 102
15 76883859 0 1 0 1 5 16 40 36 21 76
15 76905404 0 1 0 1 7 3 16 28 10 44
15 76949056 0 1 0 0 3 18 0 60 21 60
15 76979302 0 1 0 1 8 5 19 17 13 36
15 77016046 0 1 0 1 17 18 69 57 35 126
15 77018004 0 1 0 1 12 6 27 27 18 54
15 77018295 0 1 0 1 22 23 59 54 45 113
15 77032329 0 1 0 1 26 46 82 72 72 154
15 77114054 0 1 0 1 8 6 20 28 14 48
15 77114772 0 1 0 1 32 28 53 66 60 119
15 77178763 0 1 0 1 11 9 22 23 20 45
15 77647993 0 1 0 1 28 24 56 45 52 101
15 77896155 0 1 0 1 13 10 37 40 23 77
15 77896172 0 1 0 1 10 9 33 42 19 75
15 77896827 0 1 0 1 8 12 29 33 20 62
15 77896852 0 1 0 1 10 11 33 29 21 62
15 77896980 0 1 0 1 3 12 20 40 15 60
15 77896984 0 1 0 1 3 15 20 42 18 62
15 77897394 0 1 0 1 12 15 54 32 27 86
15 77897395 0 1 0 1 11 15 53 32 26 85
15 77897405 0 1 0 1 12 15 54 36 27 90
15 77897505 0 1 0 1 10 9 38 31 19 69
15 77897878 0 1 0 1 4 8 23 26 12 49
15 77897966 0 1 0 1 4 6 15 33 10 48
15 77898204 0 1 0 1 4 9 12 24 13 36
15 77898382 0 1 0 1 40 18 65 61 58 126
15 77898670 0 1 0 1 3 16 21 62 19 83
15 77898732 0 1 0 1 11 12 25 40 23 65
15 77899201 0 1 0 1 9 9 45 31 18 76
15 77899216 0 1 0 1 10 6 30 44 16 74
15 77899368 0 1 0 1 20 22 57 47 42 104
15 77899414 0 1 0 1 20 23 53 55 43 108
15 77899445 0 1 0 1 18 27 54 48 45 102
15 77899510 0 1 0 1 12 27 38 40 39 78
15 77915679 0 1 0 1 8 18 28 49 26 77
15 77921418 0 1 0 1 6 5 19 18 11 37
15 77921426 0 1 0 1 6 4 16 17 10 33
15 77921970 0 1 0 1 5 9 23 32 14 55
15 77922033 0 1 0 1 4 9 21 20 13 41
15 77924973 0 1 0 1 7 4 21 22 11 43
15 77939898 0 1 0 1 31 18 70 69 49 139
15 77942762 0 1 0 1 25 37 66 89 62 155
15 77976045 0 1 0 1 11 11 39 40 22 79
15 77979976 0 1 0 1 27 24 53 50 51 103
15 77990027 0 1 0 1 2 12 4 25 14 29
15 77990032 0 1 0 1 2 12 4 25 14 29
15 78009166 0 1 0 1 6 8 19 19 14 38
15 78025354 0 1 0 1 14 25 77 55 39 132
15 78038576 0 1 0 1 7 4 21 18 11 39
15 78077473 0 1 0 1 28 29 59 87 57 146
15 78105804 0 1 0 1 71 67 100 97 138 197
15 78110837 0 1 0 1 12 22 49 38 34 87
15 78131091 0 1 0 1 16 19 56 37 35 93
15 78131137 0 1 0 1 36 28 75 63 64 138
15 78131254 0 1 0 1 24 30 75 57 54 132
15 78149427 0 1 0 1 11 11 41 35 22 76
15 78166143 0 1 0 1 17 21 36 44 38 80
15 78166455 0 1 0 1 11 15 25 32 26 57
15 78171548 0 1 0 1 23 32 73 72 55 145
15 78173785 0 1 0 1 26 19 63 62 45 125
15 78180967 0 1 0 1 20 25 38 41 45 79
15 78182439 0 1 0 1 17 16 49 37 33 86
15 78182440 0 1 0 1 17 16 51 38 33 89
15 78270761 0 1 0 1 5 7 12 21 12 33
15 78273136 0 1 0 1 14 19 35 59 33 94
15 78289596 0 1 0 1 19 19 42 50 38 92
15 78340488 0 1 0 1 4 14 44 41 18 85
15 78341253 0 1 0 1 37 28 74 85 65 159
15 78498021 0 1 0 0 2 23 0 97 25 97
15 78776762 0 1 0 0 2 20 0 80 22 80
15 78979086 0 1 0 1 24 18 51 68 42 119
15 78979365 0 1 0 1 20 21 63 61 41 124
15 78980756 0 1 0 1 9 19 31 47 28 78
15 78984905 0 1 0 1 38 41 76 103 79 179
15 78984956 0 1 0 1 46 51 70 116 97 186
15 78985169 0 1 0 1 52 66 93 95 118 188
15 78995597 0 1 0 1 8 4 26 18 12 44
15 78995675 0 1 0 0 2 27 0 113 29 113
15 78995840 0 1 0 1 7 15 27 45 22 72
15 78995842 0 1 0 1 7 15 26 44 22 70
15 78995843 0 1 0 1 7 14 26 44 21 70
15 78998007 0 1 0 1 10 5 17 21 15 38
15 78998258 0 1 0 1 34 24 65 46 58 111
15 79003830 0 1 0 1 22 47 88 59 69 147
15 79049407 0 1 0 0 2 15 0 68 17 68
15 79090565 0 1 0 1 23 18 33 62 41 95
15 79236371 0 1 0 1 51 38 88 85 89 173
15 79321882 0 1 0 1 9 17 35 37 26 72
15 79457785 0 1 0 1 26 50 65 90 76 155
15 79559429 0 1 0 1 4 9 13 22 13 35
15 79559748 0 1 0 1 17 8 38 48 25 86
15 79560415 0 1 0 1 12 6 33 29 18 62
15 79560452 0 1 0 1 8 11 36 39 19 75
15 79757361 0 1 0 1 21 22 70 89 43 159
15 79758743 0 1 0 1 13 23 70 75 36 145
15 79845218 0 1 0 1 17 23 76 62 40 138
15 79899146 0 1 0 1 7 22 43 41 29 84
15 79923255 0 1 0 1 14 15 50 52 29 102
15 79923673 0 1 0 1 25 47 73 78 72 151
15 79923823 0 1 0 1 12 9 33 28 21 61
15 79923834 0 1 0 1 10 8 28 24 18 52
15 80121752 0 1 0 1 19 17 51 52 36 103
15 80152950 0 1 0 1 7 4 23 17 11 40
15 80158047 0 1 0 1 10 10 27 25 20 52
15 80159733 0 1 0 1 51 49 88 87 100 175
15 80159926 0 1 0 1 7 3 28 30 10 58
15 80160544 0 1 0 1 11 18 57 46 29 103
15 80162403 0 1 0 1 21 41 63 70 62 133
15 80168182 0 1 0 1 24 27 56 53 51 109
15 80172327 0 1 0 1 7 11 27 32 18 59
15 80177698 0 1 0 1 25 20 65 55 45 120
15 80180089 0 1 0 1 26 36 55 62 62 117
15 80404427 0 1 0 1 7 12 24 25 19 49
15 80436511 0 1 0 1 17 24 33 53 41 86
15 80552795 0 1 0 1 27 35 65 71 62 136
15 80552796 0 1 0 1 27 35 63 72 62 135
15 80906895 0 1 0 1 16 14 31 39 30 70
15 80997398 0 1 0 1 33 36 61 89 69 150
15 81117765 0 1 0 1 55 48 89 97 103 186
15 81117861 0 1 0 1 29 37 85 77 66 162
15 81118147 0 1 0 1 13 22 31 51 35 82
15 81135234 0 1 0 1 15 8 38 34 23 72
15 81182882 0 1 0 1 16 21 58 49 37 107
15 81225765 0 1 0 0 2 17 0 90 19 90
15 81278664 0 1 0 1 9 8 26 34 17 60
15 82010280 0 1 0 1 10 6 43 20 16 63
15 82095610 0 1 0 1 8 15 33 35 23 68
15 82138878 0 1 0 1 16 9 40 28 25 68
15 82151598 0 1 0 1 44 36 75 86 80 161
15 82152096 0 1 0 1 56 62 96 96 118 192
15 82157927 0 1 0 1 9 11 26 26 20 52
15 82225201 0 1 0 0 2 14 0 60 16 60
15 82231017 0 1 0 1 9 9 36 33 18 69
15 82262901 0 1 0 1 26 31 81 70 57 151
15 82282538 0 1 0 1 13 18 44 46 31 90
15 82300982 0 1 0 1 28 15 59 44 43 103
15 82301095 0 1 0 1 29 25 72 62 54 134
15 82316302 0 1 0 1 2 13 23 32 15 55
15 82375672 0 1 0 1 10 9 32 32 19 64
15 82391965 0 1 0 1 5 7 12 42 12 54
15 82476976 0 1 0 1 3 14 8 56 17 64
15 82538000 0 1 0 1 30 17 63 89 47 152
15 82538982 0 1 0 1 38 34 58 97 72 155
15 82539015 0 1 0 1 36 33 54 102 69 156
15 82546384 0 1 0 1 7 4 29 27 11 56
15 82546501 0 1 0 1 37 30 77 82 67 159
15 82552642 0 1 0 1 39 30 79 60 69 139
15 82628387 0 1 0 1 22 29 66 73 51 139
15 82665667 0 1 0 1 21 17 44 44 38 88
15 82786385 0 1 0 1 18 24 51 53 42 104
15 82854616 0 1 0 1 15 21 60 42 36 102
15 82991981 0 1 0 1 11 27 42 50 38 92
15 83011362 0 1 0 1 5 6 25 13 11 38
15 83011577 0 1 0 1 10 16 48 47 26 95
15 83112722 0 1 0 1 10 17 46 49 27 95
15 83112879 0 1 0 1 22 28 69 81 50 150
15 83121905 0 1 0 0 3 49 0 115 52 115
15 83124870 0 1 0 1 8 10 22 26 18 48
15 83163946 0 1 0 1 25 28 58 59 53 117
15 83268329 0 1 0 1 9 7 29 34 16 63
15 83284484 0 1 0 1 7 4 15 23 11 38
15 83588543 0 1 0 1 6 12 27 19 18 46
15 83588599 0 1 0 1 21 22 53 42 43 95
15 83655689 0 1 0 1 36 33 60 69 69 129
15 83870867 0 1 0 1 26 16 55 71 42 126
15 83885266 0 1 0 1 9 16 31 36 25 67
15 83897792 0 1 0 1 39 36 68 69 75 137
15 83899752 0 1 0 1 38 49 70 92 87 162
15 83913137 0 1 0 1 19 23 42 60 42 102
15 83913152 0 1 0 1 23 28 49 67 51 116
15 83913372 0 1 0 1 34 29 63 72 63 135
15 83982266 0 1 0 0 2 9 0 38 11 38
15 83982538 0 1 0 1 36 31 78 76 67 154
15 83991140 0 1 0 0 20 75 0 185 95 185
15 84054045 0 1 0 1 21 21 58 57 42 115
15 84054046 0 1 0 1 21 21 57 56 42 113
15 84079698 0 1 0 1 11 9 18 30 20 48
15 84102194 0 1 0 1 28 21 48 51 49 99
15 84112221 0 1 0 1 15 11 33 32 26 65
15 84403797 0 1 0 1 5 8 16 23 13 39
15 84483639 0 1 0 1 11 20 40 73 31 113
15 84483657 0 1 0 1 2 21 23 71 23 94
15 84538601 0 1 0 1 6 4 25 25 10 50
15 84606540 0 1 0 1 31 52 80 92 83 172
15 84620767 0 1 0 1 38 35 83 80 73 163
15 84631871 0 1 0 1 24 44 72 77 68 149
15 84633977 0 1 0 1 19 21 39 51 40 90
15 84634667 0 1 0 1 6 5 13 20 11 33
15 84645608 0 1 0 1 35 39 92 78 74 170
15 84645763 0 1 0 1 50 43 82 97 93 179
15 84648043 0 1 0 1 22 21 56 55 43 111
15 84655131 0 1 0 1 9 6 27 19 15 46
15 84657523 0 1 0 1 6 6 16 18 12 34
15 84692526 0 1 0 1 18 8 22 29 26 51
15 84782833 0 1 0 0 2 36 0 134 38 134
15 84790722 0 1 0 1 35 35 80 77 70 157
15 84798628 0 1 0 1 57 56 89 100 113 189
15 84816773 0 1 0 1 5 7 27 43 12 70
15 84816870 0 1 0 1 19 25 53 62 44 115
15 84838962 0 1 0 1 10 12 46 40 22 86
15 84840608 0 1 0 1 16 25 53 66 41 119
15 84857333 0 1 0 1 39 50 89 102 89 191
15 84858028 0 1 0 1 17 14 57 52 31 109
15 84858188 0 1 0 1 36 21 77 91 57 168
15 84858366 0 1 0 1 18 18 44 56 36 100
15 84859200 0 1 0 1 11 8 19 27 19 46
15 84864333 0 1 0 1 6 10 29 22 16 51
15 84868461 0 1 0 1 6 8 26 32 14 58
15 84887723 0 1 0 1 29 28 66 61 57 127
15 84894886 0 1 0 1 12 6 31 25 18 56
15 84894887 0 1 0 1 12 6 30 25 18 55
15 84905453 0 1 0 1 7 4 14 20 11 34
15 84905675 0 1 0 1 11 12 48 47 23 95
15 84918667 0 1 0 1 18 20 46 59 38 105
15 84924044 0 1 0 1 36 66 77 106 102 183
15 84933210 0 1 0 1 59 37 88 96 96 184
15 84934922 0 1 0 1 17 8 42 33 25 75
15 84935179 0 1 0 1 41 44 83 96 85 179
15 84945341 0 1 0 1 10 14 36 35 24 71
15 84982325 0 1 0 1 8 10 41 41 18 82
15 85076017 0 1 0 1 19 26 60 54 45 114
15 85090614 0 1 0 1 10 8 25 31 18 56
15 85113337 0 1 0 1 15 19 44 53 34 97
15 85178695 0 1 0 1 8 11 34 27 19 61
15 85264484 0 1 0 1 6 7 25 24 13 49
15 85533518 0 1 0 1 13 13 44 53 26 97
15 85555416 0 1 0 1 39 32 92 80 71 172
15 85579423 0 1 0 1 28 13 57 59 41 116
15 85579548 0 1 0 1 13 12 51 49 25 100
15 85579685 0 1 0 1 29 43 61 91 72 152
15 85579788 0 1 0 1 49 45 81 94 94 175
15 85580133 0 1 0 1 38 35 84 90 73 174
15 85580602 0 1 0 1 21 29 70 66 50 136
15 85580693 0 1 0 1 24 23 63 73 47 136
15 85580757 0 1 0 1 31 27 74 76 58 150
15 85581188 0 1 0 1 28 25 78 81 53 159
15 85581252 0 1 0 1 23 39 81 85 62 166
15 85581324 0 1 0 1 31 34 78 93 65 171
15 85581715 0 1 0 1 44 74 82 112 118 194
15 85581737 0 1 0 1 40 75 83 110 115 193
15 85581800 0 1 0 1 40 52 71 110 92 181
15 85582073 0 1 0 1 6 7 22 32 13 54
15 85585970 0 1 0 1 10 4 15 24 14 39
15 85655330 0 1 0 1 8 9 13 28 17 41
15 85682241 0 1 0 0 2 23 0 119 25 119
15 85692004 0 1 0 1 10 12 39 33 22 72
15 85735164 0 1 0 1 9 8 48 34 17 82
15 85736006 0 1 0 0 2 12 0 73 14 73
15 85741111 0 1 0 1 14 19 63 64 33 127
15 85741586 0 1 0 1 16 13 50 40 29 90
15 85741600 0 1 0 0 2 18 0 77 20 77
15 85744679 0 1 0 1 8 23 47 42 31 89
15 86224819 0 1 0 1 7 10 37 32 17 69
15 86270107 0 1 0 0 2 13 0 53 15 53
15 86674257 0 1 0 1 34 31 68 88 65 156
15 86674382 0 1 0 1 18 15 48 40 33 88
15 88137453 0 1 0 1 21 33 54 73 54 127
15 88183355 0 1 0 1 3 7 9 21 10 30
15 88611778 0 1 0 0 2 11 0 54 13 54
15 88626253 0 1 0 1 17 14 64 53 31 117
15 88626383 0 1 0 1 12 26 49 69 38 118
15 88626421 0 1 0 1 16 29 54 69 45 123
15 88626723 0 1 0 1 27 31 71 86 58 157
15 88629905 0 1 0 1 4 11 19 21 15 40
15 88630167 0 1 0 1 54 41 84 99 95 183
15 88639365 0 1 0 1 17 15 50 26 32 76
15 88855099 0 1 0 1 42 43 104 72 85 176
15 88857878 0 1 0 1 50 51 84 86 101 170
15 88859008 0 1 0 1 53 61 89 100 114 189
15 88871295 0 1 0 1 11 13 46 31 24 77
15 88893013 0 1 0 1 23 22 54 52 45 106
15 88893064 0 1 0 1 34 28 62 78 62 140
15 88901529 0 1 0 1 6 4 18 15 10 33
15 88905649 0 1 0 1 4 8 24 12 12 36
15 88905906 0 1 0 1 22 17 47 76 39 123
15 88906772 0 1 0 1 9 7 22 14 16 36
15 88907315 0 1 0 1 45 53 86 102 98 188
15 88907356 0 1 0 1 46 39 74 95 85 169
15 88989431 0 1 0 1 5 7 16 23 12 39
15 88989545 0 1 0 1 52 45 85 84 97 169
15 88989865 0 1 0 1 11 6 23 28 17 51
15 88990000 0 1 0 1 33 34 63 90 67 153
15 89247531 0 1 0 1 14 15 22 39 29 61
15 89479606 0 1 0 1 6 4 19 11 10 30
15 89480327 0 1 0 1 34 30 71 86 64 157
15 89486599 0 1 0 1 8 16 7 38 24 45
15 89486603 0 1 0 1 4 19 7 46 23 53
15 89486605 0 1 0 1 14 10 31 20 24 51
15 89575536 0 1 0 1 14 21 43 35 35 78
15 89582890 0 1 0 1 42 52 76 72 94 148
15 89584544 0 1 0 1 22 31 62 83 53 145
15 89585603 0 1 0 1 10 8 26 28 18 54
15 89585679 0 1 0 1 40 35 64 76 75 140
15 89585735 0 1 0 1 49 58 103 79 107 182
15 89591941 0 1 0 1 9 15 30 30 24 60
15 89602873 0 1 0 0 3 29 0 97 32 97
15 89616344 0 1 0 1 43 33 78 72 76 150
15 89625462 0 1 0 1 38 34 79 77 72 156
15 89626100 0 1 0 1 34 27 75 73 61 148
15 89627006 0 1 0 1 32 19 68 58 51 126
15 89628838 0 1 0 0 2 29 0 107 31 107
15 89628902 0 1 0 1 19 23 54 55 42 109
15 89629547 0 1 0 1 34 40 73 100 74 173
15 89629603 0 1 0 1 32 45 103 64 77 167
15 89631558 0 1 0 1 3 9 24 49 12 73
15 89631593 0 1 0 1 8 18 41 58 26 99
15 89631724 0 1 0 1 18 24 56 78 42 134
15 89633926 0 1 0 1 17 28 62 61 45 123
15 89633928 0 1 0 1 27 17 60 61 44 121
15 89645161 0 1 0 1 10 11 42 40 21 82
15 89652777 0 1 0 1 17 27 65 61 44 126
15 89667206 0 1 0 1 7 7 21 23 14 44
15 89683716 0 1 0 1 35 38 82 74 73 156
15 89705588 0 1 0 1 12 9 31 41 21 72
15 89714913 0 1 0 1 6 7 18 20 13 38
15 89729809 0 1 0 1 18 27 59 53 45 112
15 89729839 0 1 0 1 16 19 43 47 35 90
15 89737814 0 1 0 1 8 12 35 32 20 67
15 89750545 0 1 0 1 30 24 56 59 54 115
15 89750563 0 1 0 1 27 23 48 51 50 99
15 89751075 0 1 0 1 8 9 29 40 17 69
15 89785320 0 1 0 1 31 38 59 62 69 121
15 89790620 0 1 0 1 13 24 41 52 37 93
15 89797488 0 1 0 1 7 11 35 22 18 57
15 89797494 0 1 0 1 7 13 38 22 20 60
15 89799235 0 1 0 1 19 15 36 44 34 80
15 89804669 0 1 0 0 5 6 0 37 11 37
15 89850576 0 1 0 1 5 9 29 32 14 61
15 89871410 0 1 0 1 19 29 47 63 48 110
15 89877441 0 1 0 1 10 15 38 41 25 79
15 89903421 0 1 0 1 28 26 59 67 54 126
15 90073385 0 1 0 1 6 6 18 24 12 42
15 90074307 0 1 0 1 25 43 70 93 68 163
15 90079820 0 1 0 1 20 15 45 41 35 86
15 90091709 0 1 0 1 9 8 34 29 17 63
15 90466252 0 1 0 1 39 47 78 99 86 177
15 90604280 0 1 0 1 33 47 73 75 80 148
15 90625744 0 1 0 1 15 11 44 35 26 79
15 90765340 0 1 0 1 41 46 91 86 87 177
15 90811291 0 1 0 0 2 18 0 73 20 73
15 90811552 0 1 0 1 8 7 13 21 15 34
15 90815036 0 1 0 1 6 20 37 40 26 77
15 90881344 0 1 0 1 52 56 79 99 108 178
15 90887387 0 1 0 1 3 8 23 24 11 47
15 90892192 0 1 0 1 12 8 33 34 20 67
15 90905785 0 1 0 1 49 46 69 105 95 174
15 90905927 0 1 0 0 3 65 0 160 68 160
15 91022080 0 1 0 0 2 27 0 103 29 103
15 91743515 0 1 0 1 5 6 15 24 11 39
15 91750512 0 1 0 1 13 12 24 52 25 76
15 91854388 0 1 0 0 2 30 0 117 32 117
15 91854440 0 1 0 1 16 24 53 68 40 121
15 92171649 0 1 0 1 6 7 30 28 13 58
15 92171901 0 1 0 1 11 8 29 39 19 68
15 92171937 0 1 0 1 8 4 19 23 12 42
15 92394038 0 1 0 1 14 20 36 41 34 77
15 92394046 0 1 0 1 14 22 41 41 36 82
15 92444708 0 1 0 1 58 49 95 95 107 190
15 92444935 0 1 0 1 21 21 44 48 42 92
15 92712089 0 1 0 1 7 9 29 62 16 91
15 92904536 0 1 0 1 46 52 75 95 98 170
15 92972209 0 1 0 1 3 14 34 27 17 61
15 92978374 0 1 0 1 12 19 49 61 31 110
15 92978421 0 1 0 1 4 9 26 34 13 60
15 92996923 0 1 0 1 2 68 2 163 70 165
15 93009100 0 1 0 1 27 23 59 55 50 114
15 93024296 0 1 0 1 23 20 56 41 43 97
15 93088894 0 1 0 1 13 15 43 38 28 81
15 94185574 0 1 0 1 3 8 29 10 11 39
15 94273545 0 1 0 0 2 12 0 52 14 52
15 94273588 0 1 0 0 2 12 0 50 14 50
15 94314268 0 1 0 0 2 8 0 43 10 43
15 94314906 0 1 0 0 2 11 0 54 13 54
15 94315457 0 1 0 1 10 4 28 25 14 53
15 94315660 0 1 0 1 44 46 78 86 90 164
15 94315751 0 1 0 1 9 13 45 35 22 80
15 94340370 0 1 0 1 10 15 29 39 25 68
15 94340805 0 1 0 0 2 8 0 40 10 40
15 94340809 0 1 0 0 2 11 0 46 13 46
15 94340879 0 1 0 1 27 29 57 66 56 123
15 94356079 0 1 0 1 20 28 54 51 48 105
15 94356125 0 1 0 1 33 47 90 71 80 161
15 94356322 0 1 0 1 4 7 21 13 11 34
15 94402095 0 1 0 1 9 9 27 31 18 58
15 94402475 0 1 0 1 46 56 71 86 102 157
15 94402490 0 1 0 1 52 59 77 93 111 170
15 94855496 0 1 0 1 6 12 30 35 18 65
15 94855638 0 1 0 1 8 11 29 43 19 72
15 96448295 0 1 0 1 5 14 28 15 19 43
15 97397580 0 1 0 1 9 4 17 15 13 32
15 97758615 0 1 0 1 15 9 29 42 24 71
15 97758662 0 1 0 0 2 14 0 66 16 66
15 97874231 0 1 0 0 2 26 0 102 28 102
15 97919505 0 1 0 0 2 12 0 55 14 55
15 97961092 0 1 0 1 8 5 27 28 13 55
15 97969201 0 1 0 1 29 39 80 78 68 158
15 97971302 0 1 0 1 9 12 30 27 21 57
15 98267966 0 1 0 1 8 6 19 30 14 49
15 98268012 0 1 0 1 10 6 26 26 16 52
15 98708127 0 1 0 1 4 6 18 26 10 44
15 98913024 0 1 0 1 12 16 50 43 28 93
15 98924705 0 1 0 1 9 9 32 35 18 67
15 99276597 0 1 0 0 2 14 0 84 16 84
15 99361544 0 1 0 1 6 4 30 23 10 53
15 99710810 0 1 0 1 32 28 64 53 60 117
15 99712600 0 1 0 1 18 25 45 70 43 115
15 99716413 0 1 0 1 29 33 62 65 62 127
15 99729475 0 1 0 1 41 61 92 100 102 192
15 99731048 0 1 0 1 12 15 24 47 27 71
15 99791077 0 1 0 1 15 8 52 42 23 94
15 99791547 0 1 0 1 13 10 45 40 23 85
15 99791595 0 1 0 1 19 8 48 45 27 93
15 99791756 0 1 0 1 13 9 44 42 22 86
15 99792010 0 1 0 1 22 15 39 46 37 85
15 99792502 0 1 0 0 3 37 0 77 40 77
15 99792538 0 1 0 1 11 26 52 52 37 104
15 99792594 0 1 0 1 8 17 19 82 25 101
15 99792602 0 1 0 1 7 18 24 80 25 104
15 99792672 0 1 0 1 11 20 37 46 31 83
15 99792714 0 1 0 1 2 23 10 45 25 55
15 99799692 0 1 0 1 19 33 70 65 52 135
15 99799733 0 1 0 1 12 25 46 60 37 106
15 99800952 0 1 0 1 10 21 18 50 31 68
15 99974320 0 1 0 1 8 6 16 16 14 32
15 99993013 0 1 0 1 8 11 20 27 19 47
15 99997289 0 1 0 1 23 17 50 50 40 100
15 100152748 0 1 0 1 36 48 84 80 84 164
15 100199200 0 1 0 1 16 11 39 33 27 72
15 100281262 0 1 0 1 9 12 38 39 21 77
15 100281371 0 1 0 1 11 15 41 40 26 81
15 100281442 0 1 0 1 12 14 24 49 26 73
15 100469325 0 1 0 1 13 11 33 33 24 66
15 100472918 0 1 0 1 33 40 76 90 73 166
15 100501691 0 1 0 1 33 36 62 87 69 149
15 100503827 0 1 0 1 8 4 24 32 12 56
15 100553719 0 1 0 1 8 15 42 37 23 79
15 100553922 0 1 0 1 7 8 33 31 15 64
15 100554130 0 1 0 1 26 35 75 69 61 144
15 100554159 0 1 0 1 30 17 60 71 47 131
15 100569472 0 1 0 1 58 54 86 101 112 187
15 100569589 0 1 0 1 38 24 72 75 62 147
15 100569613 0 1 0 1 34 20 69 63 54 132
15 100569688 0 1 0 1 21 23 53 76 44 129
15 100570060 0 1 0 1 15 14 33 44 29 77
15 100570097 0 1 0 1 13 12 30 36 25 66
15 100573543 0 1 0 1 9 4 11 18 13 29
15 100573745 0 1 0 1 41 36 79 96 77 175
15 100574213 0 1 0 1 17 23 49 40 40 89
15 100574954 0 1 0 1 22 33 74 78 55 152
15 100580758 0 1 0 1 42 31 45 74 73 119
15 100710358 0 1 0 1 2 7 5 26 9 31
15 100710387 0 1 0 1 8 3 18 14 11 32
15 100879950 0 1 0 1 23 23 52 65 46 117
15 100900783 0 1 0 1 10 12 51 50 22 101
15 100907383 0 1 0 1 15 10 34 15 25 49
15 100908578 0 1 0 1 9 14 35 38 23 73
15 101010653 0 1 0 1 5 12 30 32 17 62
15 101015194 0 1 0 1 17 22 40 46 39 86
15 101021787 0 1 0 1 4 10 6 30 14 36
15 101022588 0 1 0 1 8 8 21 32 16 53
15 101025913 0 1 0 1 19 10 48 39 29 87
15 101027342 0 1 0 1 41 40 62 85 81 147
15 101029262 0 1 0 1 21 22 65 58 43 123
15 101051629 0 1 0 1 9 12 30 41 21 71
15 101053436 0 1 0 1 10 12 31 36 22 67
15 101057995 0 1 0 1 26 39 80 78 65 158
15 101058109 0 1 0 1 17 13 48 45 30 93
15 101067314 0 1 0 1 20 13 47 40 33 87
15 101178386 0 1 0 1 33 35 87 80 68 167
15 101286181 0 1 0 1 9 4 24 20 13 44
15 101287554 0 1 0 1 17 7 25 40 24 65
15 101287650 0 1 0 1 21 24 58 70 45 128
15 101300985 0 1 0 0 2 26 0 104 28 104
15 101307391 0 1 0 1 15 18 49 61 33 110
15 101332101 0 1 0 1 5 8 26 20 13 46
15 101430118 0 1 0 1 26 18 58 55 44 113
15 101430131 0 1 0 1 23 16 52 48 39 100
15 101463237 0 1 0 1 29 12 47 64 41 111
15 101752564 0 1 0 1 3 7 7 32 10 39
15 101764808 0 1 0 1 3 36 18 78 39 96
15 101764829 0 1 0 1 2 41 14 95 43 109
15 101771806 0 1 0 1 14 24 24 71 38 95
15 101772004 0 1 0 1 6 40 13 130 46 143
15 101848737 0 1 0 0 3 57 0 133 60 133
