chr pos bloodGT1 bloodGT2 tumorGT1 tumorGT2 AN BN AT BT sN sT
21 6459535 0 1 0 1 11 9 38 40 20 78
21 8220099 0 1 0 1 5 4 22 17 9 39
21 8228746 0 1 0 1 8 13 24 39 21 63
21 8230435 0 1 0 1 6 7 19 15 13 34
21 8233230 0 1 0 1 4 21 4 63 25 67
21 9068438 0 1 0 1 25 22 28 41 47 69
21 9068512 0 1 0 1 85 37 129 44 122 173
21 9068542 0 1 1 1 53 25 95 29 78 124
21 9068551 0 1 0 1 42 21 79 27 63 106
21 9068564 0 1 0 1 29 15 59 21 44 80
21 9068583 0 1 0 1 16 7 30 13 23 43
21 9073176 0 1 0 1 4 17 11 78 21 89
21 9073209 0 1 0 1 6 32 27 96 38 123
21 9073251 0 1 0 1 6 29 26 68 35 94
21 9073265 0 1 0 1 8 27 34 61 35 95
21 9073271 0 1 0 1 5 25 15 69 30 84
21 9073273 0 1 0 1 5 22 27 54 27 81
21 9073284 0 1 0 1 4 17 21 41 21 62
21 9571366 0 1 0 1 4 15 10 39 19 49
21 9571386 0 1 0 1 3 13 12 38 16 50
21 9571405 0 1 0 1 4 8 8 42 12 50
21 9823550 0 1 0 1 2 9 5 34 11 39
21 10269931 0 1 0 1 10 5 11 23 15 34
21 10269956 0 1 0 1 11 4 23 11 15 34
21 10269965 0 1 0 1 10 4 20 11 14 31
21 10270277 0 1 0 1 6 9 9 27 15 36
21 10270279 0 1 0 1 8 9 13 25 17 38
21 10270316 0 1 0 1 8 15 10 41 23 51
21 10270322 0 1 0 1 9 17 10 45 26 55
21 10270336 0 1 0 1 9 19 8 60 28 68
21 10270338 0 1 0 1 7 20 7 61 27 68
21 10270359 0 1 0 0 5 16 0 54 21 54
21 10272476 0 1 0 1 4 54 11 86 58 97
21 10272479 0 1 0 1 2 52 3 100 54 103
21 10330758 0 1 0 1 4 21 28 48 25 76
21 10330760 0 1 0 1 4 21 30 47 25 77
21 10330762 0 1 0 1 2 24 8 74 26 82
21 10330812 0 1 0 1 23 16 57 60 39 117
21 10330869 0 1 0 1 13 27 39 66 40 105
21 10330947 0 1 0 1 9 16 20 45 25 65
21 10331137 0 1 0 1 6 36 9 98 42 107
21 10331176 0 1 0 1 7 32 29 63 39 92
21 10331432 0 1 0 1 9 29 24 91 38 115
21 10331440 0 1 0 1 2 35 9 102 37 111
21 10397761 0 1 0 1 4 23 6 40 27 46
21 10397774 0 1 0 1 11 27 21 41 38 62
21 10397792 0 1 0 1 3 44 3 74 47 77
21 10397848 0 1 0 1 28 32 44 60 60 104
21 10413729 0 1 0 1 6 30 32 93 36 125
21 10413733 0 1 0 1 6 29 23 95 35 118
21 10413734 0 1 0 1 11 23 53 68 34 121
21 10413753 0 1 0 1 4 32 19 98 36 117
21 10413842 0 1 0 1 7 23 20 45 30 65
21 10413860 0 1 0 1 8 16 14 42 24 56
21 10413884 0 1 0 1 6 13 10 30 19 40
21 10426829 0 1 0 1 4 8 12 25 12 37
21 10426843 0 1 0 1 5 10 9 32 15 41
21 10426849 0 1 0 1 1 12 5 30 13 35
21 10426855 0 1 0 1 2 15 4 41 17 45
21 10426856 0 1 0 1 2 17 7 40 19 47
21 10426864 0 1 0 1 8 6 13 18 14 31
21 10426871 0 1 0 1 1 15 7 36 16 43
21 10426885 0 1 0 1 4 15 3 33 19 36
21 10426904 0 1 0 1 3 14 2 41 17 43
21 10426909 0 1 0 1 2 16 5 33 18 38
21 10426940 0 1 0 1 2 11 4 32 13 36
21 10454228 0 1 0 1 3 105 4 172 108 176
21 10454230 0 1 0 1 25 79 33 139 104 172
21 10454231 0 1 0 1 47 56 80 89 103 169
21 10462694 0 1 0 1 4 16 22 27 20 49
21 10462806 0 1 0 1 10 103 12 137 113 149
21 10462865 0 1 0 1 9 85 16 94 94 110
21 10462873 0 1 0 1 8 77 15 80 85 95
21 10463093 0 1 0 1 5 31 5 67 36 72
21 10465016 0 1 0 1 20 24 40 79 44 119
21 10465086 0 1 0 1 5 14 8 48 19 56
21 10473007 0 1 0 1 12 6 30 13 18 43
21 10473051 0 1 0 1 5 62 8 111 67 119
21 10473113 0 1 0 1 32 24 64 29 56 93
21 10473305 0 1 0 1 4 29 3 36 33 39
21 10473315 0 1 0 1 5 44 4 55 49 59
21 10473378 0 1 0 1 40 113 75 100 153 175
21 10473500 0 1 0 1 11 150 17 150 161 167
21 10473589 0 1 0 1 22 118 26 156 140 182
21 10473614 0 1 0 1 108 46 126 69 154 195
21 10473655 0 1 0 1 25 130 23 173 155 196
21 10473661 0 1 0 1 35 119 47 150 154 197
21 10473735 0 1 1 1 29 10 47 12 39 59
21 10514138 0 1 0 1 18 42 33 84 60 117
21 10514200 0 1 0 1 19 67 43 104 86 147
21 10516456 0 1 0 1 5 12 16 60 17 76
21 10538670 0 1 0 1 13 31 14 80 44 94
21 10540819 0 1 0 1 7 12 19 36 19 55
21 10542454 0 1 0 1 34 60 61 114 94 175
21 10552576 0 1 0 1 5 5 16 17 10 33
21 10552651 0 1 0 1 22 59 43 101 81 144
21 10569776 0 1 0 1 31 80 53 113 111 166
21 10596135 0 1 0 1 16 30 27 84 46 111
21 10596164 0 1 0 1 13 15 32 42 28 74
21 10602146 0 1 0 1 26 52 41 92 78 133
21 10602166 0 1 0 1 15 41 27 85 56 112
21 10602246 0 1 0 1 3 24 9 64 27 73
21 10613284 0 1 0 1 20 13 69 27 33 96
21 10649510 0 1 0 1 85 45 118 79 130 197
21 10649583 0 1 0 1 50 29 93 62 79 155
21 10649604 0 1 0 1 18 47 42 102 65 144
21 10649858 0 1 0 1 38 38 86 63 76 149
21 10718439 0 1 0 1 4 18 8 42 22 50
21 10718451 0 1 0 1 5 19 11 50 24 61
21 10718476 0 1 0 1 10 23 19 49 33 68
21 10718485 0 1 0 1 2 49 5 97 51 102
21 10718488 0 1 0 1 10 49 20 93 59 113
21 10718491 0 1 0 1 7 55 13 102 62 115
21 10718500 0 1 0 1 8 47 17 85 55 102
21 10718532 0 1 0 1 19 56 40 112 75 152
21 10718545 0 1 0 1 21 56 42 112 77 154
21 10718551 0 1 0 1 18 56 41 111 74 152
21 10718564 0 1 0 1 11 51 23 115 62 138
21 10718572 0 1 0 1 15 41 40 90 56 130
21 10718613 0 1 0 1 12 31 24 69 43 93
21 10718618 0 1 0 1 10 29 22 61 39 83
21 10718620 0 1 0 1 10 30 18 63 40 81
21 10718630 0 1 0 1 4 30 3 62 34 65
21 10718631 0 1 0 1 4 28 2 60 32 62
21 10718632 0 1 0 1 7 25 14 45 32 59
21 10718635 0 1 0 1 6 26 14 47 32 61
21 10718658 0 1 0 1 2 15 7 36 17 43
21 10718666 0 1 0 1 2 11 4 32 13 36
21 10718667 0 1 0 1 2 9 4 32 11 36
21 13060730 0 1 0 1 2 23 6 56 25 62
21 13060806 0 1 0 1 10 20 16 55 30 71
21 13284448 0 1 0 1 9 5 12 31 14 43
21 13384164 0 1 0 1 3 13 14 32 16 46
21 13385210 0 1 0 1 11 6 30 21 17 51
21 13827294 0 1 0 1 11 12 13 37 23 50
21 13909549 0 1 0 1 2 8 16 19 10 35
21 13909554 0 1 0 1 2 8 3 33 10 36
21 13909592 0 1 0 1 2 8 15 30 10 45
21 14027578 0 1 0 0 2 15 0 75 17 75
21 14108913 0 1 0 1 8 20 41 32 28 73
21 14109044 0 1 0 1 16 21 47 47 37 94
21 14144009 0 1 0 1 7 7 23 15 14 38
21 14144627 0 1 0 1 20 13 42 40 33 82
21 14186025 0 1 0 1 11 25 59 45 36 104
21 14186143 0 1 0 1 7 14 24 37 21 61
21 14189460 0 1 0 1 4 6 16 16 10 32
21 14210899 0 1 0 1 31 47 77 85 78 162
21 14226797 0 1 0 1 18 14 39 37 32 76
21 14227145 0 1 0 1 11 24 35 38 35 73
21 14274157 0 1 0 0 4 46 0 136 50 136
21 14279748 0 1 0 1 3 9 30 19 12 49
21 14288395 0 1 0 1 11 13 28 40 24 68
21 14299523 0 1 0 1 31 51 81 93 82 174
21 14375865 0 1 0 1 18 16 34 45 34 79
21 14382884 0 1 0 1 6 7 15 26 13 41
21 14383028 0 1 0 1 15 43 64 86 58 150
21 14582207 0 1 0 1 33 35 70 87 68 157
21 14582272 0 1 0 1 60 61 80 109 121 189
21 14612661 0 1 0 1 9 13 33 57 22 90
21 14758112 0 1 0 1 5 11 30 31 16 61
21 14758252 0 1 0 1 11 9 30 41 20 71
21 15830461 0 1 0 1 8 11 38 52 19 90
21 15830493 0 1 0 1 13 19 51 78 32 129
21 15831466 0 1 0 1 34 43 83 94 77 177
21 16160707 0 1 0 1 7 10 21 28 17 49
21 16160710 0 1 0 1 6 8 20 28 14 48
21 16160935 0 1 0 1 35 46 63 99 81 162
21 17530382 0 1 0 1 6 13 39 44 19 83
21 17561510 0 1 0 1 29 50 73 91 79 164
21 17604067 0 1 0 1 10 4 17 18 14 35
21 17795162 0 1 0 1 16 23 57 47 39 104
21 17796901 0 1 0 1 32 40 68 91 72 159
21 17995452 0 1 0 1 3 8 15 16 11 31
21 18134262 0 1 0 1 12 9 28 36 21 64
21 18269968 0 1 0 1 22 28 49 88 50 137
21 18279040 0 1 0 1 10 15 31 41 25 72
21 18294584 0 1 0 1 23 18 53 61 41 114
21 18326589 0 1 0 1 21 29 62 68 50 130
21 18332130 0 1 0 1 47 45 84 102 92 186
21 18332246 0 1 0 1 6 14 40 31 20 71
21 18341326 0 1 0 0 2 14 0 64 16 64
21 18341330 0 1 0 1 8 9 38 27 17 65
21 18359917 0 1 0 1 9 6 30 46 15 76
21 18383723 0 1 0 1 67 38 90 99 105 189
21 18857784 0 1 0 1 10 11 41 40 21 81
21 18857850 0 1 0 1 8 29 40 87 37 127
21 18857976 0 1 0 1 3 16 24 52 19 76
21 18858054 0 1 0 1 6 5 25 36 11 61
21 18858070 0 1 0 1 8 9 29 32 17 61
21 18858072 0 1 0 1 9 8 35 29 17 64
21 18858178 0 1 0 1 8 21 19 44 29 63
21 19245939 0 1 0 1 26 9 42 40 35 82
21 21324517 0 1 0 1 14 18 58 54 32 112
21 21468609 0 1 0 1 16 17 59 40 33 99
21 21468802 0 1 0 1 21 19 40 47 40 87
21 23101805 0 1 0 1 5 8 22 22 13 44
21 23102606 0 1 0 1 5 7 28 24 12 52
21 23102922 0 1 0 1 12 16 55 56 28 111
21 23102962 0 1 0 1 11 10 59 51 21 110
21 25362066 0 1 0 1 8 3 26 18 11 44
21 25587877 0 1 0 1 5 9 14 12 14 26
21 25588774 0 1 0 1 17 13 43 47 30 90
21 25592788 0 1 0 1 13 15 29 48 28 77
21 25592836 0 1 0 1 21 31 51 85 52 136
21 25592893 0 1 0 1 15 32 48 83 47 131
21 25594005 0 1 0 1 7 6 18 27 13 45
21 25597391 0 1 0 1 6 14 42 25 20 67
21 25603938 0 1 0 1 39 43 78 85 82 163
21 25606638 0 1 0 1 24 32 49 72 56 121
21 25607316 0 1 0 1 40 43 74 80 83 154
21 25749077 0 1 0 1 7 8 39 52 15 91
21 25768992 0 1 0 0 3 28 0 82 31 82
21 25954545 0 1 0 1 13 20 38 38 33 76
21 25955548 0 1 0 1 3 8 12 22 11 34
21 25955861 0 1 0 1 15 32 57 66 47 123
21 25999996 0 1 0 0 2 19 0 73 21 73
21 26480405 0 1 0 1 42 43 80 76 85 156
21 26572822 0 1 0 1 11 15 36 43 26 79
21 26843740 0 1 0 1 19 9 40 66 28 106
21 26844355 0 1 0 1 20 36 73 62 56 135
21 26924358 0 1 0 1 59 64 77 109 123 186
21 26932893 0 1 0 1 44 41 88 66 85 154
21 26953957 0 1 0 1 8 8 17 21 16 38
21 26965540 0 1 0 1 40 45 86 82 85 168
21 26965979 0 1 0 1 50 57 101 88 107 189
21 27200661 0 1 0 1 7 6 11 18 13 29
21 28952322 0 1 0 1 8 5 29 23 13 52
21 28960589 0 1 0 1 62 58 84 83 120 167
21 28993001 0 1 0 1 7 11 27 25 18 52
21 29008407 0 1 0 0 3 80 0 184 83 184
21 29036349 0 1 0 1 50 39 76 96 89 172
21 29042403 0 1 0 1 15 32 56 68 47 124
21 29073640 0 1 0 1 15 22 64 63 37 127
21 29091820 0 1 0 1 8 8 20 27 16 47
21 29092595 0 1 0 1 21 13 28 38 34 66
21 29109050 0 1 0 1 26 20 62 56 46 118
21 29109291 0 1 0 1 7 7 25 35 14 60
21 29160116 0 1 0 1 17 15 44 35 32 79
21 29342455 0 1 0 1 29 35 74 89 64 163
21 29553607 0 1 0 1 20 26 58 39 46 97
21 29588811 0 1 0 1 28 24 40 57 52 97
21 29591270 0 1 0 1 21 25 44 57 46 101
21 29597581 0 1 0 1 9 27 46 58 36 104
21 29598863 0 1 0 1 28 29 63 75 57 138
21 29630483 0 1 0 1 12 9 28 40 21 68
21 29861677 0 1 0 1 11 12 47 53 23 100
21 30337373 0 1 0 1 37 34 71 95 71 166
21 30347969 0 1 0 1 10 6 33 23 16 56
21 30371809 0 1 0 1 33 24 60 68 57 128
21 30430450 0 1 0 1 21 35 73 62 56 135
21 30430841 0 1 0 1 16 17 36 31 33 67
21 30440454 0 1 0 1 28 42 82 77 70 159
21 30487358 0 1 0 1 16 15 51 75 31 126
21 30496968 0 1 0 1 54 50 96 98 104 194
21 30541681 0 1 0 1 45 62 83 111 107 194
21 30561407 0 1 0 1 15 10 37 30 25 67
21 30592597 0 1 0 1 30 37 77 80 67 157
21 30601086 0 1 0 1 18 18 47 52 36 99
21 30616477 0 1 0 1 51 40 85 96 91 181
21 30642851 0 1 0 1 17 16 43 51 33 94
21 30741922 0 1 0 1 3 23 4 75 26 79
21 30741924 0 1 0 1 5 21 8 72 26 80
21 30741956 0 1 0 1 7 19 18 67 26 85
21 30741957 0 1 0 1 9 19 20 66 28 86
21 30741969 0 1 0 1 9 15 22 60 24 82
21 30741978 0 1 0 1 5 19 10 71 24 81
21 30741980 0 1 0 1 9 13 22 59 22 81
21 30742019 0 1 0 1 7 11 26 37 18 63
21 30742020 0 1 0 1 6 11 26 37 17 63
21 30742062 0 1 0 1 8 6 33 28 14 61
21 30742090 0 1 0 1 2 21 7 68 23 75
21 30742092 0 1 0 1 8 13 27 50 21 77
21 30742109 0 1 0 1 12 9 35 41 21 76
21 30742110 0 1 0 1 11 9 36 41 20 77
21 30742111 0 1 0 1 5 15 16 63 20 79
21 30742122 0 1 0 1 3 21 14 69 24 83
21 30742132 0 1 0 1 4 21 16 70 25 86
21 30742158 0 1 0 1 3 28 9 74 31 83
21 30742162 0 1 0 1 4 26 15 72 30 87
21 30742191 0 1 0 1 6 16 11 56 22 67
21 30742192 0 1 0 1 3 20 12 60 23 72
21 30742214 0 1 0 1 6 11 15 48 17 63
21 30742236 0 1 0 1 3 13 5 60 16 65
21 30742240 0 1 0 1 2 13 6 49 15 55
21 30742246 0 1 0 1 2 10 17 34 12 51
21 30742272 0 1 0 1 6 3 24 16 9 40
21 31061278 0 1 0 1 9 8 26 22 17 48
21 31061981 0 1 0 1 14 15 39 36 29 75
21 31062373 0 1 0 1 18 29 71 70 47 141
21 31062447 0 1 0 1 19 22 56 58 41 114
21 31062818 0 1 0 1 8 9 23 23 17 46
21 31063015 0 1 0 1 20 28 63 89 48 152
21 31063028 0 1 0 1 22 30 68 86 52 154
21 31152534 0 1 0 1 12 9 46 30 21 76
21 31152984 0 1 0 1 30 48 62 80 78 142
21 31452777 0 1 0 1 6 17 38 43 23 81
21 31945965 0 1 0 0 3 47 0 140 50 140
21 31998587 0 1 0 1 60 45 87 99 105 186
21 31999195 0 1 0 1 18 23 54 62 41 116
21 32321914 0 1 0 1 39 64 78 107 103 185
21 32377224 0 1 0 1 23 22 59 40 45 99
21 32467684 0 1 0 1 34 22 64 55 56 119
21 32467787 0 1 0 1 39 47 78 84 86 162
21 32494970 0 1 0 1 19 18 37 61 37 98
21 32621069 0 1 0 0 2 15 0 83 17 83
21 32625156 0 1 0 1 7 9 20 23 16 43
21 32641768 0 1 0 1 8 5 29 29 13 58
21 32646127 0 1 0 1 13 12 41 31 25 72
21 32666381 0 1 0 0 2 23 0 102 25 102
21 32666387 0 1 0 0 2 27 0 109 29 109
21 32678632 0 1 0 1 16 19 57 32 35 89
21 32699829 0 1 0 1 17 16 50 62 33 112
21 32756406 0 1 0 1 16 14 38 58 30 96
21 32771437 0 1 0 0 2 18 0 79 20 79
21 33324959 0 1 0 1 20 19 50 54 39 104
21 33345420 0 1 0 1 38 57 85 94 95 179
21 33415005 0 1 0 1 4 28 38 40 32 78
21 33517198 0 1 0 1 19 12 45 50 31 95
21 33521037 0 1 0 1 7 13 28 37 20 65
21 33588666 0 1 0 0 2 10 0 42 12 42
21 33596197 0 1 0 1 21 28 55 48 49 103
21 33641169 0 1 0 0 2 19 0 73 21 73
21 33766022 0 1 0 1 40 50 66 99 90 165
21 33856649 0 1 0 1 35 20 52 48 55 100
21 33858617 0 1 0 1 14 15 46 41 29 87
21 33865045 0 1 0 1 16 23 29 43 39 72
21 33865304 0 1 0 1 21 17 44 33 38 77
21 33875307 0 1 0 1 7 13 35 30 20 65
21 33875569 0 1 0 1 14 11 36 54 25 90
21 33888177 0 1 0 1 28 36 87 82 64 169
21 33903905 0 1 0 1 11 12 32 51 23 83
21 33909089 0 1 0 1 11 11 44 58 22 102
21 33912379 0 1 0 1 23 27 48 67 50 115
21 33912430 0 1 0 1 17 14 42 34 31 76
21 34521439 0 1 0 1 26 26 78 69 52 147
21 35038609 0 1 0 1 3 7 5 27 10 32
21 35038611 0 1 0 1 4 5 6 28 9 34
21 35047623 0 1 0 1 25 14 52 57 39 109
21 35048739 0 1 0 1 15 17 41 34 32 75
21 36048352 0 1 0 1 38 38 78 80 76 158
21 36050668 0 1 0 1 27 20 81 68 47 149
21 36053657 0 1 0 1 29 33 60 57 62 117
21 36053673 0 1 0 1 24 28 51 45 52 96
21 36070334 0 1 0 1 27 50 49 112 77 161
21 36071822 0 1 0 1 14 14 41 50 28 91
21 36072398 0 1 0 1 40 65 101 87 105 188
21 36072675 0 1 0 1 50 46 87 107 96 194
21 36135203 0 1 0 1 22 34 65 68 56 133
21 36135471 0 1 0 1 40 36 75 100 76 175
21 36146064 0 1 0 1 12 14 29 24 26 53
21 36146284 0 1 0 1 45 36 82 89 81 171
21 36146552 0 1 0 1 22 17 35 59 39 94
21 36208903 0 1 0 0 2 8 0 43 10 43
21 36211506 0 1 0 1 47 43 71 103 90 174
21 36237273 0 1 0 1 61 84 93 108 145 201
21 36239684 0 1 0 1 11 10 32 25 21 57
21 36247426 0 1 0 1 13 23 52 48 36 100
21 36251149 0 1 0 1 18 16 30 59 34 89
21 36253713 0 1 0 1 24 30 43 40 54 83
21 36269898 0 1 0 1 7 4 17 20 11 37
21 36293408 0 1 0 0 3 69 0 156 72 156
21 36356790 0 1 0 1 13 13 50 65 26 115
21 36369631 0 1 0 1 22 26 67 85 48 152
21 36377391 0 1 0 1 22 16 42 54 38 96
21 36413278 0 1 0 1 22 22 66 51 44 117
21 36461009 0 1 0 1 23 22 37 49 45 86
21 36461453 0 1 0 1 43 39 67 102 82 169
21 36485969 0 1 0 1 23 24 67 60 47 127
21 36486653 0 1 0 1 28 20 81 45 48 126
21 36486659 0 1 0 1 26 22 81 41 48 122
21 36709262 0 1 0 1 23 33 64 68 56 132
21 36709277 0 1 0 1 18 32 61 66 50 127
21 36754538 0 1 0 1 6 9 19 21 15 40
21 36759871 0 1 0 1 45 41 71 104 86 175
21 36767101 0 1 0 1 19 16 60 45 35 105
21 36767331 0 1 0 1 12 11 29 36 23 65
21 36936611 0 1 0 1 25 32 81 92 57 173
21 37008068 0 1 0 1 21 38 58 76 59 134
21 37013380 0 1 0 1 14 6 29 23 20 52
21 37069464 0 1 0 0 2 9 0 67 11 67
21 37072590 0 1 0 1 15 11 49 61 26 110
21 37090314 0 1 0 1 13 33 66 83 46 149
21 37090416 0 1 0 1 8 9 23 20 17 43
21 37095557 0 1 0 1 10 12 40 37 22 77
21 37096658 0 1 0 1 23 13 47 44 36 91
21 37096717 0 1 0 1 8 10 19 29 18 48
21 37140656 0 1 0 1 17 22 43 42 39 85
21 37144721 0 1 0 1 37 36 76 81 73 157
21 37144758 0 1 0 1 27 24 54 54 51 108
21 37152898 0 1 0 1 6 16 26 30 22 56
21 37153056 0 1 0 1 14 27 53 58 41 111
21 37156565 0 1 0 1 14 11 25 15 25 40
21 37167416 0 1 0 1 5 8 17 13 13 30
21 37167542 0 1 0 1 8 18 53 53 26 106
21 37191385 0 1 0 1 21 22 49 59 43 108
21 37191424 0 1 0 1 17 26 45 54 43 99
21 37195601 0 1 0 1 23 14 38 46 37 84
21 37195610 0 1 0 1 29 18 44 50 47 94
21 37195708 0 1 0 1 53 48 103 72 101 175
21 37196007 0 1 0 1 23 33 64 73 56 137
21 37221088 0 1 0 1 7 12 23 28 19 51
21 37221319 0 1 0 1 48 53 104 89 101 193
21 37486636 0 1 0 1 25 35 60 67 60 127
21 37490268 0 1 0 1 2 105 97 90 107 187
21 37506082 0 1 0 0 2 28 0 111 30 111
21 37625399 0 1 0 1 45 61 86 99 106 185
21 37714662 0 1 0 1 29 41 70 102 70 172
21 37952931 0 1 0 1 30 21 80 59 51 139
21 38367743 0 1 0 1 42 27 84 78 69 162
21 38390961 0 1 0 1 20 14 54 51 34 105
21 38392289 0 1 0 1 28 42 73 74 70 147
21 38575823 0 1 0 1 26 20 43 38 46 81
21 38878842 0 1 0 1 20 36 79 70 56 149
21 39177540 0 1 0 1 17 22 55 51 39 106
21 39180017 0 1 0 1 30 50 60 89 80 149
21 39180482 0 1 0 1 6 5 29 16 11 45
21 39183234 0 1 0 1 9 14 33 45 23 78
21 39183425 0 1 0 1 3 13 43 35 16 78
21 39200146 0 1 0 1 6 4 23 15 10 38
21 39202379 0 1 0 1 22 11 40 51 33 91
21 39225310 0 1 0 1 7 5 22 10 12 32
21 39250927 0 1 0 1 5 8 24 33 13 57
21 39269932 0 1 0 1 16 10 57 48 26 105
21 39270460 0 1 0 1 7 4 25 21 11 46
21 39274302 0 1 0 1 7 21 5 76 28 81
21 39274304 0 1 0 1 17 2 39 11 19 50
21 39276339 0 1 0 1 8 13 14 16 21 30
21 39280114 0 1 0 1 25 13 58 32 38 90
21 39280216 0 1 0 1 38 46 69 105 84 174
21 39313209 0 1 0 1 6 5 21 43 11 64
21 39313313 0 1 0 1 11 14 46 44 25 90
21 39313320 0 1 0 1 10 13 47 44 23 91
21 39313358 0 1 0 1 5 6 23 33 11 56
21 39314152 0 1 0 1 65 71 81 115 136 196
21 39314401 0 1 0 1 23 20 88 59 43 147
21 39314456 0 1 0 1 16 16 57 51 32 108
21 39428445 0 1 0 1 42 47 75 81 89 156
21 39451976 0 1 0 1 37 34 99 68 71 167
21 39452235 0 1 0 1 17 10 48 44 27 92
21 39499800 0 1 0 1 7 11 24 23 18 47
21 39499884 0 1 0 1 21 26 64 64 47 128
21 39508972 0 1 0 0 2 13 0 64 15 64
21 39509169 0 1 0 1 10 12 52 31 22 83
21 39511785 0 1 0 1 18 20 42 55 38 97
21 39511873 0 1 0 1 17 18 43 51 35 94
21 39515258 0 1 0 1 22 29 50 60 51 110
21 39527137 0 1 0 1 6 6 13 30 12 43
21 39745606 0 1 0 1 14 12 36 49 26 85
21 39765435 0 1 0 1 8 8 24 16 16 40
21 39765580 0 1 0 1 55 52 83 100 107 183
21 39771013 0 1 0 1 16 18 65 62 34 127
21 39771319 0 1 0 1 9 12 20 23 21 43
21 39779156 0 1 0 0 3 75 0 149 78 149
21 39788315 0 1 0 1 14 15 41 42 29 83
21 39793374 0 1 0 1 6 8 15 11 14 26
21 39793639 0 1 0 1 33 38 66 89 71 155
21 40042663 0 1 0 1 19 13 41 40 32 81
21 40044139 0 1 0 1 9 9 30 31 18 61
21 40051885 0 1 0 1 56 38 65 87 94 152
21 40062744 0 1 0 1 6 9 19 19 15 38
21 40062914 0 1 0 1 29 30 71 62 59 133
21 40075131 0 1 0 1 34 18 76 70 52 146
21 40083927 0 1 0 1 23 15 54 68 38 122
21 40134131 0 1 0 1 6 6 21 12 12 33
21 40577403 0 1 0 1 6 8 24 25 14 49
21 40577551 0 1 0 1 4 6 22 18 10 40
21 40708853 0 1 0 1 13 12 48 38 25 86
21 41345735 0 1 0 1 22 13 46 50 35 96
21 41382379 0 1 0 0 2 28 0 129 30 129
21 41442026 0 1 0 0 6 7 0 32 13 32
21 41442032 0 1 0 0 4 8 0 29 12 29
21 41476652 0 1 0 1 18 18 59 68 36 127
21 41713038 0 1 0 1 9 6 18 35 15 53
21 41740862 0 1 0 1 7 4 28 23 11 51
21 41741717 0 1 0 1 58 48 91 95 106 186
21 41741990 0 1 0 1 32 29 79 65 61 144
21 41742040 0 1 0 1 17 19 52 41 36 93
21 41744072 0 1 0 1 12 18 60 56 30 116
21 41746221 0 1 0 0 2 13 0 74 15 74
21 41749197 0 1 0 1 21 34 57 65 55 122
21 41756639 0 1 0 1 38 29 68 91 67 159
21 41756672 0 1 0 1 49 39 79 92 88 171
21 41801666 0 1 0 1 42 30 84 88 72 172
21 41802619 0 1 0 1 17 6 27 30 23 57
21 41804523 0 1 0 1 8 18 58 56 26 114
21 41810915 0 1 0 1 24 37 68 70 61 138
21 41810940 0 1 0 1 24 22 55 52 46 107
21 41810986 0 1 0 1 8 10 23 33 18 56
21 41815820 0 1 0 1 54 50 91 90 104 181
21 41815927 0 1 0 1 14 14 35 22 28 57
21 41815928 0 1 0 1 14 14 22 33 28 55
21 41815959 0 1 0 1 14 8 11 21 22 32
21 41826139 0 1 0 1 18 18 41 53 36 94
21 41854544 0 1 0 1 12 13 34 32 25 66
21 41860297 0 1 0 1 22 24 66 49 46 115
21 41878606 0 1 0 1 15 12 52 39 27 91
21 41879245 0 1 0 1 6 12 32 33 18 65
21 41918066 0 1 0 1 5 7 38 39 12 77
21 41918291 0 1 0 1 2 10 27 20 12 47
21 41918824 0 1 0 1 8 3 17 29 11 46
21 41918839 0 1 0 1 11 4 19 35 15 54
21 41919045 0 1 0 1 15 18 41 61 33 102
21 41921937 0 1 0 1 22 20 56 64 42 120
21 41991528 0 1 0 1 33 27 83 82 60 165
21 41993622 0 1 0 1 55 66 96 89 121 185
21 41993701 0 1 0 0 3 91 0 180 94 180
21 42022263 0 1 0 1 35 38 67 69 73 136
21 42075908 0 1 0 1 14 12 27 35 26 62
21 42076272 0 1 0 1 25 26 68 55 51 123
21 42084118 0 1 0 1 34 28 73 80 62 153
21 42127921 0 1 0 1 27 36 65 65 63 130
21 42256476 0 1 0 1 34 33 69 72 67 141
21 42259328 0 1 0 1 20 21 38 71 41 109
21 42259403 0 1 0 1 18 27 43 58 45 101
21 42259444 0 1 0 1 9 16 38 31 25 69
21 42277085 0 1 0 1 8 5 25 33 13 58
21 42294825 0 1 0 1 7 7 21 16 14 37
21 42395552 0 1 0 1 15 13 35 51 28 86
21 42403801 0 1 0 1 4 6 23 27 10 50
21 42403997 0 1 0 1 21 15 33 56 36 89
21 42404014 0 1 0 1 17 15 36 52 32 88
21 42406235 0 1 0 1 63 64 84 105 127 189
21 42406282 0 1 0 1 69 52 89 98 121 187
21 42409649 0 1 0 1 18 12 42 38 30 80
21 42426620 0 1 0 1 14 14 51 43 28 94
21 42432037 0 1 0 1 6 11 26 24 17 50
21 42432051 0 1 0 1 8 13 27 32 21 59
21 42432123 0 1 0 1 23 34 57 74 57 131
21 42432246 0 1 0 1 41 41 71 88 82 159
21 42434875 0 1 0 1 34 41 58 104 75 162
21 42472765 0 1 0 1 8 23 33 56 31 89
21 42477245 0 1 0 1 7 7 12 15 14 27
21 42485777 0 1 0 1 17 18 52 56 35 108
21 42486241 0 1 0 1 24 25 53 51 49 104
21 42496229 0 1 0 1 17 19 45 46 36 91
21 42518563 0 1 0 1 9 22 43 56 31 99
21 42539660 0 1 0 1 36 48 85 79 84 164
21 42543649 0 1 0 1 10 7 27 30 17 57
21 42547016 0 1 0 1 10 7 32 22 17 54
21 42564016 0 1 0 1 8 8 22 30 16 52
21 42565845 0 1 0 1 24 32 69 83 56 152
21 42566065 0 1 0 1 7 5 28 31 12 59
21 42568327 0 1 0 1 61 71 102 92 132 194
21 42579873 0 1 0 1 26 17 67 46 43 113
21 42579942 0 1 0 1 7 3 22 31 10 53
21 42579953 0 1 0 1 7 3 19 25 10 44
21 42580256 0 1 0 1 12 20 48 38 32 86
21 42687879 0 1 0 1 22 20 68 58 42 126
21 42698848 0 1 0 1 6 4 25 27 10 52
21 42732039 0 1 0 1 19 42 74 84 61 158
21 42743772 0 1 0 0 2 24 0 105 26 105
21 42754165 0 1 0 1 6 8 17 17 14 34
21 42769266 0 1 0 1 10 10 37 18 20 55
21 42770570 0 1 0 1 11 8 22 25 19 47
21 42775264 0 1 0 1 20 31 58 65 51 123
21 42850119 0 1 0 1 29 21 52 75 50 127
21 42852217 0 1 0 1 8 7 28 23 15 51
21 42859738 0 1 0 1 17 13 52 70 30 122
21 42876825 0 1 0 1 4 8 19 25 12 44
21 42896893 0 1 0 1 10 8 18 39 18 57
21 43028608 0 1 0 1 13 9 35 43 22 78
21 43028653 0 1 0 1 18 26 71 57 44 128
21 43028665 0 1 0 1 22 29 73 67 51 140
21 43029807 0 1 0 1 7 7 21 26 14 47
21 43262547 0 1 0 1 2 11 9 42 13 51
21 43262563 0 1 0 1 7 6 27 21 13 48
21 43262614 0 1 0 1 2 10 10 32 12 42
21 43262686 0 1 0 1 1 14 3 57 15 60
21 43262691 0 1 0 1 2 16 3 67 18 70
21 43262709 0 1 0 1 4 12 4 49 16 53
21 43262751 0 1 0 1 3 13 12 47 16 59
21 43633130 0 1 0 1 11 4 14 17 15 31
21 43644415 0 1 0 1 16 23 44 55 39 99
21 43656492 0 1 0 1 7 5 25 26 12 51
21 43656562 0 1 0 1 28 27 74 56 55 130
21 43658154 0 1 0 1 23 14 58 68 37 126
21 43669996 0 1 0 1 14 20 44 81 34 125
21 43670089 0 1 0 0 2 9 0 45 11 45
21 43672376 0 1 0 1 45 48 81 84 93 165
21 43676325 0 1 0 1 25 46 72 93 71 165
21 43687681 0 1 0 1 18 24 66 59 42 125
21 43732619 0 1 0 1 40 40 86 70 80 156
21 43749124 0 1 0 1 8 7 32 25 15 57
21 43750699 0 1 0 1 8 9 28 30 17 58
21 43752498 0 1 0 1 23 26 65 55 49 120
21 43755690 0 1 0 1 43 34 87 92 77 179
21 43755890 0 1 0 0 2 14 0 67 16 67
21 43756077 0 1 0 1 35 38 76 86 73 162
21 43791051 0 1 0 1 25 22 65 48 47 113
21 43795072 0 1 0 1 6 8 26 24 14 50
21 43795165 0 1 0 1 27 43 65 86 70 151
21 43795170 0 1 0 1 30 44 67 88 74 155
21 43795171 0 1 0 1 46 30 89 66 76 155
21 43797575 0 1 0 1 41 30 88 84 71 172
21 43797678 0 1 0 1 43 55 87 85 98 172
21 43856126 0 1 0 1 9 6 18 11 15 29
21 43969380 0 1 0 1 3 8 22 18 11 40
21 43971258 0 1 0 1 11 4 24 33 15 57
21 43980900 0 1 0 1 3 9 21 23 12 44
21 43984965 0 1 0 1 8 11 25 35 19 60
21 43985093 0 1 0 1 17 21 35 48 38 83
21 44062919 0 1 0 1 16 15 50 37 31 87
21 44074302 0 1 0 1 10 28 61 33 38 94
21 44079542 0 1 0 1 36 19 63 76 55 139
21 44080178 0 1 0 1 14 10 35 44 24 79
21 44083240 0 1 0 1 23 22 78 73 45 151
21 44086938 0 1 0 1 18 20 59 41 38 100
21 44089769 0 1 0 1 26 32 65 60 58 125
21 44259644 0 1 0 1 38 37 88 79 75 167
21 44288394 0 1 0 1 44 40 98 85 84 183
21 44289685 0 1 0 1 32 23 89 67 55 156
21 44292157 0 1 0 0 2 18 0 71 20 71
21 44293094 0 1 0 1 14 17 45 55 31 100
21 44297529 0 1 0 1 19 17 44 69 36 113
21 44304172 0 1 0 1 12 20 33 25 32 58
21 44313189 0 1 0 1 20 17 44 47 37 91
21 44321971 0 1 0 1 10 14 37 38 24 75
21 44322939 0 1 0 1 14 23 57 46 37 103
21 44323711 0 1 0 1 7 12 30 33 19 63
21 44325099 0 1 0 1 16 20 61 52 36 113
21 44326342 0 1 0 1 5 9 20 27 14 47
21 44330463 0 1 0 1 41 33 71 91 74 162
21 44330855 0 1 0 0 3 51 0 150 54 150
21 44334008 0 1 0 1 23 29 70 80 52 150
21 44335925 0 1 0 1 18 12 45 29 30 74
21 44551279 0 1 0 1 4 14 13 43 18 56
21 44558605 0 1 0 1 6 12 27 28 18 55
21 44558708 0 1 0 1 13 30 47 51 43 98
21 44567893 0 1 0 0 4 65 0 148 69 148
21 44574360 0 1 0 1 10 25 26 67 35 93
21 44574405 0 1 0 1 4 34 9 93 38 102
21 44580521 0 1 0 1 4 9 43 49 13 92
21 44600632 0 1 0 0 2 33 0 125 35 125
21 44612661 0 1 0 0 2 32 0 119 34 119
21 44627501 0 1 0 1 27 25 74 78 52 152
21 44627716 0 1 0 1 44 35 85 94 79 179
21 44627793 0 1 0 1 34 25 68 72 59 140
21 44627940 0 1 0 1 10 17 66 59 27 125
21 44628008 0 1 0 1 16 18 68 59 34 127
21 44628054 0 1 0 1 12 21 43 40 33 83
21 44637476 0 1 0 1 7 11 30 40 18 70
21 44637631 0 1 0 1 15 14 51 55 29 106
21 44637889 0 1 0 1 28 19 70 74 47 144
21 44638041 0 1 0 1 11 11 36 43 22 79
21 44638143 0 1 0 1 12 7 17 41 19 58
21 44646402 0 1 0 1 7 3 15 15 10 30
21 44646847 0 1 0 1 28 33 78 83 61 161
21 44647263 0 1 0 1 20 20 63 63 40 126
21 44654174 0 1 0 1 8 5 15 17 13 32
21 44654187 0 1 0 1 10 4 17 22 14 39
21 44654285 0 1 0 1 10 16 34 75 26 109
21 44657895 0 1 0 1 11 8 30 36 19 66
21 44658029 0 1 0 1 30 15 72 89 45 161
21 44666571 0 1 0 1 50 58 86 80 108 166
21 44666801 0 1 0 1 34 31 78 71 65 149
21 44666802 0 1 0 1 33 31 79 69 64 148
21 44666840 0 1 0 1 23 20 64 43 43 107
21 44666841 0 1 0 1 22 20 63 43 42 106
21 44676121 0 1 0 1 10 4 25 23 14 48
21 44676240 0 1 0 1 17 16 35 21 33 56
21 44676314 0 1 0 1 11 8 28 22 19 50
21 44676322 0 1 0 1 9 8 25 25 17 50
21 44676517 0 1 0 1 5 7 21 26 12 47
21 44676559 0 1 0 1 6 6 39 26 12 65
21 44676567 0 1 0 1 6 6 40 28 12 68
21 44676658 0 1 0 1 22 12 67 46 34 113
21 44676740 0 1 0 1 19 10 39 37 29 76
21 44676814 0 1 0 1 12 8 43 40 20 83
21 44677044 0 1 0 1 9 16 50 47 25 97
21 44677081 0 1 0 1 13 23 62 49 36 111
21 44677087 0 1 0 1 13 25 62 53 38 115
21 44677140 0 1 0 1 27 37 78 70 64 148
21 44682019 0 1 0 1 66 47 96 94 113 190
21 44682078 0 1 0 1 40 22 74 61 62 135
21 44702498 0 1 0 1 23 24 68 66 47 134
21 44808613 0 1 0 1 51 49 56 94 100 150
21 44900398 0 1 0 1 41 37 78 70 78 148
21 44901762 0 1 0 1 29 26 66 66 55 132
21 44906900 0 1 0 1 27 44 88 58 71 146
21 44907920 0 1 0 1 8 8 24 27 16 51
21 44908111 0 1 0 1 31 31 67 68 62 135
21 44908184 0 1 0 1 12 9 33 25 21 58
21 44969102 0 1 0 1 10 12 37 50 22 87
21 45478329 0 1 0 1 29 19 65 80 48 145
21 45509553 0 1 0 1 7 11 26 37 18 63
21 45511078 0 1 0 1 8 14 35 25 22 60
21 45511079 0 1 0 1 7 15 32 29 22 61
21 45512414 0 1 0 1 15 17 58 51 32 109
21 45512469 0 1 0 1 7 7 27 20 14 47
21 45514912 0 1 0 1 14 6 26 27 20 53
21 45514947 0 1 0 1 23 15 46 39 38 85
21 45531642 0 1 0 1 28 41 76 86 69 162
21 45532180 0 1 0 1 25 32 59 76 57 135
21 45534429 0 1 0 1 17 11 40 35 28 75
21 45537880 0 1 0 1 24 33 58 82 57 140
21 45538002 0 1 0 1 6 14 30 23 20 53
21 45981846 0 1 0 1 5 8 24 30 13 54
21 45984483 0 1 0 1 55 48 73 72 103 145
21 45989589 0 1 0 1 11 4 36 26 15 62
21 45990490 0 1 0 1 3 14 6 68 17 74
21 45990497 0 1 0 1 4 18 4 70 22 74
21 45992837 0 1 0 1 12 8 32 46 20 78
21 45997292 0 1 0 1 16 9 29 30 25 59
21 45997501 0 1 0 1 14 9 57 25 23 82
21 45998061 0 1 0 1 7 11 39 25 18 64
21 45998650 0 1 0 1 7 11 22 18 18 40
21 45999606 0 1 0 1 11 11 39 28 22 67
21 45999783 0 1 0 1 18 34 52 82 52 134
21 45999833 0 1 0 1 12 17 40 53 29 93
21 45999856 0 1 0 1 10 13 30 39 23 69
21 45999866 0 1 0 1 9 10 29 34 19 63
21 45999880 0 1 0 1 8 8 24 26 16 50
21 45999890 0 1 0 1 5 7 18 24 12 42
21 46000812 0 1 0 1 22 27 55 83 49 138
21 46000847 0 1 0 1 17 19 39 60 36 99
21 46000855 0 1 0 1 17 18 35 56 35 91
21 46001401 0 1 0 1 31 31 67 61 62 128
21 46002208 0 1 0 1 14 18 46 65 32 111
21 46002498 0 1 0 1 57 61 102 88 118 190
21 46002725 0 1 0 1 11 15 48 40 26 88
21 46003219 0 1 0 1 20 21 39 61 41 100
21 46003595 0 1 0 1 42 34 89 82 76 171
21 46112630 0 1 0 1 18 25 56 52 43 108
21 46112639 0 1 0 1 24 14 52 52 38 104
21 46116231 0 1 0 1 22 21 45 50 43 95
21 46116632 0 1 0 1 18 15 51 40 33 91
21 46117968 0 1 0 1 20 19 70 65 39 135
21 46118777 0 1 0 1 20 17 58 46 37 104
21 46120507 0 1 0 1 5 14 33 28 19 61
21 46120598 0 1 0 0 2 28 0 112 30 112
21 46120659 0 1 0 1 8 7 39 36 15 75
21 46120928 0 1 0 1 10 12 30 34 22 64
21 46121388 0 1 0 1 7 6 16 16 13 32
21 46121639 0 1 0 1 24 12 50 53 36 103
21 46122072 0 1 0 1 6 9 37 34 15 71
21 46122284 0 1 0 0 2 24 0 91 26 91
21 46122306 0 1 0 1 8 9 41 36 17 77
21 46122720 0 1 0 1 5 6 31 35 11 66
21 46122865 0 1 0 1 35 32 80 70 67 150
21 46124627 0 1 0 1 12 12 36 50 24 86
21 46125762 0 1 0 1 33 30 60 64 63 124
21 46125854 0 1 0 1 55 77 106 90 132 196
21 46125909 0 1 0 1 50 61 113 82 111 195
21 46125912 0 1 0 1 50 62 112 83 112 195
21 46125999 0 1 0 1 52 56 102 91 108 193
21 46126330 0 1 0 1 8 5 24 34 13 58
21 46131919 0 1 0 1 11 8 30 32 19 62
21 46132471 0 1 0 1 40 56 95 92 96 187
21 46136968 0 1 0 1 17 14 55 57 31 112
21 46137204 0 1 0 1 35 25 81 79 60 160
21 46138559 0 1 0 1 7 9 40 42 16 82
21 46138768 0 1 0 0 2 12 0 72 14 72
21 46152004 0 1 0 0 2 28 0 118 30 118
21 46155346 0 1 0 1 4 8 18 19 12 37
21 46193072 0 1 0 1 21 17 64 54 38 118
21 46193656 0 1 0 1 3 12 12 29 15 41
21 46215241 0 1 0 0 2 20 0 90 22 90
21 46334596 0 1 0 1 10 20 31 55 30 86
21 46428507 0 1 0 0 2 23 0 91 25 91
21 46550001 0 1 0 1 3 14 24 27 17 51
21 46643564 0 1 0 1 6 4 31 37 10 68
21 46653004 0 1 0 1 8 10 24 35 18 59
21 46663614 0 1 0 1 6 10 22 31 16 53
