chr pos bloodGT1 bloodGT2 tumorGT1 tumorGT2 AN BN AT BT sN sT
5 163090 0 1 0 1 21 29 77 81 50 158
5 163381 0 1 0 1 23 16 61 70 39 131
5 163396 0 1 0 0 2 33 0 128 35 128
5 236513 0 1 0 1 4 56 6 152 60 158
5 236534 0 1 0 1 5 63 8 165 68 173
5 236538 0 1 0 1 5 62 8 166 67 174
5 236561 0 1 0 1 5 59 8 155 64 163
5 236563 0 1 0 1 5 61 8 153 66 161
5 236566 0 1 0 1 5 62 8 151 67 159
5 256357 0 1 0 1 11 90 18 149 101 167
5 256399 0 1 0 1 10 61 15 129 71 144
5 256458 0 1 0 1 2 28 4 78 30 82
5 256463 0 1 0 1 2 25 4 73 27 77
5 404508 0 1 0 1 9 5 23 14 14 37
5 413476 0 1 0 1 38 40 75 80 78 155
5 413479 0 1 0 1 34 40 74 78 74 152
5 413524 0 1 0 1 22 24 45 54 46 99
5 415577 0 1 0 1 2 8 4 30 10 34
5 415603 0 1 0 1 4 7 26 33 11 59
5 415614 0 1 0 1 3 10 3 49 13 52
5 415637 0 1 0 1 2 9 16 29 11 45
5 421288 0 1 0 1 18 15 41 67 33 108
5 421311 0 1 0 1 21 18 47 81 39 128
5 421340 0 1 0 1 19 23 51 83 42 134
5 422637 0 1 0 1 31 23 55 43 54 98
5 422840 0 1 0 1 28 23 72 45 51 117
5 423791 0 1 0 1 14 15 35 29 29 64
5 427929 0 1 0 1 31 34 69 72 65 141
5 428116 0 1 0 1 7 6 15 22 13 37
5 428121 0 1 0 1 6 5 15 20 11 35
5 432790 0 1 0 1 57 62 108 89 119 197
5 434607 0 1 0 1 9 20 54 64 29 118
5 434883 0 1 0 1 14 8 23 27 22 50
5 442560 0 1 0 1 32 25 79 58 57 137
5 442944 0 1 0 1 8 10 21 25 18 46
5 453452 0 1 0 1 29 40 88 72 69 160
5 456800 0 1 0 1 41 35 75 62 76 137
5 457840 0 1 0 1 10 11 45 37 21 82
5 458036 0 1 0 1 8 12 33 35 20 68
5 462350 0 1 0 1 22 38 53 66 60 119
5 462441 0 1 0 1 2 8 19 15 10 34
5 464224 0 1 0 1 37 32 72 51 69 123
5 472836 0 1 0 1 21 33 65 81 54 146
5 473253 0 1 0 1 9 10 23 14 19 37
5 474859 0 1 0 1 10 11 32 47 21 79
5 475231 0 1 0 1 8 5 27 21 13 48
5 475614 0 1 0 0 3 46 0 114 49 114
5 476238 0 1 0 1 31 25 82 80 56 162
5 476733 0 1 0 1 10 15 34 41 25 75
5 477188 0 1 0 1 12 7 24 23 19 47
5 483449 0 1 0 1 36 28 78 84 64 162
5 485144 0 1 0 1 36 30 80 82 66 162
5 488195 0 1 0 1 10 14 31 46 24 77
5 710546 0 1 0 1 4 65 7 141 69 148
5 710554 0 1 0 1 11 68 14 144 79 158
5 710567 0 1 0 1 18 74 19 149 92 168
5 710599 0 1 0 1 49 68 66 118 117 184
5 710611 0 1 0 1 36 81 38 149 117 187
5 710620 0 1 0 1 15 88 20 157 103 177
5 710632 0 1 0 1 13 106 14 175 119 189
5 710641 0 1 0 1 7 112 9 182 119 191
5 710653 0 1 0 1 3 118 3 185 121 188
5 710699 0 1 0 1 5 96 16 168 101 184
5 710710 0 1 0 1 5 96 16 166 101 182
5 710721 0 1 0 1 5 92 16 166 97 182
5 710858 0 1 0 1 2 92 2 168 94 170
5 710887 0 1 0 1 7 79 11 145 86 156
5 710908 0 1 0 1 14 63 32 121 77 153
5 710915 0 1 0 1 32 39 58 79 71 137
5 710917 0 1 0 1 18 50 34 102 68 136
5 710920 0 1 0 1 31 38 55 79 69 134
5 711204 0 1 0 1 64 34 99 67 98 166
5 711205 0 1 0 1 62 32 98 65 94 163
5 711722 0 1 0 1 39 28 97 65 67 162
5 711760 0 1 0 1 9 69 55 113 78 168
5 711867 0 1 0 1 24 53 52 100 77 152
5 711898 0 1 0 1 2 37 5 80 39 85
5 732263 0 1 0 1 8 13 21 34 21 55
5 732363 0 1 0 1 13 44 34 103 57 137
5 732483 0 1 0 1 8 19 38 54 27 92
5 732484 0 1 0 1 8 19 39 53 27 92
5 732767 0 1 0 1 9 23 40 70 32 110
5 733652 0 1 0 1 9 39 9 84 48 93
5 733883 0 1 0 1 6 32 12 62 38 74
5 733889 0 1 0 1 4 29 12 60 33 72
5 733918 0 1 0 1 15 6 25 26 21 51
5 745191 0 1 0 1 4 62 3 121 66 124
5 748362 0 1 0 1 7 40 7 110 47 117
5 748367 0 1 0 1 6 39 11 109 45 120
5 766795 0 1 0 1 67 25 131 53 92 184
5 766824 0 1 0 1 22 70 53 127 92 180
5 766918 0 1 0 1 62 38 130 64 100 194
5 766969 0 1 0 1 30 65 74 111 95 185
5 767382 0 1 0 1 9 30 24 84 39 108
5 767383 0 1 0 1 20 19 51 56 39 107
5 767388 0 1 0 1 21 19 49 58 40 107
5 767395 0 1 0 1 20 21 49 59 41 108
5 795926 0 1 0 1 29 102 35 163 131 198
5 795936 0 1 0 1 30 100 40 154 130 194
5 795949 0 1 0 1 45 95 59 142 140 201
5 796001 0 1 0 1 2 131 5 192 133 197
5 796029 0 1 0 1 12 122 31 163 134 194
5 796033 0 1 0 1 14 118 34 158 132 192
5 796037 0 1 0 1 13 122 36 156 135 192
5 796041 0 1 0 1 15 119 40 151 134 191
5 796050 0 1 0 1 20 112 57 139 132 196
5 796106 0 1 0 1 42 87 96 91 129 187
5 796114 0 1 0 1 42 81 92 92 123 184
5 796157 0 1 0 1 49 74 93 93 123 186
5 796162 0 1 0 1 49 71 89 92 120 181
5 796182 0 1 0 1 37 57 66 88 94 154
5 796213 0 1 0 1 17 32 34 57 49 91
5 796218 0 1 0 1 15 27 29 52 42 81
5 796237 0 1 0 1 4 16 4 39 20 43
5 801247 0 1 0 1 13 15 33 34 28 67
5 823981 0 1 0 1 5 16 28 26 21 54
5 825045 0 1 0 1 9 17 8 50 26 58
5 837441 0 1 0 1 4 67 5 140 71 145
5 840227 0 1 0 1 33 44 75 83 77 158
5 840391 0 1 0 1 30 40 48 102 70 150
5 840460 0 1 0 1 33 88 62 131 121 193
5 840529 0 1 0 1 8 86 18 155 94 173
5 843581 0 1 0 1 18 14 38 58 32 96
5 843587 0 1 0 1 29 11 74 28 40 102
5 843608 0 1 0 1 39 14 88 42 53 130
5 843700 0 1 0 1 3 17 20 32 20 52
5 870440 0 1 0 1 22 24 58 71 46 129
5 870504 0 1 0 1 26 34 67 95 60 162
5 871483 0 1 0 1 24 23 71 86 47 157
5 878312 0 1 0 1 4 80 9 146 84 155
5 878319 0 1 0 1 8 80 16 143 88 159
5 878345 0 1 0 1 11 106 13 160 117 173
5 878410 0 1 0 1 22 61 33 96 83 129
5 888976 0 1 0 1 16 8 25 33 24 58
5 889579 0 1 0 1 14 16 54 49 30 103
5 889808 0 1 0 1 14 12 32 43 26 75
5 889809 0 1 0 1 14 12 32 43 26 75
5 889817 0 1 0 1 13 10 30 38 23 68
5 889818 0 1 0 1 13 11 30 38 24 68
5 892731 0 1 0 1 13 8 28 31 21 59
5 893580 0 1 0 1 10 15 52 35 25 87
5 896611 0 1 0 1 46 39 80 75 85 155
5 896868 0 1 0 1 10 4 15 21 14 36
5 900724 0 1 0 1 6 7 23 23 13 46
5 903206 0 1 0 1 2 8 21 12 10 33
5 907390 0 1 0 1 8 6 29 22 14 51
5 908473 0 1 0 1 50 77 80 105 127 185
5 908481 0 1 0 1 53 78 82 105 131 187
5 914549 0 1 0 1 24 31 70 87 55 157
5 915792 0 1 0 1 14 9 36 42 23 78
5 915843 0 1 0 1 22 23 51 70 45 121
5 980904 0 1 0 1 7 8 20 22 15 42
5 1009576 0 1 0 1 5 13 16 28 18 44
5 1063883 0 1 0 1 19 27 58 52 46 110
5 1093745 0 1 0 1 9 6 19 21 15 40
5 1093746 0 1 0 1 8 6 19 19 14 38
5 1214149 0 1 0 1 24 18 49 63 42 112
5 1216785 0 1 0 1 59 44 95 99 103 194
5 1219143 0 1 0 1 12 18 41 32 30 73
5 1225573 0 1 0 1 18 18 45 83 36 128
5 1232286 0 1 0 0 2 29 0 106 31 106
5 1240733 0 1 0 1 12 24 37 43 36 80
5 1244310 0 1 0 1 20 20 78 56 40 134
5 1293971 0 1 0 1 42 48 99 81 90 180
5 1320607 0 1 0 1 6 8 20 27 14 47
5 1321758 0 1 0 1 37 38 65 85 75 150
5 1325652 0 1 0 1 7 6 28 21 13 49
5 1325688 0 1 0 1 11 13 45 47 24 92
5 1330138 0 1 0 1 9 8 31 43 17 74
5 1335227 0 1 0 1 32 45 68 73 77 141
5 1344343 0 1 0 1 62 63 104 83 125 187
5 1400730 0 1 0 1 8 5 23 24 13 47
5 1409870 0 1 0 1 18 18 42 56 36 98
5 1411141 0 1 0 1 10 7 21 27 17 48
5 1411297 0 1 0 1 24 36 67 91 60 158
5 1432710 0 1 0 1 20 25 68 55 45 123
5 1432761 0 1 0 1 7 11 38 27 18 65
5 1432766 0 1 0 1 8 9 36 26 17 62
5 1442859 0 1 0 1 17 15 46 52 32 98
5 1443084 0 1 0 1 35 37 84 72 72 156
5 1463913 0 1 0 1 16 16 48 47 32 95
5 1466804 0 1 0 1 53 59 95 89 112 184
5 1470785 0 1 0 1 43 24 83 74 67 157
5 1489904 0 1 0 1 16 10 53 46 26 99
5 1494649 0 1 0 1 21 33 53 59 54 112
5 1501675 0 1 0 1 10 15 33 34 25 67
5 1572179 0 1 0 1 16 30 35 60 46 95
5 1572203 0 1 0 1 23 36 49 72 59 121
5 1615765 0 1 0 1 8 8 18 29 16 47
5 1814255 0 1 0 1 15 15 44 36 30 80
5 1880751 0 1 0 1 34 42 68 88 76 156
5 1880777 0 1 0 1 53 45 93 82 98 175
5 1881802 0 1 0 1 25 41 55 85 66 140
5 1882015 0 1 0 1 25 25 59 69 50 128
5 2747454 0 1 0 0 2 27 0 100 29 100
5 2755371 0 1 0 1 29 34 73 82 63 155
5 2788005 0 1 0 1 17 16 49 67 33 116
5 3596404 0 1 0 1 6 7 19 22 13 41
5 3610338 0 1 0 1 22 19 53 58 41 111
5 3610413 0 1 0 1 18 17 54 56 35 110
5 3610544 0 1 0 1 6 5 19 11 11 30
5 4087179 0 1 0 1 9 16 30 44 25 74
5 4095508 0 1 0 1 24 14 33 44 38 77
5 4095539 0 1 0 1 6 12 23 21 18 44
5 4702239 0 1 0 1 7 3 13 19 10 32
5 4886219 0 1 0 1 12 19 45 49 31 94
5 4929973 0 1 0 1 8 25 19 58 33 77
5 5140519 0 1 0 1 8 7 28 28 15 56
5 5140845 0 1 0 1 16 14 42 35 30 77
5 5146087 0 1 0 1 33 27 46 57 60 103
5 5146264 0 1 0 1 36 35 76 78 71 154
5 5146282 0 1 0 1 34 34 74 75 68 149
5 5239196 0 1 0 1 36 45 74 89 81 163
5 6020261 0 1 0 1 24 30 70 74 54 144
5 6020305 0 1 0 1 20 18 54 59 38 113
5 6020375 0 1 0 1 7 4 22 27 11 49
5 6600096 0 1 0 0 2 38 0 148 40 148
5 6602431 0 1 0 1 26 21 48 60 47 108
5 6604092 0 1 0 1 43 52 85 84 95 169
5 6604674 0 1 0 1 22 27 58 89 49 147
5 6604818 0 1 0 1 7 5 34 39 12 73
5 6605419 0 1 0 1 24 16 39 60 40 99
5 6611644 0 1 0 1 26 24 62 73 50 135
5 6611870 0 1 0 1 20 11 35 51 31 86
5 6616898 0 1 0 1 29 28 75 56 57 131
5 6618073 0 1 0 1 18 12 46 54 30 100
5 6622009 0 1 0 1 64 65 99 94 129 193
5 6632796 0 1 0 1 5 5 34 33 10 67
5 6633666 0 1 0 1 46 34 69 93 80 162
5 6633973 0 1 0 0 2 11 0 44 13 44
5 6644903 0 1 0 1 27 44 70 86 71 156
5 6656076 0 1 0 1 2 24 3 65 26 68
5 6737463 0 1 0 1 13 6 20 20 19 40
5 6739678 0 1 0 1 22 50 65 85 72 150
5 6748697 0 1 0 1 14 20 47 34 34 81
5 7301420 0 1 0 1 5 7 31 18 12 49
5 7303548 0 1 0 1 5 11 34 25 16 59
5 7303764 0 1 0 1 11 9 31 24 20 55
5 7306502 0 1 0 1 5 20 23 34 25 57
5 7520768 0 1 0 1 59 70 106 89 129 195
5 7698438 0 1 0 1 13 24 32 44 37 76
5 7757592 0 1 0 1 7 7 31 27 14 58
5 7757602 0 1 0 1 6 6 30 19 12 49
5 7802250 0 1 0 1 13 10 39 32 23 71
5 7859410 0 1 0 1 9 6 29 31 15 60
5 7862813 0 1 0 1 6 10 18 21 16 39
5 7865993 0 1 0 1 32 37 79 70 69 149
5 7867288 0 1 0 0 3 76 0 163 79 163
5 7869122 0 1 0 1 50 55 85 97 105 182
5 7869970 0 1 0 1 28 41 87 85 69 172
5 7870860 0 1 0 1 60 48 91 94 108 185
5 7878066 0 1 0 1 25 35 76 80 60 156
5 7878079 0 1 0 1 35 28 78 86 63 164
5 7885846 0 1 0 1 26 29 57 77 55 134
5 7891497 0 1 0 1 22 16 43 55 38 98
5 7892967 0 1 0 1 14 23 56 38 37 94
5 7897078 0 1 0 1 25 33 77 70 58 147
5 7897170 0 1 0 1 17 24 63 65 41 128
5 7897206 0 1 0 1 14 12 58 41 26 99
5 9265490 0 1 0 1 27 37 81 57 64 138
5 10236744 0 1 0 1 11 7 37 22 18 59
5 10237043 0 1 0 1 17 21 46 47 38 93
5 10239166 0 1 0 1 38 50 74 105 88 179
5 10256098 0 1 0 1 11 25 47 47 36 94
5 10650038 0 1 0 1 8 20 43 54 28 97
5 10664466 0 1 0 1 46 40 61 78 86 139
5 10664520 0 1 0 1 70 61 93 96 131 189
5 10680637 0 1 0 1 32 21 56 71 53 127
5 10680998 0 1 0 1 24 37 86 70 61 156
5 10683515 0 1 0 1 18 15 38 40 33 78
5 10973615 0 1 0 1 21 22 60 64 43 124
5 10986572 0 1 0 1 10 13 51 45 23 96
5 10986615 0 1 0 1 18 25 63 70 43 133
5 10986660 0 1 0 1 19 23 61 76 42 137
5 10986835 0 1 0 1 6 6 15 15 12 30
5 10988060 0 1 0 1 13 9 36 33 22 69
5 13753595 0 1 0 1 11 8 30 24 19 54
5 13762863 0 1 0 1 53 51 80 78 104 158
5 13762930 0 1 0 1 16 22 34 43 38 77
5 13765913 0 1 0 1 18 23 51 47 41 98
5 13850622 0 1 0 1 8 20 36 31 28 67
5 13850641 0 1 0 1 22 14 30 45 36 75
5 13859663 0 1 0 1 8 9 28 23 17 51
5 13862491 0 1 0 1 14 9 47 34 23 81
5 13862507 0 1 0 1 17 14 58 41 31 99
5 13864619 0 1 0 1 35 29 74 75 64 149
5 13865871 0 1 0 1 14 9 31 34 23 65
5 13882732 0 1 0 1 22 15 38 47 37 85
5 13894785 0 1 0 1 52 55 90 90 107 180
5 13900236 0 1 0 1 35 28 73 77 63 150
5 13902111 0 1 0 1 28 15 46 50 43 96
5 13911296 0 1 0 1 8 18 37 50 26 87
5 13913776 0 1 0 1 34 33 76 85 67 161
5 13919146 0 1 0 1 12 8 66 39 20 105
5 13927976 0 1 0 1 11 20 56 50 31 106
5 13944403 0 1 0 1 18 19 61 71 37 132
5 14369316 0 1 0 1 16 13 35 73 29 108
5 14471441 0 1 0 0 2 17 0 82 19 82
5 14502758 0 1 0 1 13 31 55 57 44 112
5 14673587 0 1 0 1 43 49 74 87 92 161
5 14693074 0 1 0 1 17 19 40 52 36 92
5 14768994 0 1 0 1 20 11 43 54 31 97
5 14960519 0 1 0 1 12 21 39 55 33 94
5 16508565 0 1 0 1 26 17 43 46 43 89
5 16616729 0 1 0 0 2 33 0 137 35 137
5 16666956 0 1 0 1 7 5 21 15 12 36
5 16668147 0 1 0 1 16 11 30 21 27 51
5 16704697 0 1 0 1 47 40 89 103 87 192
5 16761915 0 1 0 1 12 11 33 50 23 83
5 16764225 0 1 0 1 30 45 69 73 75 142
5 16769164 0 1 0 1 9 29 66 61 38 127
5 16794807 0 1 0 1 14 19 54 67 33 121
5 17202389 0 1 0 1 20 16 45 58 36 103
5 17354125 0 1 0 1 9 8 27 23 17 50
5 19473743 0 1 0 1 13 13 43 56 26 99
5 21482674 0 1 0 1 4 9 21 28 13 49
5 21491337 0 1 0 1 2 15 3 31 17 34
5 24749335 0 1 0 1 3 15 7 58 18 65
5 24749374 0 1 0 1 8 22 23 71 30 94
5 24749392 0 1 0 1 8 20 23 68 28 91
5 24749393 0 1 0 1 7 20 23 67 27 90
5 25909655 0 1 0 1 24 33 72 87 57 159
5 25909914 0 1 0 1 11 6 26 34 17 60
5 25909969 0 1 0 1 8 8 33 28 16 61
5 25910461 0 1 0 1 19 14 45 61 33 106
5 25910615 0 1 0 1 8 10 26 38 18 64
5 25910820 0 1 0 1 29 27 58 73 56 131
5 25911027 0 1 0 1 24 21 52 56 45 108
5 27172993 0 1 0 1 5 6 11 24 11 35
5 30365610 0 1 0 1 4 10 22 24 14 46
5 31302181 0 1 0 1 31 47 79 95 78 174
5 31317387 0 1 0 1 38 56 75 99 94 174
5 31317422 0 1 0 1 42 69 76 110 111 186
5 31317845 0 1 0 1 45 53 97 87 98 184
5 31515266 0 1 0 1 8 7 28 23 15 51
5 31515550 0 1 0 1 5 8 30 41 13 71
5 31532531 0 1 0 1 16 16 59 62 32 121
5 31532578 0 1 0 1 11 5 42 44 16 86
5 31936201 0 1 0 1 9 13 55 54 22 109
5 32037463 0 1 0 1 5 5 16 14 10 30
5 32087122 0 1 0 1 8 10 28 17 18 45
5 32087147 0 1 0 1 14 16 49 24 30 73
5 32087268 0 1 0 1 32 23 82 84 55 166
5 32087696 0 1 0 1 40 39 87 85 79 172
5 32101062 0 1 0 1 39 41 90 92 80 182
5 32101294 0 1 0 1 10 6 21 33 16 54
5 32135493 0 1 0 1 11 10 30 41 21 71
5 32235141 0 1 0 0 2 16 0 65 18 65
5 32444729 0 1 0 1 27 27 52 56 54 108
5 32522797 0 1 0 1 9 6 15 14 15 29
5 32522801 0 1 0 1 10 7 16 16 17 32
5 32523178 0 1 0 1 19 27 63 66 46 129
5 32523237 0 1 0 1 21 22 77 60 43 137
5 32716483 0 1 0 1 23 14 57 38 37 95
5 33441018 0 1 0 1 12 18 38 45 30 83
5 33452297 0 1 0 1 2 56 2 133 58 135
5 33452538 0 1 0 1 24 16 39 36 40 75
5 33456105 0 1 0 1 11 20 44 57 31 101
5 33456197 0 1 0 1 15 8 48 55 23 103
5 33460844 0 1 0 1 6 8 24 42 14 66
5 33461121 0 1 0 1 18 13 50 59 31 109
5 33576497 0 1 0 1 46 51 82 99 97 181
5 33615799 0 1 0 1 12 7 27 34 19 61
5 33616206 0 1 0 1 9 6 15 29 15 44
5 33642058 0 1 0 1 10 7 28 31 17 59
5 33643512 0 1 0 1 26 34 76 83 60 159
5 33648801 0 1 0 1 12 6 21 34 18 55
5 33649532 0 1 0 1 8 6 32 24 14 56
5 33649566 0 1 0 1 13 12 36 53 25 89
5 33649702 0 1 0 1 17 28 59 79 45 138
5 33969067 0 1 0 0 3 13 0 33 16 33
5 33988430 0 1 0 1 8 7 30 13 15 43
5 33989413 0 1 0 1 47 56 88 98 103 186
5 33994011 0 1 0 1 12 10 20 25 22 45
5 33998778 0 1 0 1 48 48 101 71 96 172
5 34004602 0 1 0 1 34 32 64 79 66 143
5 34007995 0 1 0 1 35 39 70 66 74 136
5 34757400 0 1 0 1 34 40 83 93 74 176
5 34807823 0 1 0 1 30 46 79 77 76 156
5 34811026 0 1 0 1 32 37 79 96 69 175
5 34818884 0 1 0 0 2 11 0 66 13 66
5 34821720 0 1 0 1 34 29 53 84 63 137
5 34840736 0 1 0 1 40 30 76 93 70 169
5 34998673 0 1 0 1 16 26 65 73 42 138
5 35036892 0 1 0 1 10 8 36 42 18 78
5 35037010 0 1 0 1 15 13 60 51 28 111
5 35039332 0 1 0 1 16 15 33 74 31 107
5 35039381 0 1 0 1 19 16 40 74 35 114
5 35641480 0 1 0 1 23 26 89 78 49 167
5 35646682 0 1 0 1 16 23 45 51 39 96
5 35654609 0 1 0 1 45 25 72 65 70 137
5 35659253 0 1 0 1 14 18 36 36 32 72
5 35692673 0 1 0 1 33 34 64 74 67 138
5 35695742 0 1 0 1 34 30 70 54 64 124
5 35712732 0 1 0 1 16 23 45 56 39 101
5 35712799 0 1 0 1 31 36 84 84 67 168
5 35789062 0 1 0 1 28 44 66 102 72 168
5 35807353 0 1 0 1 21 26 54 78 47 132
5 35857105 0 1 0 1 34 53 74 87 87 161
5 35871088 0 1 0 1 21 31 70 83 52 153
5 35876347 0 1 0 1 39 30 97 82 69 179
5 35954486 0 1 0 1 36 22 57 90 58 147
5 35954512 0 1 0 1 16 27 78 59 43 137
5 35965868 0 1 0 1 14 8 43 32 22 75
5 36035625 0 1 0 1 7 3 21 21 10 42
5 36036080 0 1 0 1 7 8 20 15 15 35
5 36071770 0 1 0 1 7 7 10 16 14 26
5 36071892 0 1 0 1 15 14 36 38 29 74
5 36136247 0 1 0 1 4 6 17 16 10 33
5 36136406 0 1 0 0 4 83 0 175 87 175
5 36136409 0 1 0 0 3 81 0 177 84 177
5 36136414 0 1 0 0 3 82 0 179 85 179
5 36136573 0 1 0 1 16 11 36 41 27 77
5 36142487 0 1 0 1 8 18 44 40 26 84
5 36171678 0 1 0 1 49 48 84 94 97 178
5 36200132 0 1 0 1 15 8 25 39 23 64
5 36201209 0 1 0 1 12 9 20 20 21 40
5 36217895 0 1 0 1 18 13 43 41 31 84
5 36219608 0 1 0 1 27 45 83 85 72 168
5 36225715 0 1 0 1 9 18 35 34 27 69
5 36241853 0 1 0 1 4 7 18 18 11 36
5 36301318 0 1 0 1 22 13 64 44 35 108
5 36680611 0 1 0 1 34 33 62 71 67 133
5 36683786 0 1 0 1 20 15 52 42 35 94
5 36686302 0 1 0 1 13 13 29 45 26 74
5 36985201 0 1 0 1 31 13 64 85 44 149
5 37000972 0 1 0 1 21 11 43 33 32 76
5 37019252 0 1 0 1 9 8 28 18 17 46
5 37060945 0 1 0 0 2 28 0 118 30 118
5 37173828 0 1 0 1 65 41 100 94 106 194
5 37175989 0 1 0 1 15 10 42 52 25 94
5 37182780 0 1 0 1 2 58 3 120 60 123
5 37182800 0 1 0 1 50 33 82 63 83 145
5 37187387 0 1 0 1 8 6 13 21 14 34
5 37292137 0 1 0 1 14 10 35 36 24 71
5 37325838 0 1 0 1 4 10 27 18 14 45
5 37333625 0 1 0 1 3 10 19 34 13 53
5 37350288 0 1 0 1 18 23 44 43 41 87
5 38305445 0 1 0 1 41 46 80 90 87 170
5 38370435 0 1 0 1 18 14 45 39 32 84
5 38406375 0 1 0 1 4 9 14 14 13 28
5 38407786 0 1 0 1 18 11 51 27 29 78
5 38412433 0 1 0 1 29 25 72 63 54 135
5 38424906 0 1 0 1 8 9 38 24 17 62
5 38435028 0 1 0 1 6 5 19 27 11 46
5 38485963 0 1 0 1 18 16 40 38 34 78
5 38490169 0 1 0 1 16 8 52 43 24 95
5 38527126 0 1 0 1 20 21 59 51 41 110
5 38820700 0 1 0 1 9 7 26 21 16 47
5 38823242 0 1 0 1 4 50 11 129 54 140
5 38823273 0 1 0 1 14 48 29 94 62 123
5 38823275 0 1 0 1 8 55 10 111 63 121
5 38823277 0 1 0 1 19 41 37 81 60 118
5 38823307 0 1 0 1 6 56 4 100 62 104
5 38823309 0 1 0 1 8 55 14 96 63 110
5 38823339 0 1 0 1 3 56 7 117 59 124
5 38823341 0 1 0 1 3 64 3 123 67 126
5 38823392 0 1 0 1 18 42 78 61 60 139
5 38881526 0 1 0 1 10 10 36 31 20 67
5 38885608 0 1 0 1 13 19 35 37 32 72
5 38903884 0 1 0 0 2 17 0 76 19 76
5 38931817 0 1 0 1 15 14 31 39 29 70
5 38958648 0 1 0 1 6 4 35 15 10 50
5 39108207 0 1 0 1 8 13 42 43 21 85
5 39108220 0 1 0 1 7 12 40 44 19 84
5 39110361 0 1 0 1 6 8 29 34 14 63
5 39119621 0 1 0 1 17 13 45 49 30 94
5 39124406 0 1 0 1 9 16 42 44 25 86
5 39134193 0 1 0 1 45 41 61 98 86 159
5 39342206 0 1 0 1 10 13 39 64 23 103
5 39719382 0 1 0 1 9 8 23 40 17 63
5 39719629 0 1 0 1 15 19 44 44 34 88
5 40121385 0 1 0 1 4 9 18 21 13 39
5 40955459 0 1 0 1 39 48 87 83 87 170
5 40964750 0 1 0 1 32 22 68 62 54 130
5 40964783 0 1 0 1 41 44 82 83 85 165
5 40998749 0 1 0 1 11 11 26 37 22 63
5 41004294 0 1 0 1 22 11 51 48 33 99
5 41181476 0 1 0 1 54 54 85 109 108 194
5 41382545 0 1 0 1 33 45 76 75 78 151
5 41382589 0 1 0 1 13 25 50 48 38 98
5 41475664 0 1 0 1 27 31 76 66 58 142
5 41586109 0 1 0 1 9 4 22 30 13 52
5 41587183 0 1 0 1 9 9 24 28 18 52
5 41587239 0 1 0 1 7 13 34 31 20 65
5 41587260 0 1 0 1 6 14 30 29 20 59
5 41587273 0 1 0 1 4 12 24 23 16 47
5 41587697 0 1 0 1 13 10 27 29 23 56
5 41587722 0 1 0 1 14 13 37 42 27 79
5 41805473 0 1 0 1 14 11 28 35 25 63
5 41842644 0 1 0 1 39 44 64 84 83 148
5 41843695 0 1 0 1 23 33 58 72 56 130
5 41915249 0 1 0 1 36 37 64 109 73 173
5 41927321 0 1 0 1 5 5 17 13 10 30
5 42467353 0 1 0 1 19 20 56 56 39 112
5 42467938 0 1 0 1 13 11 33 40 24 73
5 42799728 0 1 0 0 2 24 0 120 26 120
5 42851780 0 1 0 1 7 9 28 26 16 54
5 43066610 0 1 0 1 17 27 34 52 44 86
5 43066960 0 1 0 0 2 14 0 66 16 66
5 43121961 0 1 0 0 2 9 0 59 11 59
5 43161215 0 1 0 1 12 6 37 19 18 56
5 43173465 0 1 0 1 40 52 81 91 92 172
5 43175001 0 1 0 1 17 22 53 78 39 131
5 43388411 0 1 0 0 2 22 0 85 24 85
5 44809060 0 1 0 1 60 58 72 123 118 195
5 49599492 0 1 0 1 3 11 5 33 14 38
5 49599511 0 1 0 1 10 11 24 22 21 46
5 49599527 0 1 0 1 3 16 6 41 19 47
5 49599531 0 1 0 1 6 14 20 29 20 49
5 49599533 0 1 0 1 2 18 3 44 20 47
5 49599536 0 1 0 1 6 14 18 29 20 47
5 49599538 0 1 0 1 3 17 10 36 20 46
5 49599556 0 1 0 1 5 10 11 29 15 40
5 49599588 0 1 0 1 4 16 4 47 20 51
5 49599598 0 1 0 1 7 8 25 27 15 52
5 49599621 0 1 0 1 7 13 17 37 20 54
5 49599692 0 1 0 1 8 15 26 41 23 67
5 49599709 0 1 0 1 11 9 28 33 20 61
5 49599715 0 1 0 1 5 13 21 37 18 58
5 49599718 0 1 0 1 2 16 7 53 18 60
5 49599943 0 1 0 0 2 8 0 41 10 41
5 49599987 0 1 0 0 2 16 0 75 18 75
5 49600020 0 1 0 1 2 15 3 65 17 68
5 49600045 0 1 0 1 5 8 17 28 13 45
5 49600138 0 1 0 1 8 8 21 27 16 48
5 49600150 0 1 0 1 2 18 3 52 20 55
5 49600161 0 1 0 1 10 11 25 29 21 54
5 49600178 0 1 0 1 2 20 5 58 22 63
5 49600179 0 1 0 1 2 20 6 57 22 63
5 49600196 0 1 0 1 8 13 27 24 21 51
5 49600199 0 1 0 1 9 10 21 35 19 56
5 49600535 0 1 0 1 9 16 31 44 25 75
5 49600543 0 1 0 1 15 12 44 33 27 77
5 49600560 0 1 0 1 2 21 3 64 23 67
5 49600577 0 1 0 1 10 8 33 22 18 55
5 49600600 0 1 0 1 6 5 25 14 11 39
5 49600692 0 1 0 1 7 4 11 24 11 35
5 49600701 0 1 0 1 4 7 4 32 11 36
5 49600736 0 1 0 1 3 9 2 43 12 45
5 49600774 0 1 0 1 3 7 21 36 10 57
5 49600779 0 1 0 1 3 7 9 49 10 58
5 49600803 0 1 0 1 4 6 17 33 10 50
5 49601128 0 1 0 1 1 11 6 26 12 32
5 49601143 0 1 0 1 3 14 11 29 17 40
5 49601188 0 1 0 1 1 6 4 31 7 35
5 49601502 0 1 0 1 2 19 6 33 21 39
5 49601507 0 1 0 1 6 28 2 58 34 60
5 49601520 0 1 0 1 2 40 3 78 42 81
5 49601521 0 1 0 1 2 41 3 79 43 82
5 49601523 0 1 0 1 3 42 4 78 45 82
5 49601528 0 1 0 1 2 44 5 81 46 86
5 49601529 0 1 0 1 3 46 3 85 49 88
5 49601535 0 1 0 1 3 43 3 89 46 92
5 49601536 0 1 0 1 8 33 13 74 41 87
5 49601537 0 1 0 1 9 41 13 82 50 95
5 49601552 0 1 0 1 4 47 3 114 51 117
5 49601556 0 1 0 1 2 48 11 104 50 115
5 49601562 0 1 0 1 22 30 48 79 52 127
5 49601565 0 1 0 1 4 48 7 115 52 122
5 49601567 0 1 0 1 2 51 5 120 53 125
5 49601573 0 1 0 1 29 12 55 45 41 100
5 49601576 0 1 0 1 2 49 3 119 51 122
5 49601577 0 1 0 1 6 47 8 113 53 121
5 49601579 0 1 0 1 2 47 3 116 49 119
5 49601585 0 1 0 1 1 52 5 114 53 119
5 49601586 0 1 0 1 7 44 26 97 51 123
5 49601590 0 1 0 1 7 42 11 105 49 116
5 49601604 0 1 0 1 5 50 14 104 55 118
5 49601618 0 1 0 1 16 41 17 95 57 112
5 49601620 0 1 0 1 2 57 2 114 59 116
5 49601621 0 1 0 1 4 50 11 100 54 111
5 49601622 0 1 0 1 1 55 4 111 56 115
5 49601625 0 1 0 1 2 54 13 105 56 118
5 49601626 0 1 0 1 2 52 10 105 54 115
5 49601641 0 1 0 1 3 46 4 88 49 92
5 49601645 0 1 0 1 2 51 3 92 53 95
5 49601652 0 1 0 1 2 50 3 91 52 94
5 49601823 0 1 0 1 4 9 3 25 13 28
5 49601828 0 1 0 1 2 10 2 28 12 30
5 49601986 0 1 0 1 2 15 4 33 17 37
5 49601997 0 1 0 1 7 2 23 8 9 31
5 49602009 0 1 0 1 9 14 13 40 23 53
5 49602021 0 1 0 1 15 19 17 51 34 68
5 49602022 0 1 0 1 3 37 3 68 40 71
5 49602024 0 1 0 1 8 33 8 70 41 78
5 49602037 0 1 0 1 3 53 20 76 56 96
5 49602047 0 1 0 0 6 54 0 97 60 97
5 49602051 0 1 0 1 1 58 3 95 59 98
5 49602056 0 1 0 1 2 61 8 97 63 105
5 49602058 0 1 0 1 2 66 2 102 68 104
5 49602060 0 1 0 1 2 66 4 106 68 110
5 49602066 0 1 0 1 4 56 6 99 60 105
5 49602068 0 1 0 1 2 62 5 101 64 106
5 49602070 0 1 0 1 16 52 23 78 68 101
5 49602073 0 1 0 1 15 53 16 89 68 105
5 49602078 0 1 0 1 2 74 2 114 76 116
5 49602082 0 1 0 1 5 71 5 116 76 121
5 49602087 0 1 0 1 15 58 14 98 73 112
5 49602091 0 1 0 1 3 71 7 115 74 122
5 49602097 0 1 0 1 2 71 3 113 73 116
5 49602118 0 1 0 1 28 20 41 60 48 101
5 49602122 0 1 0 1 3 35 5 84 38 89
5 49602134 0 1 0 1 22 12 43 54 34 97
5 49602174 0 1 0 1 4 6 9 35 10 44
5 49602350 0 1 0 1 2 12 10 36 14 46
5 49602356 0 1 0 1 3 12 5 40 15 45
5 49602387 0 1 0 1 4 7 12 20 11 32
5 49602398 0 1 0 1 7 5 18 17 12 35
5 49602434 0 1 0 1 6 10 9 30 16 39
5 49602446 0 1 0 1 11 7 21 18 18 39
5 49602638 0 1 0 0 2 9 0 38 11 38
5 49602656 0 1 0 1 2 9 4 28 11 32
5 49602705 0 1 0 1 3 14 6 21 17 27
5 49657007 0 1 0 1 2 8 2 36 10 38
5 49657202 0 1 0 1 6 7 8 39 13 47
5 49657249 0 1 0 1 10 9 11 63 19 74
5 49657251 0 1 0 1 2 16 7 67 18 74
5 49657273 0 1 0 1 2 17 6 67 19 73
5 49657282 0 1 0 1 3 16 4 71 19 75
5 49657286 0 1 0 1 2 16 13 59 18 72
5 49657289 0 1 0 1 3 14 3 69 17 72
5 49657291 0 1 0 1 1 13 4 68 14 72
5 49657296 0 1 0 1 2 14 6 63 16 69
5 49657302 0 1 0 1 3 14 23 38 17 61
5 49657307 0 1 0 1 2 12 5 63 14 68
5 49657308 0 1 0 1 2 10 7 62 12 69
5 49657311 0 1 0 1 3 9 10 58 12 68
5 49657343 0 1 0 1 2 10 5 46 12 51
5 49657362 0 1 0 1 4 9 5 43 13 48
5 49657368 0 1 0 0 2 11 0 48 13 48
5 49657372 0 1 0 1 2 11 7 43 13 50
5 49657373 0 1 0 1 9 5 13 35 14 48
5 49657376 0 1 0 1 2 12 7 40 14 47
5 49657382 0 1 0 1 2 9 14 31 11 45
5 49657387 0 1 0 1 3 8 16 26 11 42
5 49657391 0 1 0 1 2 8 7 32 10 39
5 49657546 0 1 0 1 5 5 12 35 10 47
5 49657555 0 1 0 1 5 5 15 33 10 48
5 49657567 0 1 0 1 2 9 13 38 11 51
5 49657606 0 1 0 1 5 6 11 33 11 44
5 49657607 0 1 0 1 5 6 22 19 11 41
5 49657611 0 1 0 1 4 7 15 25 11 40
5 49657612 0 1 0 1 3 8 2 37 11 39
5 49657633 0 1 0 0 2 7 0 35 9 35
5 49657688 0 1 0 1 2 13 5 31 15 36
5 49657703 0 1 0 0 3 19 0 45 22 45
5 49657711 0 1 0 1 2 23 2 56 25 58
5 49657716 0 1 0 1 16 9 26 35 25 61
5 49657719 0 1 0 1 16 3 26 12 19 38
5 49657723 0 1 0 1 7 3 30 9 10 39
5 49657732 0 1 0 1 3 35 5 75 38 80
5 49657737 0 1 0 1 3 39 8 75 42 83
5 49657741 0 1 0 1 2 39 4 81 41 85
5 49657743 0 1 0 1 3 38 5 79 41 84
5 49657752 0 1 0 1 3 38 4 79 41 83
5 49657761 0 1 0 1 18 19 26 54 37 80
5 49657766 0 1 0 1 18 19 28 48 37 76
5 49657774 0 1 0 1 5 33 11 62 38 73
5 49657880 0 1 0 1 8 8 11 21 16 32
5 49657904 0 1 0 1 3 13 13 21 16 34
5 49658121 0 1 0 1 2 50 16 84 52 100
5 49658139 0 1 0 1 2 72 4 120 74 124
5 49658143 0 1 0 1 3 72 4 114 75 118
5 49658145 0 1 0 1 5 71 8 114 76 122
5 49658148 0 1 0 1 2 72 3 119 74 122
5 49658168 0 1 0 1 2 73 9 110 75 119
5 49658367 0 1 0 1 5 22 6 22 27 28
5 49658383 0 1 0 1 6 27 8 30 33 38
5 49658384 0 1 0 1 8 24 5 35 32 40
5 49658393 0 1 0 1 7 24 14 27 31 41
5 49658398 0 1 0 1 6 16 12 27 22 39
5 49658400 0 1 0 1 7 16 12 25 23 37
5 49658402 0 1 0 1 19 12 29 12 31 41
5 49658404 0 1 0 1 12 9 22 16 21 38
5 49658422 0 1 0 1 6 29 8 32 35 40
5 49658442 0 1 0 1 15 9 19 10 24 29
5 49658459 0 1 0 1 4 10 2 24 14 26
5 49658497 0 1 0 1 4 13 11 25 17 36
5 49658498 0 1 0 1 7 8 12 18 15 30
5 49658518 0 1 0 1 2 42 2 76 44 78
5 49658519 0 1 0 1 3 42 2 76 45 78
5 49658533 0 1 0 1 34 14 58 33 48 91
5 49658536 0 1 0 1 3 47 2 90 50 92
5 49658541 0 1 0 1 2 48 9 82 50 91
5 49658567 0 1 0 1 4 35 4 73 39 77
5 49658576 0 1 0 1 29 10 40 36 39 76
5 49658585 0 1 0 1 2 37 2 70 39 72
5 49658592 0 1 0 1 28 10 34 27 38 61
5 49658644 0 1 0 1 2 34 7 47 36 54
5 49658649 0 1 0 1 9 30 6 51 39 57
5 49658651 0 1 0 1 8 34 4 52 42 56
5 49658652 0 1 0 1 2 43 3 59 45 62
5 49658658 0 1 0 1 4 58 3 74 62 77
5 49658662 0 1 0 1 1 63 4 84 64 88
5 49658669 0 1 0 1 2 64 4 93 66 97
5 49658674 0 1 0 1 2 67 5 101 69 106
5 49658675 0 1 0 1 4 65 16 94 69 110
5 49658686 0 1 0 1 4 73 16 110 77 126
5 49658699 0 1 0 1 13 68 14 104 81 118
5 49658703 0 1 0 1 10 67 21 94 77 115
5 49658708 0 1 0 1 2 73 4 113 75 117
5 49658712 0 1 0 1 7 65 13 93 72 106
5 49658720 0 1 0 1 10 59 6 96 69 102
5 49658727 0 1 0 1 10 49 14 75 59 89
5 49658728 0 1 0 1 5 50 7 79 55 86
5 49658729 0 1 0 1 18 8 39 11 26 50
5 49658730 0 1 0 1 3 45 3 80 48 83
5 49658736 0 1 0 1 8 41 10 64 49 74
5 49658740 0 1 0 1 4 46 6 68 50 74
5 49658745 0 1 0 1 2 44 3 65 46 68
5 49658747 0 1 0 1 2 45 8 60 47 68
5 49658757 0 1 0 1 2 28 4 58 30 62
5 49658759 0 1 0 1 2 23 3 52 25 55
5 49658763 0 1 0 1 9 14 13 33 23 46
5 49658897 0 1 0 1 2 8 4 42 10 46
5 49658932 0 1 0 1 3 26 5 83 29 88
5 49658934 0 1 0 1 3 26 6 86 29 92
5 49658944 0 1 0 1 2 34 2 105 36 107
5 49658959 0 1 0 1 20 14 67 26 34 93
5 49658960 0 1 0 1 2 31 6 88 33 94
5 49658961 0 1 0 1 10 25 19 75 35 94
5 49658962 0 1 0 1 6 30 7 90 36 97
5 49658978 0 1 0 1 4 27 8 89 31 97
5 49658981 0 1 0 1 5 28 6 88 33 94
5 49658987 0 1 0 1 6 21 10 77 27 87
5 49658993 0 1 0 1 2 25 10 71 27 81
5 49658994 0 1 0 1 2 24 7 73 26 80
5 49659001 0 1 0 1 3 23 4 64 26 68
5 49659011 0 1 0 1 7 13 8 47 20 55
5 49659012 0 1 0 1 6 15 4 50 21 54
5 49659021 0 1 0 1 3 11 7 25 14 32
5 49659103 0 1 0 1 2 10 6 25 12 31
5 49659834 0 1 0 1 3 45 3 53 48 56
5 49659864 0 1 0 1 39 61 53 69 100 122
5 49659868 0 1 0 1 14 89 15 108 103 123
5 49659869 0 1 0 1 3 100 2 124 103 126
5 49659870 0 1 0 1 1 101 2 123 102 125
5 49659873 0 1 0 1 2 101 4 125 103 129
5 49659875 0 1 0 1 3 99 6 124 102 130
5 49659878 0 1 0 1 12 91 17 116 103 133
5 49659893 0 1 0 1 75 30 92 38 105 130
5 49659899 0 1 0 1 2 98 8 123 100 131
5 49659904 0 1 0 1 3 92 3 121 95 124
5 49659908 0 1 0 1 6 80 2 117 86 119
5 49659910 0 1 0 1 3 82 5 110 85 115
5 49659916 0 1 0 1 30 42 47 54 72 101
5 49659918 0 1 0 1 2 64 3 91 66 94
5 49659925 0 1 0 1 24 34 35 46 58 81
5 49659939 0 1 0 1 13 6 16 15 19 31
5 49659944 0 1 0 1 8 6 13 13 14 26
5 49660083 0 1 0 1 2 13 4 47 15 51
5 49660084 0 1 0 1 2 12 4 42 14 46
5 49660085 0 1 0 0 3 13 0 52 16 52
5 49660088 0 1 0 1 3 14 7 45 17 52
5 49660093 0 1 0 1 8 7 36 9 15 45
5 49660097 0 1 0 1 4 15 4 51 19 55
5 49660104 0 1 0 1 5 14 3 55 19 58
5 49660133 0 1 0 1 2 10 2 45 12 47
5 49660178 0 1 0 1 4 15 9 26 19 35
5 49660184 0 1 0 1 2 15 2 30 17 32
5 49660188 0 1 0 1 2 14 4 29 16 33
5 49660232 0 1 0 1 2 13 8 21 15 29
5 49660688 0 1 0 1 8 10 11 31 18 42
5 49660690 0 1 0 1 4 18 2 47 22 49
5 49660693 0 1 0 1 10 14 17 35 24 52
5 49660704 0 1 0 1 3 24 5 60 27 65
5 49660720 0 1 0 1 13 16 24 42 29 66
5 49660724 0 1 0 1 2 27 3 60 29 63
5 49660725 0 1 0 1 13 15 26 37 28 63
5 49660734 0 1 0 1 17 12 24 39 29 63
5 49660749 0 1 0 0 4 27 0 69 31 69
5 49660768 0 1 0 1 11 14 21 27 25 48
5 49660769 0 1 0 1 13 11 21 29 24 50
5 49660944 0 1 0 1 3 10 9 39 13 48
5 49660955 0 1 0 1 2 13 8 51 15 59
5 49660972 0 1 0 1 2 13 9 56 15 65
5 49660989 0 1 0 1 3 15 13 67 18 80
5 49660999 0 1 0 0 2 11 0 65 13 65
5 49661002 0 1 0 1 2 14 3 62 16 65
5 49661007 0 1 0 1 2 14 5 63 16 68
5 49661014 0 1 0 1 2 12 4 64 14 68
5 49661027 0 1 0 1 2 11 7 40 13 47
5 49661029 0 1 0 1 7 3 23 18 10 41
5 49661034 0 1 0 0 2 10 0 41 12 41
5 49661037 0 1 0 1 2 9 4 38 11 42
5 49661054 0 1 0 1 2 25 2 67 27 69
5 49661095 0 1 0 1 11 11 28 24 22 52
5 49661099 0 1 0 1 4 21 4 49 25 53
5 49661429 0 1 0 1 4 39 7 53 43 60
5 49661459 0 1 0 1 7 65 12 102 72 114
5 49661463 0 1 0 1 1 77 6 114 78 120
5 49661464 0 1 0 1 3 81 7 117 84 124
5 49661477 0 1 0 1 3 87 3 133 90 136
5 49661482 0 1 0 1 2 88 3 134 90 137
5 49661503 0 1 0 1 1 81 2 124 82 126
5 49661515 0 1 0 1 2 62 3 103 64 106
5 49661519 0 1 0 1 2 58 3 95 60 98
5 49661526 0 1 0 1 5 46 8 83 51 91
5 49661610 0 1 0 1 4 13 3 22 17 25
5 49661612 0 1 0 1 2 21 3 27 23 30
5 49661656 0 1 0 1 4 16 7 19 20 26
5 49661670 0 1 0 1 2 18 3 24 20 27
5 49661734 0 1 0 1 6 5 13 31 11 44
5 49661741 0 1 0 1 2 14 7 52 16 59
5 49661744 0 1 0 1 10 8 39 21 18 60
5 49661747 0 1 0 0 2 15 0 63 17 63
5 49661752 0 1 0 1 2 18 8 64 20 72
5 49661764 0 1 0 1 3 17 10 68 20 78
5 49661770 0 1 0 1 2 17 8 64 19 72
5 49661786 0 1 0 1 8 18 14 58 26 72
5 49661790 0 1 0 1 12 9 40 25 21 65
5 49661793 0 1 0 1 8 15 11 53 23 64
5 49661796 0 1 0 1 2 22 4 57 24 61
5 49661807 0 1 0 1 3 19 8 48 22 56
5 49661817 0 1 0 1 2 16 3 39 18 42
5 49661820 0 1 0 1 11 4 24 11 15 35
5 49666188 0 1 0 1 3 19 13 17 22 30
5 49666234 0 1 0 1 4 23 13 28 27 41
5 49666240 0 1 0 1 2 20 3 33 22 36
5 49666245 0 1 0 1 3 13 4 24 16 28
5 49666465 0 1 0 1 3 9 12 21 12 33
5 49666466 0 1 0 1 5 6 19 15 11 34
5 49666486 0 1 0 1 4 7 10 20 11 30
5 49666772 0 1 1 1 8 3 35 7 11 42
5 49666817 0 1 0 1 7 8 23 21 15 44
5 49666819 0 1 1 1 10 5 37 12 15 49
5 49666831 0 1 0 1 3 12 2 48 15 50
5 49666840 0 1 0 1 2 17 3 50 19 53
5 49666851 0 1 0 1 8 8 19 20 16 39
5 49667206 0 1 1 1 16 6 39 5 22 44
5 49667215 0 1 1 1 15 7 40 5 22 45
5 49667223 0 1 1 1 16 6 38 6 22 44
5 50402346 0 1 0 1 11 41 32 78 52 110
5 50405921 0 1 0 1 8 11 8 31 19 39
5 50761895 0 1 0 1 14 16 65 45 30 110
5 50822416 0 1 0 1 28 22 57 58 50 115
5 50829796 0 1 0 0 3 49 0 102 52 102
5 51387821 0 1 0 1 8 12 19 28 20 47
5 51389671 0 1 0 1 10 8 34 30 18 64
5 52801930 0 1 0 1 11 12 27 27 23 54
5 52865612 0 1 0 0 2 21 0 91 23 91
5 52897456 0 1 0 1 32 34 50 76 66 126
5 52927520 0 1 0 1 44 53 93 86 97 179
5 52927686 0 1 0 1 19 26 39 52 45 91
5 53051539 0 1 0 1 48 36 73 87 84 160
5 53055583 0 1 0 1 51 61 78 90 112 168
5 53059862 0 1 0 0 2 23 0 97 25 97
5 53060024 0 1 0 1 29 25 60 59 54 119
5 53071876 0 1 0 1 29 32 62 64 61 126
5 53074247 0 1 0 1 9 9 25 18 18 43
5 53074344 0 1 0 1 52 52 90 66 104 156
5 53083447 0 1 0 1 41 54 90 91 95 181
5 53108482 0 1 0 1 21 23 57 53 44 110
5 53108630 0 1 0 0 22 44 0 127 66 127
5 53560674 0 1 0 1 28 37 73 74 65 147
5 53573723 0 1 0 1 10 11 31 37 21 68
5 53646367 0 1 0 1 58 54 89 95 112 184
5 53683267 0 1 0 1 15 14 32 40 29 72
5 53859858 0 1 0 1 6 4 14 25 10 39
5 53887351 0 1 0 1 10 4 16 23 14 39
5 54857053 0 1 0 1 4 10 23 29 14 52
5 54857206 0 1 0 1 16 17 39 56 33 95
5 54858381 0 1 0 1 36 33 80 80 69 160
5 54956517 0 1 0 1 24 36 62 68 60 130
5 54957727 0 1 0 1 20 18 54 66 38 120
5 54957753 0 1 0 1 23 21 59 66 44 125
5 54957787 0 1 0 1 19 24 55 65 43 120
5 54957807 0 1 0 1 13 20 50 58 33 108
5 54979291 0 1 0 1 21 20 57 65 41 122
5 55033777 0 1 0 1 33 29 61 84 62 145
5 55260025 0 1 0 1 27 17 51 49 44 100
5 55269629 0 1 0 0 2 27 0 103 29 103
5 55798511 0 1 0 1 20 52 77 82 72 159
5 55883148 0 1 0 1 42 37 91 82 79 173
5 55956103 0 1 0 1 37 38 80 77 75 157
5 55968325 0 1 0 1 35 41 77 87 76 164
5 56127078 0 1 0 0 2 38 0 139 40 139
5 56183616 0 1 0 1 55 46 70 103 101 173
5 56463983 0 1 0 1 19 12 36 40 31 76
5 56535194 0 1 0 1 9 14 32 41 23 73
5 56865251 0 1 0 1 4 6 18 14 10 32
5 56913908 0 1 0 1 32 37 68 88 69 156
5 56916937 0 1 0 1 18 13 31 35 31 66
5 57120861 0 1 0 1 14 11 42 43 25 85
5 57230956 0 1 0 1 48 54 87 101 102 188
5 57251232 0 1 0 1 11 9 18 25 20 43
5 57423946 0 1 0 1 9 6 25 19 15 44
5 57424210 0 1 0 1 14 22 49 65 36 114
5 57462700 0 1 0 1 9 9 33 26 18 59
5 58455616 0 1 0 1 43 52 86 103 95 189
5 58456677 0 1 0 1 6 8 22 16 14 38
5 58457289 0 1 0 1 45 42 101 85 87 186
5 58457322 0 1 0 1 41 37 92 83 78 175
5 58457424 0 1 0 1 24 17 59 80 41 139
5 58457629 0 1 0 1 12 9 25 32 21 57
5 58458177 0 1 0 1 47 63 81 101 110 182
5 58458180 0 1 0 1 45 63 81 100 108 181
5 58458213 0 1 0 1 50 62 81 100 112 181
5 58458305 0 1 0 1 25 33 56 71 58 127
5 58458981 0 1 0 1 61 72 84 111 133 195
5 58546222 0 1 0 1 42 37 73 89 79 162
5 58583174 0 1 0 0 2 19 0 87 21 87
5 58617552 0 1 0 1 26 26 78 68 52 146
5 58825232 0 1 0 1 9 10 31 27 19 58
5 58975025 0 1 0 0 2 28 0 103 30 103
5 58975869 0 1 0 1 6 6 17 38 12 55
5 58976289 0 1 0 1 34 29 69 77 63 146
5 58988456 0 1 0 1 11 7 25 44 18 69
5 58990798 0 1 0 1 28 32 56 75 60 131
5 59002054 0 1 0 1 28 45 78 63 73 141
5 59157237 0 1 0 1 38 40 70 76 78 146
5 59180406 0 1 0 1 8 21 55 38 29 93
5 60603586 0 1 0 1 24 20 84 52 44 136
5 60644675 0 1 0 1 11 13 38 20 24 58
5 60689070 0 1 0 1 41 55 89 88 96 177
5 60699993 0 1 0 1 26 26 67 75 52 142
5 60744220 0 1 0 1 11 6 22 32 17 54
5 60744233 0 1 0 1 12 6 22 37 18 59
5 60744640 0 1 0 1 7 11 21 24 18 45
5 60767749 0 1 0 1 12 7 33 25 19 58
5 60787448 0 1 0 1 15 22 28 57 37 85
5 60874510 0 1 0 1 10 14 34 33 24 67
5 60892395 0 1 0 1 15 18 59 42 33 101
5 60903536 0 1 0 1 18 22 50 49 40 99
5 60904838 0 1 0 1 13 6 38 53 19 91
5 60945159 0 1 0 1 8 3 25 16 11 41
5 60945315 0 1 0 1 17 12 37 40 29 77
5 61073256 0 1 0 1 18 17 54 61 35 115
5 61643437 0 1 0 1 12 26 51 48 38 99
5 61643507 0 1 0 1 9 21 49 36 30 85
5 61687014 0 1 0 1 44 39 67 103 83 170
5 61703941 0 1 0 1 44 46 77 89 90 166
5 62398552 0 1 0 1 37 27 84 73 64 157
5 62402032 0 1 0 1 40 42 61 79 82 140
5 62402043 0 1 0 0 5 86 0 151 91 151
5 62403638 0 1 0 1 11 17 59 54 28 113
5 62467053 0 1 0 1 13 5 29 21 18 50
5 62476708 0 1 0 1 18 15 38 70 33 108
5 62536682 0 1 0 0 2 28 0 109 30 109
5 62536684 0 1 0 0 2 29 0 110 31 110
5 62536685 0 1 0 0 2 29 0 107 31 107
5 62551276 0 1 0 1 13 20 42 42 33 84
5 63540764 0 1 0 1 8 6 35 29 14 64
5 63540899 0 1 0 1 23 16 62 76 39 138
5 64971604 0 1 0 1 16 15 43 43 31 86
5 64971768 0 1 0 1 19 11 67 50 30 117
5 65018052 0 1 0 1 11 15 30 35 26 65
5 65187932 0 1 0 1 14 11 27 29 25 56
5 65273578 0 1 0 1 9 6 19 10 15 29
5 65551716 0 1 0 1 8 8 25 19 16 44
5 65552585 0 1 0 1 15 36 54 68 51 122
5 65552615 0 1 0 1 17 32 50 71 49 121
5 65563765 0 1 0 1 42 51 81 70 93 151
5 65569831 0 1 0 1 6 13 27 28 19 55
5 65613660 0 1 0 1 12 7 25 39 19 64
5 65637678 0 1 0 1 13 15 24 30 28 54
5 65658332 0 1 0 1 20 26 46 52 46 98
5 65660601 0 1 0 1 8 5 21 16 13 37
5 65660730 0 1 0 1 28 47 74 90 75 164
5 65812388 0 1 0 1 6 11 17 19 17 36
5 66025483 0 1 0 1 18 30 67 68 48 135
5 66050771 0 1 0 1 4 6 27 31 10 58
5 66170045 0 1 0 0 3 32 0 79 35 79
5 66572090 0 1 0 1 14 7 25 35 21 60
5 66596620 0 1 0 1 12 13 18 45 25 63
5 66789757 0 1 0 1 27 25 52 77 52 129
5 66899873 0 1 0 1 13 18 38 42 31 80
5 66899946 0 1 0 1 12 13 26 42 25 68
5 66902895 0 1 0 1 12 6 32 35 18 67
5 67149591 0 1 0 0 2 34 0 124 36 124
5 67196584 0 1 0 1 41 28 96 69 69 165
5 68226894 0 1 0 1 26 32 80 56 58 136
5 68288698 0 1 0 0 2 26 0 98 28 98
5 69075647 0 1 0 0 2 8 0 46 10 46
5 69075653 0 1 0 0 2 8 0 46 10 46
5 69113267 0 1 0 1 11 13 44 47 24 91
5 69174732 0 1 0 1 5 7 9 22 12 31
5 69189539 0 1 0 1 14 14 37 31 28 68
5 69217772 0 1 0 1 17 20 41 48 37 89
5 69229200 0 1 0 1 7 7 22 20 14 42
5 69235426 0 1 0 1 23 17 45 71 40 116
5 69250879 0 1 0 1 6 10 27 20 16 47
5 69254804 0 1 0 1 6 8 26 24 14 50
5 69254808 0 1 0 1 6 6 24 22 12 46
5 69255680 0 1 0 1 32 23 62 59 55 121
5 69306919 0 1 0 1 9 12 35 48 21 83
5 69314058 0 1 0 1 15 9 22 30 24 52
5 69369422 0 1 0 0 2 23 0 114 25 114
5 69392781 0 1 0 1 27 16 62 55 43 117
5 69410611 0 1 0 1 9 16 42 44 25 86
5 69419483 0 1 0 1 50 55 109 87 105 196
5 71011637 0 1 0 1 22 24 61 65 46 126
5 71012424 0 1 0 1 41 32 83 84 73 167
5 71012727 0 1 0 1 45 54 92 92 99 184
5 71587477 0 1 0 0 2 21 0 79 23 79
5 72115891 0 1 0 1 4 7 18 13 11 31
5 72116546 0 1 0 1 17 38 53 76 55 129
5 72169534 0 1 0 1 19 17 31 52 36 83
5 72199214 0 1 0 1 27 21 68 80 48 148
5 72326497 0 1 0 0 2 19 0 79 21 79
5 72338885 0 1 0 1 7 6 21 15 13 36
5 72352684 0 1 0 1 11 8 42 39 19 81
5 72443775 0 1 0 1 16 21 65 57 37 122
5 72456724 0 1 0 1 8 8 19 23 16 42
5 72897135 0 1 0 0 2 27 0 108 29 108
5 72899938 0 1 0 0 4 65 0 152 69 152
5 72901058 0 1 0 0 2 10 0 48 12 48
5 73123440 0 1 0 1 24 20 42 63 44 105
5 73410155 0 1 0 1 4 7 21 24 11 45
5 73447949 0 1 0 0 2 24 0 119 26 119
5 73504583 0 1 0 1 12 8 22 17 20 39
5 73780649 0 1 0 1 2 12 2 48 14 50
5 73940914 0 1 0 1 31 33 69 70 64 139
5 74634926 0 1 0 1 45 46 96 79 91 175
5 74635421 0 1 0 1 41 48 87 101 89 188
5 74636490 0 1 0 1 8 19 35 40 27 75
5 74697056 0 1 0 1 28 17 57 57 45 114
5 75195667 0 1 0 1 33 23 74 75 56 149
5 75345735 0 1 0 1 5 7 25 22 12 47
5 75351053 0 1 0 1 20 24 70 67 44 137
5 75354489 0 1 0 0 3 52 0 142 55 142
5 75354492 0 1 0 0 4 51 0 142 55 142
5 75355259 0 1 0 1 18 22 61 45 40 106
5 75355381 0 1 0 1 28 28 64 73 56 137
5 75359901 0 1 0 1 20 22 58 46 42 104
5 75360350 0 1 0 1 37 40 84 85 77 169
5 75573716 0 1 0 0 4 54 0 135 58 135
5 75573719 0 1 0 0 3 55 0 141 58 141
5 75573721 0 1 0 0 3 58 0 141 61 141
5 75656076 0 1 0 1 24 34 72 81 58 153
5 75688993 0 1 0 1 13 18 49 42 31 91
5 75692544 0 1 0 1 15 21 40 66 36 106
5 75702509 0 1 0 1 8 3 21 21 11 42
5 75702773 0 1 0 1 25 32 61 71 57 132
5 75707853 0 1 0 1 45 39 75 79 84 154
5 75712368 0 1 0 1 29 50 73 70 79 143
5 75832115 0 1 0 1 11 7 23 35 18 58
5 75921099 0 1 0 0 2 19 0 88 21 88
5 76242112 0 1 0 1 4 7 13 17 11 30
5 76295885 0 1 0 1 19 28 53 54 47 107
5 76298918 0 1 0 1 14 30 59 69 44 128
5 76353021 0 1 0 1 5 5 15 16 10 31
5 76611026 0 1 0 1 22 42 62 65 64 127
5 76627316 0 1 0 1 16 8 29 32 24 61
5 76627460 0 1 0 1 52 56 88 90 108 178
5 76627568 0 1 0 1 28 32 54 65 60 119
5 76627634 0 1 0 1 7 13 23 25 20 48
5 76627669 0 1 0 1 3 7 16 15 10 31
5 76628644 0 1 0 1 50 47 92 78 97 170
5 76628647 0 1 0 1 50 50 78 95 100 173
5 76631770 0 1 0 1 8 5 17 17 13 34
5 76631781 0 1 0 1 7 6 23 21 13 44
5 76631810 0 1 0 1 10 14 47 31 24 78
5 76632113 0 1 0 1 6 4 20 19 10 39
5 76637044 0 1 0 1 29 42 63 75 71 138
5 76637140 0 1 0 1 57 65 89 105 122 194
5 76637272 0 1 0 1 12 14 26 37 26 63
5 76641119 0 1 0 1 16 30 55 63 46 118
5 76652649 0 1 0 1 30 37 60 75 67 135
5 76652825 0 1 0 1 60 56 102 90 116 192
5 76652860 0 1 0 1 50 42 77 93 92 170
5 76652974 0 1 0 1 8 6 22 27 14 49
5 76654882 0 1 0 1 10 13 23 42 23 65
5 76655172 0 1 0 1 6 14 30 35 20 65
5 76658712 0 1 0 1 7 5 24 19 12 43
5 76668654 0 1 0 0 2 13 0 65 15 65
5 76672037 0 1 0 1 7 6 20 20 13 40
5 76673922 0 1 0 1 20 10 61 61 30 122
5 76677256 0 1 0 1 31 43 84 66 74 150
5 76875427 0 1 0 1 19 24 64 47 43 111
5 76953237 0 1 0 1 22 26 60 55 48 115
5 77031060 0 1 0 1 8 6 23 30 14 53
5 77035596 0 1 0 0 2 24 0 106 26 106
5 77048174 0 1 0 1 7 10 23 36 17 59
5 77063199 0 1 0 1 6 10 44 49 16 93
5 77311913 0 1 0 1 52 66 95 74 118 169
5 77426617 0 1 0 1 15 9 44 20 24 64
5 77426618 0 1 0 1 9 14 19 44 23 63
5 77438259 0 1 0 1 55 43 83 104 98 187
5 77438435 0 1 0 1 18 9 37 40 27 77
5 77440796 0 1 0 1 10 7 34 21 17 55
5 77441059 0 1 0 1 6 13 29 26 19 55
5 77451262 0 1 0 1 4 12 35 29 16 64
5 77464670 0 1 0 1 16 22 39 41 38 80
5 77489582 0 1 0 0 4 19 0 65 23 65
5 77492094 0 1 0 1 18 15 66 64 33 130
5 77630826 0 1 0 1 24 16 52 57 40 109
5 77785395 0 1 0 1 18 11 61 49 29 110
5 77785416 0 1 0 1 18 11 61 49 29 110
5 77785660 0 1 0 1 9 12 45 51 21 96
5 77785843 0 1 0 1 20 16 46 48 36 94
5 77785855 0 1 0 1 16 21 53 42 37 95
5 77785973 0 1 0 1 8 5 27 20 13 47
5 78839378 0 1 0 1 35 48 70 100 83 170
5 78839453 0 1 0 1 29 23 64 58 52 122
5 78885654 0 1 0 1 46 35 92 75 81 167
5 78955524 0 1 0 1 5 6 16 15 11 31
5 79021590 0 1 0 1 39 48 85 77 87 162
5 79028529 0 1 0 1 52 49 86 85 101 171
5 79028659 0 1 0 1 29 36 69 63 65 132
5 79030927 0 1 0 1 40 66 80 105 106 185
5 79032737 0 1 0 1 52 61 99 91 113 190
5 79042379 0 1 0 1 42 44 92 84 86 176
5 79044239 0 1 0 1 23 29 45 49 52 94
5 79044434 0 1 0 1 52 68 95 94 120 189
5 79044463 0 1 0 1 38 55 92 76 93 168
5 79044588 0 1 0 1 4 8 18 18 12 36
5 79055813 0 1 0 1 29 32 69 75 61 144
5 79077608 0 1 0 1 12 13 55 38 25 93
5 79126136 0 1 0 1 29 32 76 87 61 163
5 79236835 0 1 0 1 18 26 49 62 44 111
5 79277967 0 1 0 1 42 31 82 82 73 164
5 79278147 0 1 0 1 5 9 19 17 14 36
5 79284333 0 1 0 1 7 5 28 21 12 49
5 79284545 0 1 0 1 8 9 21 23 17 44
5 79291312 0 1 0 1 13 25 48 55 38 103
5 79300221 0 1 0 1 34 56 89 90 90 179
5 79447035 0 1 0 1 17 12 47 52 29 99
5 79447157 0 1 0 1 11 12 15 33 23 48
5 79619870 0 1 0 1 11 11 20 27 22 47
5 79730364 0 1 0 1 57 51 91 98 108 189
5 79791080 0 1 0 1 14 18 48 61 32 109
5 79876313 0 1 0 1 50 47 93 93 97 186
5 79986721 0 1 0 1 3 7 22 21 10 43
5 79991008 0 1 0 1 26 41 66 83 67 149
5 80055721 0 1 0 1 9 10 34 26 19 60
5 80055912 0 1 0 1 37 64 94 95 101 189
5 80056029 0 1 0 1 37 45 65 97 82 162
5 80056036 0 1 0 1 30 46 53 98 76 151
5 80056037 0 1 0 1 30 46 52 101 76 153
5 80058324 0 1 0 1 14 8 36 30 22 66
5 80058824 0 1 0 1 15 19 51 41 34 92
5 80058879 0 1 0 1 5 5 25 24 10 49
5 80059369 0 1 0 1 25 21 38 40 46 78
5 80059648 0 1 0 1 16 23 46 65 39 111
5 80077980 0 1 0 1 23 20 47 57 43 104
5 80079901 0 1 0 1 19 36 66 74 55 140
5 80116414 0 1 0 1 4 10 20 30 14 50
5 80147346 0 1 0 1 29 24 67 76 53 143
5 80300123 0 1 0 1 25 19 55 66 44 121
5 80300202 0 1 0 1 18 20 47 52 38 99
5 80300356 0 1 0 1 18 15 51 50 33 101
5 80300390 0 1 0 1 14 11 46 46 25 92
5 80300455 0 1 0 1 8 5 26 23 13 49
5 80321117 0 1 0 1 42 41 86 92 83 178
5 80559553 0 1 0 1 36 56 88 90 92 178
5 80560057 0 1 0 1 17 8 26 62 25 88
5 80649892 0 1 0 1 13 17 42 31 30 73
5 80654678 0 1 0 1 15 10 37 34 25 71
5 80654889 0 1 0 1 17 23 30 60 40 90
5 80654896 0 1 0 1 5 20 9 55 25 64
5 80654899 0 1 0 1 4 32 6 88 36 94
5 80656346 0 1 0 1 8 3 17 21 11 38
5 80656571 0 1 0 1 39 33 72 76 72 148
5 80656607 0 1 0 1 21 0 64 0 21 64
5 80665136 0 1 0 1 16 8 38 51 24 89
5 80672439 0 1 0 1 35 44 51 96 79 147
5 80672452 0 1 0 1 28 38 43 90 66 133
5 80672511 0 1 0 1 6 7 14 43 13 57
5 80672677 0 1 0 1 14 26 44 44 40 88
5 80679164 0 1 0 1 7 7 20 23 14 43
5 80864791 0 1 0 1 8 9 51 30 17 81
5 81092735 0 1 0 1 13 9 35 22 22 57
5 81094406 0 1 0 1 8 5 16 33 13 49
5 81113910 0 1 0 1 18 7 44 41 25 85
5 81217155 0 1 0 1 7 8 31 24 15 55
5 81257052 0 1 0 1 15 11 60 38 26 98
5 81266301 0 1 0 1 18 21 29 48 39 77
5 81304873 0 1 0 0 2 26 0 100 28 100
5 81308611 0 1 0 1 18 14 46 74 32 120
5 81335692 0 1 0 1 4 12 30 25 16 55
5 81359890 0 1 0 1 15 18 47 31 33 78
5 81440625 0 1 0 1 46 33 72 92 79 164
5 81489192 0 1 0 1 7 14 34 43 21 77
5 82010043 0 1 0 0 2 17 0 98 19 98
5 82242709 0 1 0 1 9 10 29 26 19 55
5 82253397 0 1 0 1 39 56 85 90 95 175
5 82276365 0 1 0 1 17 24 55 76 41 131
5 82840258 0 1 0 1 14 12 27 28 26 55
5 83057264 0 1 0 1 27 22 64 52 49 116
5 83057268 0 1 0 1 23 19 61 50 42 111
5 83105044 0 1 0 0 2 36 0 147 38 147
5 83353124 0 1 0 1 10 22 44 45 32 89
5 83353158 0 1 0 1 14 37 66 58 51 124
5 83490375 0 1 0 1 62 50 85 92 112 177
5 83493828 0 1 0 1 47 47 90 88 94 178
5 83520367 0 1 0 0 7 30 0 121 37 121
5 83537326 0 1 0 1 56 57 85 102 113 187
5 83545657 0 1 0 1 34 29 68 69 63 137
5 83572354 0 1 0 1 25 16 43 49 41 92
5 83644454 0 1 0 1 30 33 94 75 63 169
5 84048145 0 1 0 1 10 10 32 35 20 67
5 84064701 0 1 0 1 47 43 69 79 90 148
5 84106638 0 1 0 1 15 13 40 46 28 86
5 84137192 0 1 0 1 20 27 31 46 47 77
5 85210823 0 1 0 1 3 8 24 24 11 48
5 86286894 0 1 0 1 10 17 31 52 27 83
5 86402458 0 1 0 1 12 8 22 23 20 45
5 88202210 0 1 0 1 8 9 31 31 17 62
5 88203032 0 1 0 1 8 9 30 43 17 73
5 88603098 0 1 0 0 2 13 0 51 15 51
5 88673046 0 1 0 1 5 15 37 38 20 75
5 88673135 0 1 0 1 9 21 39 57 30 96
5 88749212 0 1 0 1 24 18 40 54 42 94
5 90409573 0 1 0 1 15 11 46 43 26 89
5 90461227 0 1 0 1 29 25 59 89 54 148
5 90473830 0 1 0 1 51 57 89 101 108 190
5 90474182 0 1 0 1 63 49 103 85 112 188
5 90683563 0 1 0 1 17 8 46 26 25 72
5 90683881 0 1 0 1 23 26 72 74 49 146
5 90690065 0 1 0 1 19 12 50 43 31 93
5 90691146 0 1 0 1 16 12 30 47 28 77
5 90692595 0 1 0 1 25 20 40 57 45 97
5 90692687 0 1 0 1 49 60 91 97 109 188
5 90693962 0 1 0 1 21 19 54 51 40 105
5 90694728 0 1 0 1 22 32 61 65 54 126
5 90697228 0 1 0 1 6 9 24 22 15 46
5 90716562 0 1 0 1 48 43 93 89 91 182
5 90720961 0 1 0 1 41 58 80 94 99 174
5 90725106 0 1 0 1 18 11 32 40 29 72
5 90756472 0 1 0 1 45 41 65 97 86 162
5 90784003 0 1 0 1 21 20 62 54 41 116
5 90807595 0 1 0 0 2 33 0 128 35 128
5 91102211 0 1 0 0 3 37 0 80 40 80
5 93268536 0 1 0 1 9 12 22 22 21 44
5 93881631 0 1 0 0 2 30 0 133 32 133
5 94386345 0 1 0 1 30 29 66 64 59 130
5 94629103 0 1 0 1 15 19 63 45 34 108
5 94695046 0 1 0 0 2 28 0 111 30 111
5 94707648 0 1 0 1 34 20 65 62 54 127
5 94710682 0 1 0 1 5 5 17 14 10 31
5 94714742 0 1 0 1 29 44 68 79 73 147
5 94714782 0 1 0 1 39 45 88 77 84 165
5 94923916 0 1 0 1 10 6 31 31 16 62
5 95406037 0 1 0 1 6 8 26 31 14 57
5 95406133 0 1 0 1 14 18 48 81 32 129
5 95406269 0 1 0 1 18 20 45 60 38 105
5 95420557 0 1 0 1 5 11 22 28 16 50
5 95420574 0 1 0 1 5 9 15 21 14 36
5 95503824 0 1 0 1 27 36 64 93 63 157
5 95555311 0 1 0 0 2 11 0 70 13 70
5 95675722 0 1 0 1 6 9 16 23 15 39
5 95682678 0 1 0 1 32 19 53 74 51 127
5 95748288 0 1 0 1 2 20 4 54 22 58
5 95783704 0 1 0 1 20 10 39 43 30 82
5 95788624 0 1 0 1 11 9 36 27 20 63
5 95900630 0 1 0 0 2 22 0 104 24 104
5 96393194 0 1 0 1 67 46 89 104 113 193
5 96393270 0 1 0 1 45 32 67 87 77 154
5 96394757 0 1 0 1 16 8 40 35 24 75
5 96416081 0 1 0 1 76 58 90 98 134 188
5 96695865 0 1 0 1 14 11 36 55 25 91
5 96727500 0 1 0 0 2 14 0 57 16 57
5 96729011 0 1 0 1 5 5 30 27 10 57
5 96740783 0 1 0 1 29 39 50 86 68 136
5 96743683 0 1 0 1 33 29 56 87 62 143
5 96743698 0 1 0 1 35 32 62 90 67 152
5 96750630 0 1 0 1 16 20 66 48 36 114
5 96757518 0 1 0 1 58 51 104 81 109 185
5 96762510 0 1 0 1 9 6 29 29 15 58
5 96766255 0 1 0 1 11 19 41 43 30 84
5 96776379 0 1 0 1 29 44 69 85 73 154
5 96781236 0 1 0 1 8 5 27 20 13 47
5 96781851 0 1 0 1 24 24 68 58 48 126
5 96782972 0 1 0 1 3 34 2 72 37 74
5 96785702 0 1 0 1 18 15 50 50 33 100
5 96785820 0 1 0 1 58 56 88 102 114 190
5 96795133 0 1 0 1 46 50 89 82 96 171
5 96797092 0 1 0 1 19 22 56 52 41 108
5 96879976 0 1 0 1 54 45 87 102 99 189
5 96895296 0 1 0 1 40 40 70 98 80 168
5 96896438 0 1 0 1 21 23 59 73 44 132
5 96896518 0 1 0 1 13 25 44 63 38 107
5 96900192 0 1 0 1 28 32 78 70 60 148
5 96901410 0 1 0 1 6 12 33 28 18 61
5 96901622 0 1 0 1 8 18 46 57 26 103
5 96903590 0 1 0 1 19 18 64 50 37 114
5 96908934 0 1 0 1 21 23 58 47 44 105
5 96909639 0 1 0 1 26 27 74 77 53 151
5 96909735 0 1 0 1 20 17 53 48 37 101
5 96909814 0 1 0 1 7 5 19 12 12 31
5 96913411 0 1 0 1 46 61 88 96 107 184
5 96986715 0 1 0 1 42 51 73 97 93 170
5 97003569 0 1 0 1 14 15 41 36 29 77
5 97013637 0 1 0 0 2 13 0 52 15 52
5 97013641 0 1 0 0 2 14 0 57 16 57
5 97027703 0 1 0 1 20 54 74 88 74 162
5 97028359 0 1 0 1 39 22 71 51 61 122
5 97163079 0 1 0 1 14 8 49 29 22 78
5 97164985 0 1 0 0 2 14 0 66 16 66
5 97167819 0 1 0 1 55 60 80 117 115 197
5 97177161 0 1 0 1 21 26 45 59 47 104
5 97177167 0 1 0 1 20 26 50 62 46 112
5 97177767 0 1 0 1 47 59 95 99 106 194
5 97183088 0 1 0 1 61 47 83 88 108 171
5 97449502 0 1 0 1 6 9 24 33 15 57
5 98025885 0 1 0 1 10 12 24 22 22 46
5 98026079 0 1 0 1 12 5 30 30 17 60
5 99534375 0 1 0 1 11 5 35 25 16 60
5 99534484 0 1 0 1 5 5 11 27 10 38
5 99534584 0 1 0 1 8 5 29 13 13 42
5 99949230 0 1 0 1 11 13 39 34 24 73
5 100379495 0 1 0 1 22 21 63 43 43 106
5 100380129 0 1 0 1 5 7 21 37 12 58
5 102239387 0 1 0 1 21 21 51 44 42 95
5 102249505 0 1 0 1 9 14 25 26 23 51
5 102291323 0 1 0 1 11 11 22 48 22 70
5 102295814 0 1 0 1 7 6 15 14 13 29
5 102295822 0 1 0 1 7 8 18 17 15 35
5 102296086 0 1 0 1 47 27 69 95 74 164
5 102388744 0 1 0 1 11 19 39 54 30 93
5 102391066 0 1 0 1 20 17 63 45 37 108
5 102458359 0 1 0 1 8 9 27 31 17 58
5 102480465 0 1 0 1 13 12 43 43 25 86
5 102913842 0 1 0 1 23 19 51 40 42 91
5 102946768 0 1 0 1 7 8 21 16 15 37
5 102974462 0 1 0 1 22 36 56 75 58 131
5 103009842 0 1 0 1 41 44 88 79 85 167
5 103028154 0 1 0 1 12 16 38 40 28 78
5 103032323 0 1 0 1 14 7 25 36 21 61
5 103032551 0 1 0 1 8 9 37 39 17 76
5 103097705 0 1 0 1 74 52 74 107 126 181
5 103120550 0 1 0 1 18 20 50 57 38 107
5 103120600 0 1 0 1 11 6 23 32 17 55
5 103184699 0 1 0 1 34 51 70 96 85 166
5 103550811 0 1 0 1 5 9 22 15 14 37
5 103559276 0 1 0 1 48 41 94 79 89 173
5 103559423 0 1 0 1 36 34 59 86 70 145
5 103973242 0 1 0 1 2 8 20 16 10 36
5 104616045 0 1 0 1 9 19 30 48 28 78
5 104643418 0 1 0 1 36 54 70 105 90 175
5 106415801 0 1 0 1 10 16 63 24 26 87
5 107725049 0 1 0 1 16 10 58 32 26 90
5 107726653 0 1 0 1 6 6 22 17 12 39
5 108348623 0 1 0 1 2 9 27 17 11 44
5 108785257 0 1 0 1 20 19 63 55 39 118
5 108798266 0 1 0 1 23 27 63 64 50 127
5 108835743 0 1 0 1 10 8 39 38 18 77
5 108946078 0 1 0 1 22 30 60 61 52 121
5 108954845 0 1 0 0 3 89 0 178 92 178
5 109037405 0 1 0 1 44 68 84 94 112 178
5 109044718 0 1 0 1 14 12 54 42 26 96
5 109051284 0 1 0 1 5 11 27 17 16 44
5 109186192 0 1 0 1 25 29 68 74 54 142
5 109187592 0 1 0 1 14 12 27 55 26 82
5 109378281 0 1 0 1 44 54 81 96 98 177
5 109378597 0 1 0 1 65 37 88 108 102 196
5 109383450 0 1 0 1 26 39 70 91 65 161
5 109691856 0 1 0 1 31 19 59 58 50 117
5 109691925 0 1 0 1 14 5 28 25 19 53
5 109713477 0 1 0 1 17 12 35 38 29 73
5 109774890 0 1 0 1 24 38 56 78 62 134
5 109789123 0 1 0 1 11 10 22 30 21 52
5 111094997 0 1 0 0 2 18 0 86 20 86
5 111097122 0 1 0 1 41 40 84 93 81 177
5 111100646 0 1 0 1 8 10 25 45 18 70
5 111100647 0 1 0 1 9 10 25 46 19 71
5 111111042 0 1 0 1 15 12 28 29 27 57
5 111192282 0 1 0 1 8 8 11 23 16 34
5 111343959 0 1 0 1 16 16 49 40 32 89
5 111374632 0 1 0 1 8 6 14 20 14 34
5 111374662 0 1 0 1 12 13 29 32 25 61
5 111394859 0 1 0 1 12 11 34 42 23 76
5 111449124 0 1 0 1 28 22 56 71 50 127
5 111478409 0 1 0 0 2 19 0 83 21 83
5 111484055 0 1 0 1 9 11 34 25 20 59
5 112161661 0 1 0 1 38 44 83 76 82 159
5 112165127 0 1 1 1 7 3 29 7 10 36
5 112168782 0 1 0 1 40 60 89 92 100 181
5 112170372 0 1 0 1 17 28 70 68 45 138
5 112184043 0 1 0 1 51 56 80 118 107 198
5 112194587 0 1 0 1 11 11 45 55 22 100
5 112209973 0 1 0 1 12 16 34 47 28 81
5 112260048 0 1 0 1 7 11 25 28 18 53
5 112419790 0 1 0 1 56 54 89 89 110 178
5 112766534 0 1 0 1 5 6 35 32 11 67
5 112780730 0 1 0 0 2 10 0 57 12 57
5 112780737 0 1 0 0 2 11 0 63 13 63
5 112821817 0 1 0 0 2 9 0 38 11 38
5 112843098 0 1 0 1 33 32 82 86 65 168
5 112861252 0 1 0 1 16 12 48 51 28 99
5 112861309 0 1 0 0 2 29 0 141 31 141
5 112862475 0 1 0 0 2 24 0 103 26 103
5 112864589 0 1 0 0 2 31 0 120 33 120
5 112882040 0 1 0 1 7 7 24 29 14 53
5 112886997 0 1 0 1 16 21 51 51 37 102
5 112891642 0 1 0 0 2 38 0 145 40 145
5 112892102 0 1 0 1 37 31 71 96 68 167
5 112892242 0 1 0 1 26 28 47 82 54 129
5 112892970 0 1 0 1 5 15 48 37 20 85
5 112902342 0 1 0 1 30 34 55 60 64 115
5 112921117 0 1 0 1 14 15 35 38 29 73
5 112922211 0 1 0 1 27 42 71 75 69 146
5 112976748 0 1 0 0 2 21 0 88 23 88
5 112976831 0 1 0 1 34 21 66 76 55 142
5 112977039 0 1 0 1 35 27 77 55 62 132
5 112985791 0 1 0 1 27 26 52 40 53 92
5 113008181 0 1 0 1 18 13 37 32 31 69
5 113043752 0 1 0 1 6 6 20 25 12 45
5 113104296 0 1 0 1 16 18 39 59 34 98
5 113515392 0 1 0 1 3 10 17 16 13 33
5 115126933 0 1 0 1 10 12 24 21 22 45
5 115134027 0 1 0 1 30 31 75 77 61 152
5 115136982 0 1 0 0 2 22 0 87 24 87
5 115144667 0 1 0 1 38 42 67 111 80 178
5 115159771 0 1 0 1 4 7 26 32 11 58
5 115180121 0 1 0 1 18 21 49 44 39 93
5 115390096 0 1 0 1 11 20 48 64 31 112
5 115913381 0 1 0 1 3 51 8 122 54 130
5 115963280 0 1 0 1 28 37 69 65 65 134
5 115975619 0 1 0 1 7 14 26 31 21 57
5 115987994 0 1 0 1 14 8 22 23 22 45
5 116001165 0 1 0 1 36 36 90 70 72 160
5 116015453 0 1 0 1 13 11 34 33 24 67
5 116015801 0 1 0 1 44 46 82 82 90 164
5 116091160 0 1 0 0 2 19 0 81 21 81
5 116447857 0 1 0 1 23 20 51 42 43 93
5 116478800 0 1 0 1 14 20 44 43 34 87
5 116486696 0 1 0 1 16 11 39 33 27 72
5 116491660 0 1 0 1 25 30 62 89 55 151
5 116491711 0 1 0 1 40 36 79 95 76 174
5 116502093 0 1 0 1 12 20 32 43 32 75
5 118603027 0 1 0 1 25 19 61 56 44 117
5 119149109 0 1 0 1 63 73 92 103 136 195
5 119177352 0 1 0 0 2 16 0 75 18 75
5 119177355 0 1 0 0 2 20 0 83 22 83
5 119196339 0 1 0 1 42 43 66 79 85 145
5 119355303 0 1 0 1 8 11 30 28 19 58
5 119355998 0 1 0 1 8 5 17 24 13 41
5 119391529 0 1 0 1 6 11 20 24 17 44
5 119452501 0 1 0 1 4 6 24 25 10 49
5 119475838 0 1 0 1 17 18 42 41 35 83
5 119477545 0 1 0 1 43 54 91 91 97 182
5 119477621 0 1 0 1 14 21 57 44 35 101
5 119496498 0 1 0 0 2 19 0 89 21 89
5 119501963 0 1 0 1 16 43 54 66 59 120
5 119502033 0 1 0 1 27 40 65 82 67 147
5 119502138 0 1 0 1 6 12 14 36 18 50
5 119502139 0 1 0 1 6 12 14 36 18 50
5 119526018 0 1 0 1 19 26 55 56 45 111
5 119529883 0 1 0 0 3 42 0 97 45 97
5 119629914 0 1 0 1 10 12 26 32 22 58
5 119629928 0 1 0 1 7 10 18 27 17 45
5 119632728 0 1 0 1 53 36 88 81 89 169
5 119634265 0 1 0 1 56 55 96 89 111 185
5 119652611 0 1 0 1 20 17 41 39 37 80
5 119652736 0 1 0 1 10 11 29 35 21 64
5 119680277 0 1 0 0 3 24 0 52 27 52
5 119680934 0 1 0 1 15 7 24 35 22 59
5 122020266 0 1 0 1 26 32 72 69 58 141
5 122022494 0 1 0 1 9 7 38 43 16 81
5 122077513 0 1 0 1 62 60 95 99 122 194
5 122077767 0 1 0 1 33 48 88 78 81 166
5 122152508 0 1 0 1 21 30 78 74 51 152
5 122182614 0 1 0 1 28 22 66 90 50 156
5 122403741 0 1 0 1 24 38 70 92 62 162
5 122443567 0 1 0 1 11 19 45 54 30 99
5 122775310 0 1 0 1 16 8 28 33 24 61
5 122802013 0 1 0 1 6 4 25 23 10 48
5 123346460 0 1 0 1 13 7 30 16 20 46
5 123346654 0 1 0 1 77 72 116 85 149 201
5 123383042 0 1 0 1 12 16 40 52 28 92
5 123391332 0 1 0 1 23 19 44 59 42 103
5 123393219 0 1 0 1 5 9 23 26 14 49
5 123401278 0 1 0 1 11 11 31 41 22 72
5 123402015 0 1 0 1 4 25 20 32 29 52
5 123402382 0 1 0 1 6 5 19 24 11 43
5 123403727 0 1 0 1 19 27 80 57 46 137
5 123614378 0 1 0 1 46 57 93 88 103 181
5 124638008 0 1 0 1 14 22 32 41 36 73
5 124638042 0 1 0 1 10 10 26 19 20 45
5 124638980 0 1 0 1 5 8 26 17 13 43
5 124647778 0 1 0 1 33 37 79 97 70 176
5 124648222 0 1 0 1 13 29 47 66 42 113
5 124649070 0 1 0 1 27 30 81 82 57 163
5 124708735 0 1 0 1 34 31 70 69 65 139
5 126550379 0 1 0 1 19 14 34 64 33 98
5 126555808 0 1 0 1 16 17 50 60 33 110
5 126564482 0 1 0 1 5 6 23 13 11 36
5 126811984 0 1 0 1 17 14 49 45 31 94
5 126820846 0 1 0 1 12 5 30 17 17 47
5 127052002 0 1 0 1 31 30 60 56 61 116
5 127143186 0 1 0 0 2 19 0 91 21 91
5 127143478 0 1 0 1 13 16 34 47 29 81
5 127170839 0 1 0 1 18 9 40 35 27 75
5 127170960 0 1 0 1 39 35 67 88 74 155
5 127171317 0 1 0 1 13 13 47 56 26 103
5 127171421 0 1 0 1 21 18 48 62 39 110
5 127171690 0 1 0 1 16 25 51 75 41 126
5 127171742 0 1 0 1 29 27 51 79 56 130
5 127171892 0 1 0 1 39 33 93 65 72 158
5 127172650 0 1 0 1 13 11 39 38 24 77
5 127172658 0 1 0 1 12 11 39 34 23 73
5 127172694 0 1 0 1 14 8 43 32 22 75
5 128135764 0 1 0 0 2 14 0 89 16 89
5 128286799 0 1 0 1 29 38 73 65 67 138
5 128287291 0 1 0 1 36 32 68 77 68 145
5 128287478 0 1 0 1 28 15 51 50 43 101
5 128287513 0 1 0 1 19 7 34 34 26 68
5 128537686 0 1 0 0 2 22 0 93 24 93
5 128966131 0 1 0 1 12 11 13 32 23 45
5 128966192 0 1 0 1 32 21 55 54 53 109
5 128966278 0 1 0 1 48 53 89 89 101 178
5 128985375 0 1 0 1 27 15 54 35 42 89
5 129095064 0 1 0 1 18 14 46 49 32 95
5 129104998 0 1 0 0 41 100 0 197 141 197
5 129105426 0 1 0 1 14 9 35 26 23 61
5 129509145 0 1 0 1 36 41 77 76 77 153
5 129908429 0 1 0 1 15 7 27 31 22 58
5 130185433 0 1 0 1 48 57 78 110 105 188
5 131970167 0 1 0 0 2 29 0 106 31 106
5 131976634 0 1 0 1 27 46 74 87 73 161
5 132060802 0 1 0 0 2 21 0 101 23 101
5 132075727 0 1 0 0 3 43 0 155 46 155
5 132075733 0 1 0 0 3 46 0 157 49 157
5 132393688 0 1 0 1 2 11 29 38 13 67
5 132595541 0 1 0 0 3 21 0 64 24 64
5 132595542 0 1 0 0 3 22 0 65 25 65
5 132616008 0 1 0 0 2 17 0 78 19 78
5 132660151 0 1 0 1 10 17 30 49 27 79
5 132660272 0 1 0 1 41 60 84 103 101 187
5 132823442 0 1 0 1 12 20 54 54 32 108
5 132823828 0 1 0 1 38 31 80 89 69 169
5 132824365 0 1 0 1 43 34 89 74 77 163
5 132825602 0 1 0 1 9 9 42 37 18 79
5 132862507 0 1 0 1 26 38 61 64 64 125
5 132896623 0 1 0 1 28 31 81 87 59 168
5 132899010 0 1 0 1 22 19 60 43 41 103
5 133073226 0 1 0 1 3 12 3 52 15 55
5 133976151 0 1 0 1 16 25 52 40 41 92
5 134308473 0 1 0 1 18 11 61 59 29 120
5 134525736 0 1 0 1 44 41 71 70 85 141
5 134573785 0 1 0 1 53 53 78 96 106 174
5 134578423 0 1 0 1 20 24 55 65 44 120
5 134620978 0 1 0 1 21 20 86 55 41 141
5 134875367 0 1 0 1 23 27 74 82 50 156
5 135008807 0 1 0 1 14 16 33 38 30 71
5 135029306 0 1 0 1 23 27 71 62 50 133
5 135029380 0 1 0 1 6 7 27 25 13 52
5 135029401 0 1 0 1 5 5 14 21 10 35
5 135335197 0 1 0 1 10 11 30 36 21 66
5 135446724 0 1 0 1 34 47 93 75 81 168
5 135446760 0 1 0 1 30 42 85 77 72 162
5 135446820 0 1 0 1 27 45 70 93 72 163
5 135446886 0 1 0 1 32 41 76 78 73 154
5 135535223 0 1 0 1 22 26 55 53 48 108
5 135535750 0 1 0 1 12 7 29 26 19 55
5 135578660 0 1 0 1 34 27 78 77 61 155
5 135888024 0 1 0 1 36 32 69 91 68 160
5 135892476 0 1 0 1 21 31 52 94 52 146
5 135940625 0 1 0 1 50 50 71 91 100 162
5 135941012 0 1 0 1 24 24 48 43 48 91
5 135941158 0 1 0 1 34 42 91 79 76 170
5 135954789 0 1 0 0 3 66 0 155 69 155
5 136049627 0 1 0 1 29 33 63 67 62 130
5 136052974 0 1 0 1 56 60 87 98 116 185
5 136055637 0 1 0 1 14 24 58 74 38 132
5 136055685 0 1 0 1 17 25 63 70 42 133
5 136056737 0 1 0 1 25 16 58 60 41 118
5 136056818 0 1 0 1 12 6 49 49 18 98
5 136062590 0 1 0 1 10 22 38 43 32 81
5 136133838 0 1 0 1 15 23 54 60 38 114
5 136172692 0 1 0 1 29 21 66 66 50 132
5 136174344 0 1 0 1 26 31 53 53 57 106
5 136231243 0 1 0 0 2 14 0 58 16 58
5 136857691 0 1 0 1 4 13 20 14 17 34
5 137880835 0 1 0 0 2 29 0 110 31 110
5 137936355 0 1 0 0 2 27 0 104 29 104
5 137941866 0 1 0 1 4 8 22 19 12 41
5 138166494 0 1 0 1 15 21 41 51 36 92
5 138253248 0 1 0 1 17 19 65 53 36 118
5 138429974 0 1 0 1 7 14 36 33 21 69
5 138556464 0 1 0 0 2 19 0 81 21 81
5 139121126 0 1 0 1 16 20 59 47 36 106
5 139127849 0 1 0 1 15 19 42 48 34 90
5 139472784 0 1 0 1 30 49 74 88 79 162
5 139561801 0 1 0 0 2 25 0 99 27 99
5 139837135 0 1 0 0 2 26 0 99 28 99
5 140262469 0 1 0 1 21 25 83 63 46 146
5 140342869 0 1 0 0 2 19 0 87 21 87
5 140361662 0 1 0 0 2 13 0 57 15 57
5 140361785 0 1 0 1 32 33 76 95 65 171
5 140365569 0 1 0 1 25 24 58 60 49 118
5 140371319 0 1 0 0 2 9 0 41 11 41
5 140371321 0 1 0 0 2 10 0 42 12 42
5 140509581 0 1 0 1 12 9 31 25 21 56
5 140552044 0 1 0 1 18 31 37 106 49 143
5 140552194 0 1 0 1 11 17 28 59 28 87
5 140557175 0 1 0 1 23 28 79 61 51 140
5 140557395 0 1 0 1 35 29 63 81 64 144
5 140560648 0 1 0 1 41 59 105 89 100 194
5 140561733 0 1 0 1 41 32 95 74 73 169
5 140671355 0 1 0 1 4 26 15 95 30 110
5 140677950 0 1 0 1 28 42 72 77 70 149
5 140696963 0 1 0 0 2 18 0 71 20 71
5 140788706 0 1 0 1 17 11 34 44 28 78
5 140797267 0 1 0 0 2 30 0 122 32 122
5 140807352 0 1 0 1 5 5 22 13 10 35
5 140808107 0 1 0 1 57 39 88 85 96 173
5 140822334 0 1 0 1 33 56 73 88 89 161
5 140834646 0 1 0 1 29 17 54 58 46 112
5 140841610 0 1 0 1 2 10 12 30 12 42
5 140841658 0 1 0 1 16 16 40 41 32 81
5 140848888 0 1 0 1 5 50 5 112 55 117
5 140856634 0 1 0 0 3 51 0 126 54 126
5 140862894 0 1 0 1 17 27 57 40 44 97
5 140875534 0 1 0 1 18 20 42 51 38 93
5 140882907 0 1 0 1 49 45 90 99 94 189
5 140883705 0 1 0 1 17 15 66 64 32 130
5 140928161 0 1 0 1 35 33 63 95 68 158
5 140967127 0 1 0 1 40 39 75 98 79 173
5 140967468 0 1 0 1 59 71 99 92 130 191
5 140967813 0 1 0 1 56 68 95 101 124 196
5 140978974 0 1 0 1 57 58 92 90 115 182
5 141122595 0 1 0 1 26 43 63 104 69 167
5 141122670 0 1 0 1 32 54 85 92 86 177
5 141174000 0 1 0 1 14 30 66 60 44 126
5 141174425 0 1 0 1 3 7 14 22 10 36
5 141174981 0 1 0 1 3 14 18 43 17 61
5 141178764 0 1 0 1 26 102 45 156 128 201
5 141180333 0 1 0 1 23 18 56 41 41 97
5 141182408 0 1 0 1 5 5 19 21 10 40
5 141188034 0 1 0 1 37 26 90 82 63 172
5 141193190 0 1 0 1 24 31 70 68 55 138
5 141210166 0 1 0 1 15 21 42 60 36 102
5 141211194 0 1 0 1 19 26 83 55 45 138
5 141216590 0 1 0 1 27 35 49 89 62 138
5 141234631 0 1 0 1 14 14 38 49 28 87
5 141235258 0 1 0 1 36 39 83 73 75 156
5 141235649 0 1 0 1 33 52 77 101 85 178
5 141235697 0 1 0 1 32 37 78 82 69 160
5 141236037 0 1 0 1 4 6 26 27 10 53
5 141236161 0 1 0 1 2 9 24 23 11 47
5 141247059 0 1 0 1 9 7 28 29 16 57
5 141303190 0 1 0 1 41 42 75 95 83 170
5 141303698 0 1 0 1 67 65 103 95 132 198
5 141330894 0 1 0 1 21 26 57 73 47 130
5 141333019 0 1 0 1 21 28 53 76 49 129
5 141339523 0 1 0 1 80 74 116 83 154 199
5 141339657 0 1 0 1 88 62 110 88 150 198
5 141341131 0 1 0 0 2 37 0 140 39 140
5 141344567 0 1 0 1 31 50 88 87 81 175
5 141346261 0 1 0 1 15 14 40 51 29 91
5 141371561 0 1 0 1 51 37 88 100 88 188
5 141383462 0 1 0 1 36 26 81 88 62 169
5 141384640 0 1 0 0 2 28 0 115 30 115
5 141392860 0 1 0 1 45 33 89 81 78 170
5 141399194 0 1 0 1 2 115 2 193 117 195
5 141399908 0 1 0 1 7 14 39 42 21 81
5 141404029 0 1 0 1 60 64 83 102 124 185
5 141413440 0 1 0 1 32 30 81 66 62 147
5 141415561 0 1 0 1 18 15 47 58 33 105
5 141418063 0 1 0 1 17 21 69 54 38 123
5 141419072 0 1 0 1 37 45 101 93 82 194
5 141423761 0 1 0 1 2 11 3 35 13 38
5 141441762 0 1 0 1 13 14 23 41 27 64
5 141476698 0 1 0 1 89 75 93 107 164 200
5 141478231 0 1 0 1 23 32 79 85 55 164
5 141487041 0 1 0 1 24 14 51 73 38 124
5 141489436 0 1 0 1 29 45 72 89 74 161
5 141490503 0 1 0 0 3 87 0 184 90 184
5 141490949 0 1 0 1 46 40 64 107 86 171
5 141491382 0 1 0 1 66 48 96 101 114 197
5 141491858 0 1 0 1 35 38 80 81 73 161
5 141511203 0 1 0 1 23 22 50 40 45 90
5 141550595 0 1 0 1 13 16 30 42 29 72
5 141638887 0 1 0 1 33 27 85 82 60 167
5 141639543 0 1 0 1 16 8 39 61 24 100
5 141640002 0 1 0 1 27 21 64 68 48 132
5 141640263 0 1 0 1 45 50 102 89 95 191
5 141646014 0 1 0 1 8 7 16 11 15 27
5 141646362 0 1 0 1 8 5 17 22 13 39
5 141647659 0 1 0 1 7 8 30 30 15 60
5 141647832 0 1 0 1 12 6 41 29 18 70
5 141647895 0 1 0 1 22 16 53 58 38 111
5 141649505 0 1 0 1 20 23 72 45 43 117
5 141656388 0 1 0 1 28 27 66 52 55 118
5 141656770 0 1 0 1 35 36 76 83 71 159
5 141659593 0 1 0 1 7 11 30 30 18 60
5 141669840 0 1 0 1 23 34 74 66 57 140
5 141671669 0 1 0 1 20 19 70 55 39 125
5 141679591 0 1 0 1 39 36 89 91 75 180
5 141680301 0 1 0 1 41 55 86 105 96 191
5 141864081 0 1 0 1 31 45 87 92 76 179
5 141867571 0 1 0 0 2 16 0 86 18 86
5 141924068 0 1 0 1 23 21 41 46 44 87
5 141924123 0 1 0 1 10 6 15 19 16 34
5 141924749 0 1 1 1 23 9 60 19 32 79
5 141924753 0 1 0 1 20 9 56 20 29 76
5 141924761 0 1 1 1 18 7 48 16 25 64
5 141928268 0 1 0 1 30 28 74 82 58 156
5 141929700 0 1 0 1 17 38 55 83 55 138
5 141934685 0 1 0 1 12 22 41 30 34 71
5 141937381 0 1 0 1 14 9 20 32 23 52
5 141955676 0 1 0 1 40 64 77 110 104 187
5 141955719 0 1 0 1 42 59 76 112 101 188
5 141956699 0 1 0 1 37 25 72 80 62 152
5 141957561 0 1 0 1 76 64 100 98 140 198
5 141957660 0 1 0 1 36 54 88 95 90 183
5 141984946 0 1 0 1 57 87 94 102 144 196
5 141985072 0 1 0 1 5 13 22 31 18 53
5 141987637 0 1 0 1 15 22 45 64 37 109
5 141987638 0 1 0 1 15 22 45 63 37 108
5 142003019 0 1 0 1 12 9 21 22 21 43
5 142036820 0 1 0 0 2 10 0 61 12 61
5 142153497 0 1 0 1 24 30 60 63 54 123
5 142595249 0 1 0 1 8 7 21 15 15 36
5 142595502 0 1 0 1 29 19 79 62 48 141
5 142875114 0 1 0 1 13 12 40 48 25 88
5 142879518 0 1 0 1 11 20 37 54 31 91
5 142931877 0 1 0 1 6 10 27 39 16 66
5 142931944 0 1 0 1 18 32 62 72 50 134
5 143013997 0 1 0 1 22 31 74 96 53 170
5 143037176 0 1 0 1 25 29 62 59 54 121
5 143056183 0 1 0 1 8 5 18 22 13 40
5 143310259 0 1 0 1 7 6 19 20 13 39
5 145817848 0 1 0 1 49 56 92 75 105 167
5 146124001 0 1 0 1 28 34 64 78 62 142
5 146269276 0 1 0 0 2 20 0 79 22 79
5 146271471 0 1 0 0 2 24 0 89 26 89
5 146454966 0 1 0 1 4 10 15 14 14 29
5 146457300 0 1 0 0 2 23 0 92 25 92
5 146458871 0 1 0 0 4 94 0 145 98 145
5 146458877 0 1 0 1 50 48 72 79 98 151
5 146470765 0 1 0 1 14 11 55 51 25 106
5 146515333 0 1 0 1 35 40 88 85 75 173
5 146697963 0 1 0 1 36 25 68 77 61 145
5 146707624 0 1 0 1 5 5 23 18 10 41
5 147054583 0 1 0 1 36 28 64 72 64 136
5 147343216 0 1 0 1 13 27 60 55 40 115
5 147348584 0 1 0 1 13 15 25 37 28 62
5 147348586 0 1 0 1 14 14 24 39 28 63
5 147373123 0 1 0 1 12 10 41 32 22 73
5 147373441 0 1 0 1 9 11 23 32 20 55
5 147395814 0 1 0 1 7 11 35 26 18 61
5 147397625 0 1 0 1 29 32 62 76 61 138
5 147400710 0 1 0 1 31 33 70 67 64 137
5 147981871 0 1 0 1 5 6 17 12 11 29
5 148107211 0 1 0 1 31 53 81 73 84 154
5 148111969 0 1 0 1 8 3 20 17 11 37
5 148169600 0 1 0 1 20 27 50 48 47 98
5 148175466 0 1 0 1 14 20 70 38 34 108
5 148314263 0 1 0 1 16 11 36 38 27 74
5 148323853 0 1 0 1 42 39 76 83 81 159
5 148510060 0 1 0 1 6 10 21 28 16 49
5 148523140 0 1 0 1 26 9 55 53 35 108
5 148548662 0 1 0 1 15 27 50 55 42 105
5 148826812 0 1 0 1 3 8 15 21 11 36
5 148826910 0 1 0 1 24 38 55 67 62 122
5 149004996 0 1 0 1 3 7 14 32 10 46
5 149006962 0 1 0 1 15 20 56 57 35 113
5 149010200 0 1 0 1 10 8 36 24 18 60
5 149012799 0 1 0 1 42 42 78 81 84 159
5 149028330 0 1 0 1 32 55 91 85 87 176
5 149045955 0 1 0 1 13 19 42 72 32 114
5 149106808 0 1 0 1 12 8 24 17 20 41
5 149183327 0 1 0 1 15 19 30 35 34 65
5 149183418 0 1 0 1 45 45 76 92 90 168
5 149199003 0 1 0 1 9 17 32 44 26 76
5 149199073 0 1 0 1 26 49 78 76 75 154
5 149210860 0 1 0 1 29 17 56 68 46 124
5 149272148 0 1 0 1 5 6 31 22 11 53
5 149302459 0 1 0 0 2 25 0 104 27 104
5 149320388 0 1 0 1 44 37 85 91 81 176
5 149507124 0 1 0 0 2 32 0 120 34 120
5 149621720 0 1 0 1 10 22 42 51 32 93
5 149621988 0 1 0 1 38 43 77 106 81 183
5 149627274 0 1 0 1 11 7 41 34 18 75
5 149628840 0 1 0 1 16 22 52 65 38 117
5 149628904 0 1 0 1 16 17 44 58 33 102
5 149628958 0 1 0 1 9 4 25 32 13 57
5 149772056 0 1 0 1 3 11 19 17 14 36
5 149921772 0 1 0 1 8 11 26 30 19 56
5 149944209 0 1 0 1 12 17 47 32 29 79
5 149944343 0 1 0 1 31 41 72 105 72 177
5 149981067 0 1 0 1 53 38 93 94 91 187
5 149995369 0 1 0 1 39 38 70 80 77 150
5 150000595 0 1 0 1 40 53 62 114 93 176
5 150000596 0 1 0 1 41 54 63 112 95 175
5 150026708 0 1 0 1 39 53 85 98 92 183
5 150051660 0 1 0 1 15 22 45 56 37 101
5 150051696 0 1 0 1 30 29 72 71 59 143
5 150054033 0 1 0 1 15 25 44 66 40 110
5 150054034 0 1 0 1 15 25 43 67 40 110
5 150056196 0 1 0 1 44 41 88 91 85 179
5 150057627 0 1 0 1 30 23 58 60 53 118
5 150061081 0 1 0 1 11 12 39 28 23 67
5 150068065 0 1 0 1 2 8 16 21 10 37
5 150077208 0 1 0 1 35 36 76 84 71 160
5 150077209 0 1 0 1 35 35 78 83 70 161
5 150078115 0 1 0 1 55 31 75 99 86 174
5 150080990 0 1 0 1 34 40 82 83 74 165
5 150120233 0 1 0 1 14 11 22 30 25 52
5 150124595 0 1 0 1 6 4 18 21 10 39
5 150166863 0 1 0 1 27 19 52 60 46 112
5 150228186 0 1 0 0 2 29 0 116 31 116
5 150250120 0 1 0 1 12 5 23 32 17 55
5 150251850 0 1 0 1 20 25 60 65 45 125
5 150387995 0 1 0 0 3 67 0 153 70 153
5 150389855 0 1 0 0 2 19 0 80 21 80
5 150392717 0 1 0 1 23 19 56 55 42 111
5 150396669 0 1 0 1 12 24 46 61 36 107
5 150444504 0 1 0 1 11 14 24 33 25 57
5 150444660 0 1 0 1 31 31 70 72 62 142
5 150446963 0 1 0 1 39 50 70 100 89 170
5 150447009 0 1 0 1 31 39 61 85 70 146
5 150447931 0 1 0 1 8 6 16 30 14 46
5 150528217 0 1 0 1 72 70 90 107 142 197
5 150532965 0 1 0 1 36 23 72 84 59 156
5 150533126 0 1 0 1 4 8 16 17 12 33
5 150535578 0 1 0 1 12 10 27 29 22 56
5 150541689 0 1 0 1 12 12 29 51 24 80
5 150553372 0 1 0 1 26 20 44 62 46 106
5 150693398 0 1 0 0 2 13 0 51 15 51
5 150699394 0 1 0 1 19 32 67 67 51 134
5 150795397 0 1 0 1 3 15 24 35 18 59
5 150848053 0 1 0 1 6 4 21 21 10 42
5 150848436 0 1 0 1 44 36 64 98 80 162
5 150878054 0 1 0 1 18 27 57 55 45 112
5 150878065 0 1 0 1 16 21 51 48 37 99
5 150878920 0 1 0 1 8 7 24 10 15 34
5 150898347 0 1 0 1 8 12 31 28 20 59
5 150931518 0 1 0 1 8 5 17 22 13 39
5 150932060 0 1 0 1 4 10 24 34 14 58
5 150932116 0 1 0 1 26 30 67 59 56 126
5 150932211 0 1 0 1 40 47 86 85 87 171
5 150943866 0 1 0 1 27 30 78 70 57 148
5 151033525 0 1 0 0 2 28 0 112 30 112
5 151045906 0 1 0 1 27 30 68 83 57 151
5 151050002 0 1 0 1 30 28 59 68 58 127
5 151100959 0 1 0 1 18 23 65 71 41 136
5 151103534 0 1 0 1 19 14 66 52 33 118
5 151117292 0 1 0 1 35 38 73 79 73 152
5 151132403 0 1 0 0 2 33 0 146 35 146
5 151138797 0 1 0 1 16 29 72 73 45 145
5 151138798 0 1 0 1 16 29 71 73 45 144
5 151140109 0 1 0 1 27 13 48 70 40 118
5 151185412 0 1 0 1 6 20 36 41 26 77
5 151185447 0 1 0 1 24 10 51 51 34 102
5 151186163 0 1 0 1 18 27 65 72 45 137
5 151253115 0 1 0 1 5 6 17 20 11 37
5 151259848 0 1 0 1 20 63 77 94 83 171
5 151259878 0 1 0 1 22 49 83 98 71 181
5 151267175 0 1 0 1 16 14 31 33 30 64
5 151267219 0 1 0 1 28 30 46 71 58 117
5 151267451 0 1 0 1 43 34 97 71 77 168
5 151281208 0 1 0 1 16 25 43 42 41 85
5 151281233 0 1 0 1 10 14 30 28 24 58
5 151287455 0 1 0 1 12 11 26 47 23 73
5 151303414 0 1 0 1 16 15 35 57 31 92
5 151303444 0 1 0 1 11 7 24 35 18 59
5 151325385 0 1 0 1 24 18 67 62 42 129
5 151344245 0 1 0 1 36 57 89 86 93 175
5 151378067 0 1 0 0 2 12 0 54 14 54
5 151469101 0 1 0 1 17 13 50 27 30 77
5 151528192 0 1 0 1 19 14 36 49 33 85
5 151537984 0 1 0 1 22 18 49 57 40 106
5 151563408 0 1 0 1 17 30 62 73 47 135
5 151563524 0 1 0 1 27 35 96 81 62 177
5 151565922 0 1 0 1 35 55 98 93 90 191
5 151566138 0 1 0 1 36 45 81 85 81 166
5 151566301 0 1 0 1 51 48 80 91 99 171
5 151566370 0 1 0 1 68 60 98 97 128 195
5 151566571 0 1 0 1 29 30 91 78 59 169
5 151566875 0 1 0 1 51 81 101 94 132 195
5 151567212 0 1 0 1 46 43 87 92 89 179
5 151567405 0 1 0 1 37 42 91 83 79 174
5 151568158 0 1 0 1 18 29 71 68 47 139
5 151855264 0 1 0 0 3 33 0 96 36 96
5 151886583 0 1 0 0 2 18 0 71 20 71
5 152392277 0 1 0 1 25 28 62 66 53 128
5 152392291 0 1 0 1 26 24 66 70 50 136
5 152392494 0 1 0 1 30 50 87 74 80 161
5 152395503 0 1 0 1 26 38 63 72 64 135
5 152397896 0 1 0 1 6 10 21 29 16 50
5 152397905 0 1 0 1 10 10 25 31 20 56
5 153492244 0 1 0 1 44 37 84 71 81 155
5 153650400 0 1 0 1 17 22 69 56 39 125
5 153655965 0 1 0 1 23 15 43 43 38 86
5 153764656 0 1 0 1 18 21 56 73 39 129
5 154002958 0 1 0 1 46 50 92 92 96 184
5 154404027 0 1 0 1 39 47 84 81 86 165
5 154409431 0 1 0 1 32 30 69 89 62 158
5 154455818 0 1 0 1 32 20 63 58 52 121
5 154477414 0 1 0 1 26 30 73 48 56 121
5 154494000 0 1 0 1 8 12 34 31 20 65
5 154494014 0 1 0 1 9 7 34 29 16 63
5 154596016 0 1 0 1 40 36 70 81 76 151
5 154596058 0 1 0 1 2 102 2 181 104 183
5 154756092 0 1 0 1 17 30 56 58 47 114
5 154902991 0 1 0 1 33 27 68 69 60 137
5 154917235 0 1 0 1 8 7 23 22 15 45
5 154935794 0 1 0 1 33 24 51 55 57 106
5 154966765 0 1 0 1 11 23 36 53 34 89
5 155015598 0 1 0 1 45 72 88 97 117 185
5 155398636 0 1 0 1 5 8 33 28 13 61
5 155492190 0 1 0 1 12 6 27 36 18 63
5 155492575 0 1 0 1 3 13 29 26 16 55
5 156329404 0 1 0 1 10 12 42 45 22 87
5 156344569 0 1 0 1 19 23 52 59 42 111
5 156393706 0 1 0 1 46 64 86 102 110 188
5 156458459 0 1 0 1 23 30 63 78 53 141
5 157032845 0 1 0 1 14 10 47 56 24 103
5 157037231 0 1 0 1 14 21 58 44 35 102
5 157052415 0 1 0 1 45 69 78 89 114 167
5 157104725 0 1 0 1 11 11 40 42 22 82
5 157106719 0 1 0 1 42 41 86 85 83 171
5 157162574 0 1 0 1 46 41 92 89 87 181
5 157162830 0 1 0 1 3 61 3 154 64 157
5 157163344 0 1 0 1 38 23 74 86 61 160
5 157217929 0 1 0 1 8 16 37 40 24 77
5 157731364 0 1 0 1 9 7 27 25 16 52
5 157731385 0 1 0 1 12 12 36 36 24 72
5 157737881 0 1 0 1 7 13 35 34 20 69
5 157737954 0 1 0 1 24 30 68 91 54 159
5 157744097 0 1 0 0 2 16 0 97 18 97
5 157788019 0 1 0 1 14 7 37 26 21 63
5 157805756 0 1 0 1 8 12 24 19 20 43
5 157814297 0 1 0 1 12 20 39 40 32 79
5 157819474 0 1 0 1 6 6 23 27 12 50
5 157986122 0 1 0 1 7 5 16 26 12 42
5 157986344 0 1 0 1 9 6 23 25 15 48
5 157987295 0 1 0 1 31 23 57 85 54 142
5 157987382 0 1 0 1 16 15 52 50 31 102
5 157987492 0 1 0 1 7 4 19 36 11 55
5 157987587 0 1 0 1 7 7 33 37 14 70
5 157987678 0 1 0 1 5 8 34 35 13 69
5 158777417 0 1 0 1 16 7 42 28 23 70
5 158796542 0 1 0 0 2 18 0 82 20 82
5 159176563 0 1 0 1 18 27 59 58 45 117
5 159270473 0 1 0 1 14 12 35 37 26 72
5 159323005 0 1 0 1 11 11 31 24 22 55
5 160035254 0 1 0 1 47 73 118 74 120 192
5 160035415 0 1 0 1 9 8 21 20 17 41
5 160232266 0 1 0 1 30 27 60 55 57 115
5 160255595 0 1 0 0 2 14 0 80 16 80
5 160404796 0 1 0 1 34 27 76 69 61 145
5 160422579 0 1 0 1 21 19 57 52 40 109
5 160422984 0 1 0 1 16 12 24 33 28 57
5 160622533 0 1 0 0 2 23 0 101 25 101
5 160785513 0 1 0 1 7 14 19 40 21 59
5 160785583 0 1 0 1 32 38 61 73 70 134
5 161685998 0 1 0 1 21 25 77 63 46 140
5 161687516 0 1 0 1 49 38 74 97 87 171
5 161875722 0 1 0 1 9 11 31 32 20 63
5 161891126 0 1 0 1 11 8 27 28 19 55
5 161895883 0 1 0 1 18 22 55 47 40 102
5 162101274 0 1 0 1 38 46 64 93 84 157
5 162142083 0 1 0 1 9 5 24 13 14 37
5 162149412 0 1 0 1 11 11 32 49 22 81
5 163460644 0 1 0 1 18 26 65 60 44 125
5 163469753 0 1 0 1 39 37 69 88 76 157
5 163475623 0 1 0 1 2 55 2 146 57 148
5 167284895 0 1 0 1 9 10 43 36 19 79
5 168195102 0 1 0 1 21 22 53 48 43 101
5 168198766 0 1 0 1 8 11 26 37 19 63
5 168218883 0 1 0 1 27 25 63 72 52 135
5 168247365 0 1 0 1 30 34 75 78 64 153
5 168248387 0 1 0 1 9 10 44 36 19 80
5 168397835 0 1 0 1 15 21 47 61 36 108
5 168423743 0 1 0 1 39 41 76 88 80 164
5 168424163 0 1 0 1 13 5 25 25 18 50
5 168431366 0 1 0 1 47 53 87 92 100 179
5 168431367 0 1 0 1 49 52 88 92 101 180
5 168455593 0 1 0 0 2 17 0 69 19 69
5 168486454 0 1 0 1 23 27 70 71 50 141
5 168486598 0 1 0 1 14 22 42 53 36 95
5 168492721 0 1 0 1 22 39 43 92 61 135
5 168492820 0 1 0 1 40 59 81 97 99 178
5 168497255 0 1 0 1 19 20 47 64 39 111
5 168506151 0 1 0 1 13 16 55 51 29 106
5 168506153 0 1 0 1 12 16 56 49 28 105
5 168506210 0 1 0 1 22 14 74 50 36 124
5 168517893 0 1 0 0 3 95 0 170 98 170
5 168519071 0 1 0 1 12 14 32 49 26 81
5 168530050 0 1 0 1 53 40 87 89 93 176
5 168530549 0 1 0 1 4 8 16 16 12 32
5 168552607 0 1 0 1 17 11 28 37 28 65
5 168557716 0 1 0 1 16 19 46 39 35 85
5 168561508 0 1 0 0 2 22 0 98 24 98
5 168616614 0 1 0 1 6 7 29 37 13 66
5 168748200 0 1 0 1 24 17 45 48 41 93
5 168749512 0 1 0 1 49 30 76 90 79 166
5 168754061 0 1 0 1 17 8 43 32 25 75
5 168786002 0 1 0 1 14 18 42 46 32 88
5 169193431 0 1 0 1 11 12 33 33 23 66
5 169588475 0 1 0 1 22 26 59 86 48 145
5 169671261 0 1 0 1 13 5 27 28 18 55
5 169702280 0 1 0 1 10 13 48 22 23 70
5 169759524 0 1 0 1 5 7 15 18 12 33
5 169883209 0 1 0 1 33 36 79 71 69 150
5 170018882 0 1 0 0 3 10 0 38 13 38
5 170077739 0 1 0 1 41 42 81 97 83 178
5 170106631 0 1 0 1 21 29 66 66 50 132
5 170258773 0 1 0 0 2 29 0 108 31 108
5 170275386 0 1 0 1 7 6 33 34 13 67
5 170297320 0 1 0 1 2 8 19 12 10 31
5 170378997 0 1 0 1 26 26 62 65 52 127
5 170718745 0 1 0 1 29 33 78 65 62 143
5 170718917 0 1 0 1 11 7 40 22 18 62
5 170718926 0 1 0 1 6 9 18 40 15 58
5 170811900 0 1 0 1 17 12 37 45 29 82
5 170812108 0 1 0 1 57 68 101 98 125 199
5 171199731 0 1 0 1 28 21 60 68 49 128
5 171386717 0 1 0 0 2 15 0 69 17 69
5 171392883 0 1 0 1 22 39 70 60 61 130
5 171400111 0 1 0 1 21 46 66 86 67 152
5 171400114 0 1 0 1 20 44 64 84 64 148
5 171773655 0 1 0 1 13 13 21 26 26 47
5 171790367 0 1 0 1 60 43 104 84 103 188
5 171957767 0 1 0 1 12 5 21 35 17 56
5 172254763 0 1 0 1 2 37 4 85 39 89
5 172358888 0 1 0 1 16 29 66 65 45 131
5 172935197 0 1 0 1 67 65 95 91 132 186
5 173147065 0 1 0 0 2 15 0 59 17 59
5 173953343 0 1 0 1 9 6 21 22 15 43
5 173955774 0 1 0 1 12 12 33 21 24 54
5 175880290 0 1 0 1 12 6 27 43 18 70
5 175880296 0 1 0 1 10 5 24 43 15 67
5 176040616 0 1 0 1 16 7 54 19 23 73
5 176040762 0 1 0 1 6 13 31 33 19 64
5 176040833 0 1 0 1 8 13 28 26 21 54
5 176084989 0 1 0 1 29 30 44 49 59 93
5 176313752 0 1 0 0 2 26 0 113 28 113
5 176365602 0 1 0 1 29 28 76 59 57 135
5 176366714 0 1 0 1 5 10 25 28 15 53
5 176486341 0 1 0 1 28 29 77 75 57 152
5 176489082 0 1 0 1 7 5 29 28 12 57
5 176529176 0 1 0 1 43 47 89 91 90 180
5 176529515 0 1 0 1 39 50 91 94 89 185
5 176532333 0 1 0 1 3 13 34 26 16 60
5 176565518 0 1 0 1 7 11 35 26 18 61
5 176568834 0 1 0 1 45 33 78 86 78 164
5 176568912 0 1 0 1 43 20 77 84 63 161
5 176568934 0 1 0 1 30 42 90 82 72 172
5 176571207 0 1 0 1 14 14 58 43 28 101
5 176571245 0 1 0 1 21 14 59 50 35 109
5 176571333 0 1 0 1 10 14 27 35 24 62
5 176574188 0 1 0 1 31 22 60 79 53 139
5 176574233 0 1 0 1 23 14 41 53 37 94
5 176577902 0 1 0 1 9 8 35 31 17 66
5 176578174 0 1 0 1 11 16 64 56 27 120
5 176578183 0 1 0 1 12 14 65 55 26 120
5 176578476 0 1 0 1 36 38 93 86 74 179
5 176584097 0 1 0 1 14 14 36 36 28 72
5 176584263 0 1 0 1 22 23 55 60 45 115
5 176584888 0 1 0 1 36 40 74 99 76 173
5 176590548 0 1 0 1 20 14 48 46 34 94
5 176590638 0 1 0 1 15 17 46 36 32 82
5 176620760 0 1 0 1 29 14 44 47 43 91
5 176626621 0 1 0 1 23 18 46 87 41 133
5 176626644 0 1 0 1 21 29 85 54 50 139
5 176645862 0 1 0 0 2 36 0 132 38 132
5 176654590 0 1 0 1 55 65 90 105 120 195
5 176654906 0 1 0 1 45 49 75 106 94 181
5 176656996 0 1 0 1 23 28 49 49 51 98
5 176869833 0 1 0 0 2 13 0 81 15 81
5 176877398 0 1 0 1 10 12 44 35 22 79
5 176878465 0 1 0 1 62 72 92 107 134 199
5 176879675 0 1 0 1 9 7 35 21 16 56
5 176887433 0 1 0 1 30 17 57 75 47 132
5 176887458 0 1 0 1 25 14 58 72 39 130
5 176887638 0 1 0 1 44 30 89 77 74 166
5 176888298 0 1 0 1 38 55 72 101 93 173
5 176889343 0 1 0 1 14 15 56 44 29 100
5 176893105 0 1 0 1 7 10 36 30 17 66
5 176906125 0 1 0 1 9 30 58 51 39 109
5 176907194 0 1 0 1 26 25 77 76 51 153
5 176951573 0 1 0 1 21 15 49 43 36 92
5 176975400 0 1 0 1 45 47 68 78 92 146
5 177044348 0 1 0 0 2 30 0 110 32 110
5 177089952 0 1 0 1 13 17 56 60 30 116
5 177090169 0 1 0 1 12 26 36 65 38 101
5 177090291 0 1 0 1 30 47 95 72 77 167
5 177090325 0 1 0 1 30 39 86 67 69 153
5 177090460 0 1 0 1 22 15 64 54 37 118
5 177090796 0 1 0 1 69 79 98 103 148 201
5 177091783 0 1 0 1 24 19 67 71 43 138
5 177092286 0 1 0 1 4 14 19 21 18 40
5 177093242 0 1 0 1 25 21 66 62 46 128
5 177096561 0 1 0 1 18 25 68 56 43 124
5 177096596 0 1 0 1 21 27 81 65 48 146
5 177209881 0 1 0 1 55 44 81 106 99 187
5 177210148 0 1 0 1 39 41 73 97 80 170
5 177210239 0 1 0 1 27 42 72 97 69 169
5 177210575 0 1 0 1 42 47 77 112 89 189
5 177244160 0 1 0 0 3 9 0 39 12 39
5 177273884 0 1 0 1 4 6 20 22 10 42
5 177294197 0 1 0 1 28 23 61 91 51 152
5 177306115 0 1 0 1 25 28 74 81 53 155
5 177306615 0 1 0 1 24 23 73 53 47 126
5 177310719 0 1 0 1 38 31 76 60 69 136
5 177386418 0 1 0 1 24 30 79 81 54 160
5 177404118 0 1 0 1 24 26 64 58 50 122
5 177409531 0 1 0 1 31 43 80 82 74 162
5 177431048 0 1 0 1 6 6 37 22 12 59
5 177432847 0 1 0 1 18 25 55 65 43 120
5 177436518 0 1 0 1 20 12 51 62 32 113
5 177440942 0 1 0 1 27 14 69 71 41 140
5 177441798 0 1 0 0 2 38 0 143 40 143
5 177455944 0 1 0 0 2 28 0 110 30 110
5 177458498 0 1 0 1 61 29 84 87 90 171
5 177467755 0 1 0 1 31 28 62 103 59 165
5 177473621 0 1 0 1 4 7 19 27 11 46
5 177554338 0 1 0 0 2 8 0 61 10 61
5 178046973 0 1 0 1 36 64 76 89 100 165
5 178047002 0 1 0 1 23 43 46 63 66 109
5 178209570 0 1 0 1 8 5 22 19 13 41
5 178210446 0 1 0 1 29 15 53 58 44 111
5 178210489 0 1 0 1 18 46 73 71 64 144
5 178215176 0 1 0 1 16 32 75 49 48 124
5 178229899 0 1 0 1 50 50 91 84 100 175
5 178230171 0 1 0 1 5 6 19 16 11 35
5 178231383 0 1 0 0 2 17 0 84 19 84
5 178242412 0 1 0 1 39 36 84 88 75 172
5 178245832 0 1 0 0 2 18 0 72 20 72
5 178247588 0 1 0 1 15 10 43 47 25 90
5 178248216 0 1 0 1 27 24 48 84 51 132
5 178248464 0 1 0 1 7 7 28 25 14 53
5 178252446 0 1 0 1 8 10 25 29 18 54
5 178252653 0 1 0 1 6 6 28 26 12 54
5 178256376 0 1 0 1 11 12 56 36 23 92
5 178257021 0 1 0 1 9 7 24 31 16 55
5 178257681 0 1 0 1 10 8 39 31 18 70
5 178259814 0 1 0 1 15 20 54 67 35 121
5 178261771 0 1 0 1 22 29 83 66 51 149
5 178288290 0 1 0 1 19 12 48 57 31 105
5 178288451 0 1 0 1 13 9 33 45 22 78
5 178288464 0 1 0 1 12 10 29 44 22 73
5 178288476 0 1 0 1 9 10 39 28 19 67
5 178344924 0 1 0 1 4 6 17 20 10 37
5 178767295 0 1 0 1 18 8 29 25 26 54
5 178772557 0 1 0 1 7 13 42 55 20 97
5 178781027 0 1 0 1 13 10 37 30 23 67
5 178786928 0 1 0 1 7 9 30 22 16 52
5 178786966 0 1 0 1 8 10 34 31 18 65
5 178840781 0 1 0 1 7 3 29 17 10 46
5 178840788 0 1 0 1 6 4 31 16 10 47
5 178866083 0 1 0 1 13 11 38 25 24 63
5 178932135 0 1 0 1 28 24 62 80 52 142
5 178942672 0 1 0 1 17 12 44 39 29 83
5 178964859 0 1 0 1 50 30 97 81 80 178
5 178964901 0 1 0 1 35 34 78 96 69 174
5 178968849 0 1 0 1 36 22 60 71 58 131
5 178969646 0 1 0 1 38 33 58 93 71 151
5 178974551 0 1 0 1 11 13 37 32 24 69
5 178974554 0 1 0 1 14 12 33 37 26 70
5 178974609 0 1 0 1 33 26 64 72 59 136
5 178974702 0 1 0 1 40 41 67 92 81 159
5 178983838 0 1 0 1 29 43 70 85 72 155
5 178985715 0 1 0 1 3 14 10 26 17 36
5 179078625 0 1 0 0 2 11 0 53 13 53
5 179136001 0 1 0 1 35 25 80 82 60 162
5 179154123 0 1 0 1 14 22 61 58 36 119
5 179207546 0 1 0 1 39 31 64 68 70 132
5 179522546 0 1 0 1 6 25 10 49 31 59
5 179525038 0 1 0 1 43 41 73 89 84 162
5 179559986 0 1 0 1 4 10 22 34 14 56
5 179562472 0 1 0 1 14 22 55 56 36 111
5 179569434 0 1 0 1 52 45 101 87 97 188
5 179585967 0 1 0 1 33 43 80 68 76 148
5 179589663 0 1 0 1 49 41 75 89 90 164
5 179589881 0 1 0 1 5 9 16 15 14 31
5 179609356 0 1 0 1 27 23 74 40 50 114
5 179609432 0 1 0 1 22 33 62 82 55 144
5 179609607 0 1 0 1 3 9 19 31 12 50
5 179616040 0 1 0 1 24 15 56 40 39 96
5 179618141 0 1 0 1 35 45 78 104 80 182
5 179623187 0 1 0 1 39 27 69 61 66 130
5 179642467 0 1 0 1 24 55 39 116 79 155
5 179642550 0 1 0 1 37 42 75 68 79 143
5 179644865 0 1 0 1 40 103 64 133 143 197
5 179644946 0 1 0 1 38 83 55 109 121 164
5 179644957 0 1 0 1 9 98 19 134 107 153
5 179645005 0 1 0 1 8 42 11 87 50 98
5 179651377 0 1 0 1 8 18 29 43 26 72
5 179652459 0 1 0 1 10 60 18 108 70 126
5 179652523 0 1 0 1 4 17 10 59 21 69
5 179678522 0 1 0 1 12 26 40 69 38 109
5 179699089 0 1 0 1 9 16 47 42 25 89
5 179705611 0 1 0 1 21 21 39 35 42 74
5 179708225 0 1 0 0 4 36 0 86 40 86
5 179708232 0 1 0 0 4 40 0 91 44 91
5 179709136 0 1 0 1 20 16 35 47 36 82
5 179720640 0 1 0 1 14 20 43 40 34 83
5 179726796 0 1 0 1 40 32 61 71 72 132
5 179728758 0 1 0 1 11 13 41 46 24 87
5 179766597 0 1 0 1 55 49 94 84 104 178
5 179774846 0 1 0 1 20 33 60 69 53 129
5 179784628 0 1 0 1 11 8 49 27 19 76
5 179791841 0 1 0 1 56 43 82 95 99 177
5 179800154 0 1 0 1 45 32 79 87 77 166
5 179833009 0 1 0 1 10 11 37 41 21 78
5 179833153 0 1 0 1 25 21 56 75 46 131
5 179833213 0 1 0 1 8 8 32 30 16 62
5 179833494 0 1 0 1 15 13 28 33 28 61
5 179837731 0 1 0 1 20 37 82 82 57 164
5 179837915 0 1 0 1 5 5 23 19 10 42
5 179840783 0 1 0 1 15 27 71 58 42 129
5 179840949 0 1 0 1 17 17 37 52 34 89
5 179851466 0 1 0 1 13 7 38 27 20 65
5 179853379 0 1 0 1 28 47 72 91 75 163
5 179894657 0 1 0 1 17 18 48 78 35 126
5 179978144 0 1 0 1 27 37 66 89 64 155
5 180071595 0 1 0 1 42 30 86 76 72 162
5 180071658 0 1 0 1 19 20 44 52 39 96
5 180119264 0 1 0 1 10 6 21 28 16 49
5 180121294 0 1 0 1 9 6 20 29 15 49
5 180127602 0 1 0 1 14 16 53 43 30 96
5 180128407 0 1 0 1 4 8 29 38 12 67
5 180128654 0 1 0 1 28 33 79 63 61 142
5 180136359 0 1 0 1 30 20 60 51 50 111
5 180136435 0 1 0 1 58 51 89 93 109 182
5 180136633 0 1 0 1 5 6 19 18 11 37
5 180241149 0 1 0 0 2 22 0 84 24 84
5 180301707 0 1 0 1 18 22 59 81 40 140
5 180302519 0 1 0 1 42 34 61 86 76 147
5 180307200 0 1 0 1 7 13 28 33 20 61
5 180324390 0 1 0 1 2 11 26 25 13 51
5 180330677 0 1 0 1 32 42 62 71 74 133
5 180534507 0 1 0 1 3 10 7 21 13 28
5 180567051 0 1 0 0 3 13 0 55 16 55
5 180567053 0 1 0 0 2 12 0 57 14 57
5 180609006 0 1 0 1 56 69 85 106 125 191
5 180614200 0 1 0 1 2 60 3 121 62 124
5 180621056 0 1 0 1 48 43 85 77 91 162
5 180628862 0 1 0 1 12 8 31 29 20 60
5 180628864 0 1 0 1 12 8 32 33 20 65
5 180629044 0 1 0 1 45 35 88 76 80 164
5 180629192 0 1 0 1 17 15 46 31 32 77
5 180630504 0 1 0 1 20 15 36 58 35 94
5 180672215 0 1 0 1 3 24 4 79 27 83
5 180792755 0 1 0 0 2 24 0 99 26 99
5 180849402 0 1 0 1 45 35 86 83 80 169
5 180851393 0 1 0 1 39 79 91 106 118 197
5 180899571 0 1 0 1 12 7 25 29 19 54
5 180902359 0 1 0 1 25 22 57 73 47 130
5 180902458 0 1 0 1 29 37 60 79 66 139
5 180902536 0 1 0 1 5 8 16 30 13 46
5 180911300 0 1 0 1 9 5 20 23 14 43
5 180911368 0 1 0 1 17 14 44 57 31 101
5 180947484 0 1 0 1 16 38 51 64 54 115
5 180947534 0 1 0 1 33 42 90 81 75 171
5 181003797 0 1 0 1 32 24 73 59 56 132
5 181005416 0 1 0 1 7 5 22 19 12 41
5 181045498 0 1 0 1 39 34 59 107 73 166
5 181045513 0 1 0 1 42 39 68 105 81 173
5 181046068 0 1 0 1 2 14 8 25 16 33
5 181046069 0 1 0 1 1 11 3 29 12 32
5 181050449 0 1 0 1 14 12 32 43 26 75
5 181055795 0 1 0 1 24 36 61 54 60 115
5 181055899 0 1 0 1 36 33 80 74 69 154
5 181059785 0 1 0 1 48 53 80 105 101 185
5 181059841 0 1 0 1 33 34 72 75 67 147
5 181099497 0 1 0 0 2 18 0 69 20 69
5 181099819 0 1 0 1 5 8 21 16 13 37
5 181100309 0 1 0 1 5 6 24 33 11 57
5 181100455 0 1 0 1 8 8 25 33 16 58
5 181114079 0 1 0 1 6 7 16 20 13 36
5 181114186 0 1 0 1 17 20 60 35 37 95
5 181114550 0 1 0 1 8 5 30 20 13 50
5 181114589 0 1 0 1 8 5 31 20 13 51
5 181114597 0 1 0 1 6 4 29 21 10 50
