chr pos bloodGT1 bloodGT2 tumorGT1 tumorGT2 AN BN AT BT sN sT
9 215057 0 1 0 1 23 25 3 79 48 82
9 286491 0 1 1 1 11 14 61 0 25 61
9 312124 0 1 1 1 38 35 124 5 73 129
9 316998 0 1 1 1 23 20 88 0 43 88
9 334337 0 1 1 1 20 30 83 4 50 87
9 339150 0 1 1 1 17 13 58 2 30 60
9 365588 0 1 0 0 4 8 0 43 12 43
9 365589 0 1 0 0 3 11 0 47 14 47
9 365590 0 1 0 0 2 11 0 47 13 47
9 370244 0 1 1 1 52 77 158 6 129 164
9 370370 0 1 1 1 8 14 39 0 22 39
9 376179 0 1 1 1 8 9 36 0 17 36
9 377111 0 1 1 1 22 13 75 1 35 76
9 390512 0 1 1 1 35 30 117 2 65 119
9 390636 0 1 1 1 26 27 92 1 53 93
9 396712 0 1 1 1 13 6 37 0 19 37
9 396749 0 1 1 1 22 11 63 1 33 64
9 396750 0 1 1 1 25 11 65 1 36 66
9 421032 0 1 1 1 19 17 65 0 36 65
9 421980 0 1 1 1 33 42 120 0 75 120
9 422157 0 1 1 1 26 38 108 0 64 108
9 432330 0 1 1 1 32 59 136 0 91 136
9 433816 0 1 1 1 20 30 103 3 50 106
9 433978 0 1 1 1 20 32 88 3 52 91
9 441827 0 1 1 1 8 4 43 1 12 44
9 441952 0 1 1 1 42 35 123 3 77 126
9 446352 0 1 1 1 14 35 86 2 49 88
9 732704 0 1 1 1 14 11 46 1 25 47
9 967981 0 1 0 1 21 24 3 96 45 99
9 1056728 0 1 1 1 59 60 170 4 119 174
9 1057318 0 1 1 1 10 9 37 1 19 38
9 2103995 0 1 0 1 3 43 3 60 46 63
9 2103996 0 1 0 1 3 43 2 61 46 63
9 2123639 0 1 1 1 15 13 28 0 28 28
9 2161949 0 1 1 1 14 26 61 2 40 63
9 2170512 0 1 0 0 38 34 0 124 72 124
9 2182062 0 1 0 0 6 12 0 28 18 28
9 2717676 0 1 0 1 16 15 3 43 31 46
9 2811505 0 1 1 1 30 27 113 3 57 116
9 2828765 0 1 1 1 14 16 58 0 30 58
9 2831149 0 1 1 1 12 14 49 0 26 49
9 2833267 0 1 1 1 18 16 51 0 34 51
9 3829188 0 1 1 1 11 4 28 0 15 28
9 3932283 0 1 0 0 12 19 0 44 31 44
9 3937255 0 1 1 1 13 14 30 0 27 30
9 4490880 0 1 1 1 8 7 30 1 15 31
9 4544721 0 1 0 1 17 18 4 47 35 51
9 4564432 0 1 1 1 24 30 86 1 54 87
9 4566210 0 1 1 1 22 26 96 1 48 97
9 4572480 0 1 1 1 20 10 53 1 30 54
9 4722685 0 1 1 1 20 19 73 2 39 75
9 4793254 0 1 0 0 33 19 0 82 52 82
9 4844459 0 1 0 0 11 20 0 46 31 46
9 4844507 0 1 0 1 10 27 2 82 37 84
9 5418334 0 1 1 1 10 5 46 0 15 46
9 5467955 0 1 0 0 18 13 0 58 31 58
9 5762533 0 1 0 1 31 23 5 102 54 107
9 5765648 0 1 0 0 53 59 0 156 112 156
9 5774225 0 1 0 1 14 24 3 69 38 72
9 5791151 0 1 0 0 6 5 0 32 11 32
9 5801071 0 1 0 0 10 19 0 53 29 53
9 5801121 0 1 0 0 31 39 0 104 70 104
9 5805001 0 1 0 0 20 14 0 57 34 57
9 5810189 0 1 0 0 4 103 0 154 107 154
9 5923326 0 1 0 0 14 11 1 35 25 36
9 6012734 0 1 1 1 33 24 98 2 57 100
9 6645251 0 1 1 1 14 12 43 2 26 45
9 6720859 0 1 0 0 9 11 0 48 20 48
9 6835060 0 1 0 0 9 13 0 46 22 46
9 6835419 0 1 1 1 12 10 43 3 22 46
9 6986464 0 1 1 1 28 45 117 1 73 118
9 7046901 0 1 1 1 36 43 121 3 79 124
9 7076463 0 1 1 1 36 46 120 0 82 120
9 8319806 0 1 1 1 45 56 129 2 101 131
9 8347090 0 1 0 0 8 7 0 31 15 31
9 8347109 0 1 0 0 6 8 0 26 14 26
9 8389364 0 1 0 1 34 64 3 160 98 163
9 8451755 0 1 1 1 40 33 97 0 73 97
9 8451816 0 1 1 1 38 47 113 1 85 114
9 8451817 0 1 1 1 38 46 118 1 84 119
9 13928012 0 1 1 1 8 9 36 1 17 37
9 13928029 0 1 1 1 8 8 34 2 16 36
9 13987525 0 1 1 1 7 13 34 2 20 36
9 13987877 0 1 1 1 4 8 28 0 12 28
9 14155770 0 1 1 1 11 6 25 0 17 25
9 14618858 0 1 1 1 15 15 53 2 30 55
9 14662173 0 1 0 1 39 21 4 89 60 93
9 14722618 0 1 1 1 12 18 58 0 30 58
9 14776142 0 1 1 1 34 50 149 2 84 151
9 14788888 0 1 0 0 42 42 0 132 84 132
9 14816831 0 1 1 1 41 45 126 4 86 130
9 14824801 0 1 1 1 14 12 53 0 26 53
9 14842559 0 1 1 1 24 32 114 8 56 122
9 14921829 0 1 0 1 6 54 15 64 60 79
9 15000553 0 1 1 1 9 11 58 3 20 61
9 15034302 0 1 1 1 18 34 73 2 52 75
9 15055923 0 1 1 1 9 6 36 1 15 37
9 15188108 0 1 0 0 28 30 0 87 58 87
9 15203777 0 1 1 1 48 55 149 2 103 151
9 15578865 0 1 1 1 23 24 62 1 47 63
9 15864684 0 1 1 1 27 18 76 1 45 77
9 16215730 0 1 1 1 8 14 32 1 22 33
9 16699289 0 1 1 1 33 44 85 1 77 86
9 16699294 0 1 1 1 30 39 83 1 69 84
9 17135436 0 1 0 1 28 19 4 86 47 90
9 17236367 0 1 0 0 12 6 1 27 18 28
9 17273733 0 1 1 1 13 6 31 0 19 31
9 17273880 0 1 1 1 24 24 73 4 48 77
9 17273928 0 1 1 1 12 14 43 1 26 44
9 17340866 0 1 0 1 33 48 5 137 81 142
9 17388127 0 1 0 0 9 13 0 37 22 37
9 17394998 0 1 1 1 46 53 131 5 99 136
9 17395110 0 1 1 1 20 12 41 2 32 43
9 17409368 0 1 1 1 23 18 82 5 41 87
9 17462987 0 1 0 0 23 11 0 61 34 61
9 17747175 0 1 0 0 21 10 0 71 31 71
9 17761381 0 1 1 1 24 26 104 0 50 104
9 17781820 0 1 1 1 42 45 123 4 87 127
9 17781937 0 1 1 1 15 13 38 0 28 38
9 18573362 0 1 1 1 33 39 94 3 72 97
9 18718088 0 1 1 1 12 23 79 3 35 82
9 18718116 0 1 1 1 11 33 83 1 44 84
9 18718141 0 1 1 1 15 40 87 3 55 90
9 18718188 0 1 1 1 24 52 97 4 76 101
9 18718282 0 1 1 1 24 35 72 0 59 72
9 18718347 0 1 1 1 26 28 87 2 54 89
9 18718570 0 1 1 1 16 8 52 0 24 52
9 18795306 0 1 0 0 12 11 0 35 23 35
9 18829954 0 1 1 1 52 49 140 2 101 142
9 18887755 0 1 1 1 15 16 41 0 31 41
9 18889546 0 1 1 1 19 17 76 0 36 76
9 18890448 0 1 1 1 16 14 69 0 30 69
9 18907124 0 1 1 1 15 19 57 1 34 58
9 19027882 0 1 1 1 17 18 58 1 35 59
9 19032790 0 1 1 1 50 38 140 2 88 142
9 19033008 0 1 1 1 13 8 50 0 21 50
9 19033037 0 1 1 1 8 5 29 0 13 29
9 19049598 0 1 1 1 14 17 61 2 31 63
9 19058427 0 1 1 1 16 33 40 1 49 41
9 19076675 0 1 0 1 10 9 2 42 19 44
9 19087156 0 1 1 1 18 15 49 4 33 53
9 19087198 0 1 1 1 13 17 47 3 30 50
9 19550310 0 1 0 1 24 19 2 79 43 81
9 19573286 0 1 1 1 27 31 84 2 58 86
9 19573308 0 1 1 1 32 40 115 2 72 117
9 19576951 0 1 0 1 31 41 5 102 72 107
9 19705398 0 1 0 0 9 5 0 28 14 28
9 19705434 0 1 0 0 8 5 0 36 13 36
9 20620576 0 1 1 1 23 25 66 0 48 66
9 20620597 0 1 0 0 33 34 0 95 67 95
9 20716251 0 1 1 1 10 9 35 0 19 35
9 20923619 0 1 0 1 9 6 2 41 15 43
9 20944559 0 1 1 1 11 17 65 0 28 65
9 20946953 0 1 0 0 9 8 0 28 17 28
9 20990100 0 1 1 1 39 38 121 3 77 124
9 21187312 0 1 1 1 17 17 51 0 34 51
9 21854741 0 1 0 1 26 32 3 34 58 37
9 21930148 0 1 1 1 14 17 18 4 31 22
9 25677935 0 1 1 1 18 26 89 2 44 91
9 25678124 0 1 1 1 23 26 55 1 49 56
9 26116018 0 1 0 0 42 49 0 134 91 134
9 26980415 0 1 0 0 14 9 0 53 23 53
9 26995789 0 1 0 1 24 30 3 80 54 83
9 26995888 0 1 0 0 9 10 0 29 19 29
9 27009102 0 1 0 1 18 21 2 76 39 78
9 27047243 0 1 0 0 18 26 0 75 44 75
9 27047462 0 1 1 1 19 18 53 1 37 54
9 27173182 0 1 0 0 23 41 0 111 64 111
9 27191878 0 1 0 0 2 9 0 43 11 43
9 27218728 0 1 1 1 22 17 72 2 39 74
9 27290935 0 1 0 1 7 6 2 33 13 35
9 27290986 0 1 0 1 18 11 4 59 29 63
9 27292531 0 1 0 0 8 10 0 48 18 48
9 27455097 0 1 0 0 23 25 0 73 48 73
9 27455137 0 1 0 0 33 41 0 100 74 100
9 27558439 0 1 0 0 12 5 0 28 17 28
9 27608551 0 1 1 1 13 8 43 0 21 43
9 27609829 0 1 1 1 16 15 45 3 31 48
9 28148302 0 1 1 1 11 9 48 0 20 48
9 30689047 0 1 0 1 4 20 6 39 24 45
9 30689056 0 1 0 1 4 19 6 37 23 43
9 30689076 0 1 0 1 4 19 8 35 23 43
9 30689447 0 1 0 1 11 27 21 63 38 84
9 30689461 0 1 0 1 12 32 21 77 44 98
9 30689968 0 1 0 1 2 13 5 34 15 39
9 30689995 0 1 0 1 2 17 5 35 19 40
9 30690007 0 1 0 1 6 12 5 43 18 48
9 31254569 0 1 0 1 9 5 38 23 14 61
9 32436016 0 1 0 1 37 55 76 87 92 163
9 32440406 0 1 0 1 9 15 37 33 24 70
9 32481317 0 1 0 1 13 21 42 43 34 85
9 32989612 0 1 0 0 2 24 0 98 26 98
9 33001451 0 1 0 1 5 7 27 25 12 52
9 33026574 0 1 0 1 42 52 95 80 94 175
9 33062323 0 1 0 1 16 14 43 37 30 80
9 33069064 0 1 0 1 22 28 42 54 50 96
9 33135087 0 1 0 1 17 16 50 53 33 103
9 33441828 0 1 0 1 19 11 56 55 30 111
9 33442954 0 1 0 1 20 18 47 39 38 86
9 33442988 0 1 0 1 14 12 28 29 26 57
9 33447308 0 1 0 1 15 21 53 51 36 104
9 33447426 0 1 0 1 19 34 54 108 53 162
9 33465184 0 1 0 1 15 22 43 62 37 105
9 33465653 0 1 0 1 3 13 23 25 16 48
9 33465930 0 1 0 1 31 45 74 79 76 153
9 33466221 0 1 0 1 14 17 65 63 31 128
9 33468684 0 1 0 1 6 14 44 52 20 96
9 33469429 0 1 0 1 20 26 70 63 46 133
9 33473895 0 1 0 1 20 34 65 82 54 147
9 33548692 0 1 0 1 57 55 78 105 112 183
9 33568689 0 1 0 1 11 18 39 71 29 110
9 33568765 0 1 0 1 12 28 55 76 40 131
9 33573214 0 1 0 1 6 13 46 27 19 73
9 33629156 0 1 0 0 2 9 0 41 11 41
9 33662391 0 1 0 1 54 64 94 100 118 194
9 33675631 0 1 0 1 61 53 100 97 114 197
9 33676096 0 1 0 1 37 46 71 92 83 163
9 33794842 0 1 0 1 7 73 9 140 80 149
9 33794879 0 1 0 1 12 54 19 118 66 137
9 33794892 0 1 0 1 12 49 19 108 61 127
9 33794896 0 1 0 1 14 47 21 105 61 126
9 33794929 0 1 0 1 5 35 13 78 40 91
9 33795403 0 1 0 1 7 9 14 33 16 47
9 33795417 0 1 0 1 7 13 13 43 20 56
9 33795615 0 1 0 1 1 43 12 110 44 122
9 33795626 0 1 0 1 9 39 25 103 48 128
9 33795639 0 1 0 1 5 42 17 108 47 125
9 33795643 0 1 0 1 10 36 25 98 46 123
9 33795647 0 1 0 1 5 38 18 102 43 120
9 33795652 0 1 0 1 11 32 27 92 43 119
9 33795655 0 1 0 1 6 38 10 109 44 119
9 33795664 0 1 0 1 6 36 20 93 42 113
9 33795665 0 1 0 1 6 37 20 92 43 112
9 33795666 0 1 0 1 7 37 12 100 44 112
9 33795677 0 1 0 1 8 31 20 91 39 111
9 33795705 0 1 0 1 9 18 26 54 27 80
9 33795706 0 1 0 1 9 16 27 53 25 80
9 33795719 0 1 0 1 7 15 20 57 22 77
9 33795733 0 1 0 1 9 11 33 37 20 70
9 33795737 0 1 0 1 2 17 10 56 19 66
9 33795749 0 1 0 1 2 15 9 48 17 57
9 33795762 0 1 0 1 2 12 8 42 14 50
9 33795779 0 1 0 1 4 7 11 23 11 34
9 33795783 0 1 0 1 4 7 8 21 11 29
9 33796659 0 1 0 1 6 33 7 101 39 108
9 33796705 0 1 0 1 14 56 15 128 70 143
9 33796723 0 1 0 1 14 69 15 146 83 161
9 33796746 0 1 0 1 9 76 10 161 85 171
9 33797029 0 1 0 1 4 11 6 40 15 46
9 33797039 0 1 0 1 6 11 10 41 17 51
9 33797050 0 1 0 1 6 10 8 45 16 53
9 33797054 0 1 0 1 6 10 8 42 16 50
9 33797058 0 1 0 1 5 11 17 32 16 49
9 33797066 0 1 0 1 6 10 8 39 16 47
9 33797074 0 1 0 1 6 9 10 33 15 43
9 33797083 0 1 0 1 6 8 10 26 14 36
9 33797093 0 1 0 1 6 7 10 27 13 37
9 33797117 0 1 0 1 6 4 9 21 10 30
9 33797575 0 1 0 1 2 8 7 48 10 55
9 33797591 0 1 0 1 5 7 23 36 12 59
9 33797592 0 1 0 1 5 7 24 37 12 61
9 33797610 0 1 0 1 9 6 37 25 15 62
9 33797623 0 1 0 1 9 13 38 40 22 78
9 33797632 0 1 0 1 11 9 52 25 20 77
9 33797685 0 1 0 1 5 8 20 25 13 45
9 33797698 0 1 0 1 3 8 10 20 11 30
9 33797898 0 1 0 1 2 72 6 131 74 137
9 33797919 0 1 0 1 27 73 37 118 100 155
9 33797932 0 1 0 1 35 75 46 115 110 161
9 33797933 0 1 0 1 35 75 46 115 110 161
9 33797934 0 1 0 1 35 74 46 114 109 160
9 33797941 0 1 0 1 41 84 51 121 125 172
9 33797953 0 1 0 1 15 120 24 154 135 178
9 33797964 0 1 0 1 60 73 85 95 133 180
9 33797971 0 1 0 1 61 70 89 85 131 174
9 33797980 0 1 0 1 28 107 43 124 135 167
9 33797993 0 1 0 1 69 56 95 68 125 163
9 33797994 0 1 0 1 69 55 96 68 124 164
9 33798018 0 1 0 1 10 86 10 130 96 140
9 33798019 0 1 0 1 60 34 81 58 94 139
9 33798054 0 1 0 1 22 41 37 74 63 111
9 33798075 0 1 0 1 10 30 16 67 40 83
9 33798077 0 1 0 1 21 17 26 54 38 80
9 33798078 0 1 0 1 12 26 12 68 38 80
9 33798081 0 1 0 1 9 17 14 53 26 67
9 33798091 0 1 0 1 12 23 12 60 35 72
9 33798114 0 1 0 1 15 6 18 30 21 48
9 33798387 0 1 0 1 2 27 12 62 29 74
9 33798416 0 1 0 1 4 44 18 93 48 111
9 33798423 0 1 0 1 4 47 18 102 51 120
9 33798442 0 1 0 1 4 56 18 125 60 143
9 33798464 0 1 0 1 3 73 14 152 76 166
9 33798465 0 1 0 1 4 74 14 151 78 165
9 33798487 0 1 0 1 2 72 6 171 74 177
9 33798539 0 1 0 1 6 67 11 154 73 165
9 33798560 0 1 0 1 6 66 13 148 72 161
9 33798561 0 1 0 1 6 67 12 148 73 160
9 33798573 0 1 0 1 6 65 13 146 71 159
9 33798576 0 1 0 1 6 63 12 149 69 161
9 33798577 0 1 0 1 6 65 12 150 71 162
9 33798962 0 1 0 1 5 8 14 29 13 43
9 33799000 0 1 0 1 6 20 19 52 26 71
9 33799012 0 1 0 1 6 23 17 61 29 78
9 33799028 0 1 0 1 5 21 13 80 26 93
9 33799045 0 1 0 1 3 24 11 91 27 102
9 33799314 0 1 0 1 3 9 10 28 12 38
9 33799321 0 1 0 1 2 9 7 29 11 36
9 33799331 0 1 0 1 3 7 8 24 10 32
9 33927063 0 1 0 1 37 34 79 79 71 158
9 33932690 0 1 0 1 24 35 50 69 59 119
9 33934382 0 1 0 1 30 30 82 72 60 154
9 33935738 0 1 0 1 45 33 74 97 78 171
9 33941761 0 1 0 1 33 23 77 88 56 165
9 33948654 0 1 0 1 12 6 24 33 18 57
9 33969354 0 1 0 1 24 23 55 68 47 123
9 34017108 0 1 0 1 39 45 75 83 84 158
9 34088563 0 1 0 1 3 7 21 12 10 33
9 34211944 0 1 0 1 22 18 61 53 40 114
9 34224287 0 1 0 1 9 7 22 25 16 47
9 34224532 0 1 0 0 2 13 0 67 15 67
9 34257097 0 1 0 1 24 28 74 88 52 162
9 34306412 0 1 0 1 47 38 75 91 85 166
9 34310929 0 1 0 1 75 57 99 96 132 195
9 34318656 0 1 0 1 9 13 36 37 22 73
9 34318710 0 1 0 1 17 22 41 63 39 104
9 34370967 0 1 0 1 71 51 105 81 122 186
9 34371456 0 1 0 1 53 57 101 92 110 193
9 34372875 0 1 0 1 25 34 70 81 59 151
9 34372933 0 1 0 1 19 16 65 52 35 117
9 34379694 0 1 0 1 54 53 80 97 107 177
9 34397547 0 1 0 1 18 29 62 73 47 135
9 34402665 0 1 0 1 23 20 49 50 43 99
9 34407425 0 1 0 1 20 15 52 64 35 116
9 34409979 0 1 0 1 21 29 63 73 50 136
9 34410040 0 1 0 1 25 12 52 57 37 109
9 34500881 0 1 0 1 7 4 15 25 11 40
9 34521358 0 1 0 0 2 31 0 128 33 128
9 34917155 0 1 0 0 2 17 0 78 19 78
9 34977664 0 1 0 0 3 99 0 182 102 182
9 35043294 0 1 0 1 40 33 62 94 73 156
9 35060305 0 1 0 1 17 30 55 59 47 114
9 35060749 0 1 0 1 15 21 51 42 36 93
9 35060958 0 1 0 1 32 24 70 81 56 151
9 35062975 0 1 0 1 32 30 76 88 62 164
9 35074920 0 1 0 1 24 19 53 59 43 112
9 35077444 0 1 0 1 23 29 64 81 52 145
9 35079364 0 1 0 1 53 62 89 103 115 192
9 35090206 0 1 0 0 2 42 0 153 44 153
9 35093023 0 1 0 1 10 7 24 29 17 53
9 35101873 0 1 0 1 41 22 84 74 63 158
9 35107768 0 1 0 1 43 51 79 91 94 170
9 35148206 0 1 0 1 7 5 25 30 12 55
9 35295987 0 1 0 1 12 18 36 42 30 78
9 35381507 0 1 0 1 24 49 63 78 73 141
9 35384205 0 1 0 0 2 22 0 105 24 105
9 35398409 0 1 0 1 7 8 29 28 15 57
9 35398587 0 1 0 0 2 20 0 101 22 101
9 35559216 0 1 0 1 21 34 62 92 55 154
9 35559372 0 1 0 1 23 17 56 57 40 113
9 35559908 0 1 0 1 6 14 31 25 20 56
9 35562552 0 1 0 1 33 26 79 62 59 141
9 35606887 0 1 0 1 20 12 43 58 32 101
9 35616586 0 1 0 1 23 37 62 83 60 145
9 35618526 0 1 0 1 26 22 62 54 48 116
9 35650461 0 1 0 1 35 39 84 87 74 171
9 35661246 0 1 0 1 12 14 33 34 26 67
9 35662254 0 1 0 1 29 24 78 93 53 171
9 35663231 0 1 0 1 31 35 64 80 66 144
9 35664216 0 1 0 0 2 21 0 89 23 89
9 35664627 0 1 0 1 4 8 24 16 12 40
9 35674056 0 1 0 1 44 35 73 96 79 169
9 35679064 0 1 0 1 9 11 37 20 20 57
9 35689952 0 1 0 1 2 9 20 17 11 37
9 35689953 0 1 0 1 2 9 19 17 11 36
9 35689954 0 1 0 1 2 9 19 17 11 36
9 35700153 0 1 0 1 42 36 75 90 78 165
9 35704153 0 1 0 1 21 18 70 53 39 123
9 35705762 0 1 0 1 52 59 89 88 111 177
9 35706986 0 1 0 0 2 32 0 124 34 124
9 35707341 0 1 0 1 39 51 80 93 90 173
9 35711809 0 1 0 1 13 14 59 53 27 112
9 35712006 0 1 0 1 6 9 35 42 15 77
9 35712826 0 1 0 1 27 25 65 59 52 124
9 35713184 0 1 0 1 16 11 38 36 27 74
9 35722285 0 1 0 1 27 33 65 51 60 116
9 35739879 0 1 0 1 20 17 36 37 37 73
9 35751224 0 1 0 1 35 50 80 82 85 162
9 35806329 0 1 0 0 2 29 0 124 31 124
9 35808337 0 1 0 1 15 27 48 71 42 119
9 35809331 0 1 0 1 31 40 82 83 71 165
9 35834945 0 1 0 1 12 10 52 31 22 83
9 35841786 0 1 0 1 62 50 90 100 112 190
9 35870004 0 1 0 1 41 52 105 78 93 183
9 35870228 0 1 0 1 48 43 93 88 91 181
9 35910693 0 1 0 1 30 26 60 77 56 137
9 35910804 0 1 0 1 7 3 21 23 10 44
9 36105267 0 1 0 1 29 47 75 94 76 169
9 36109950 0 1 0 1 47 56 96 68 103 164
9 36110066 0 1 0 1 25 30 50 75 55 125
9 36163005 0 1 0 1 9 8 50 37 17 87
9 36169497 0 1 0 1 32 17 63 57 49 120
9 36169601 0 1 0 1 23 32 65 78 55 143
9 36218380 0 1 0 1 17 11 33 34 28 67
9 36276848 0 1 0 0 3 27 0 75 30 75
9 36276860 0 1 0 1 17 23 49 49 40 98
9 36597145 0 1 0 1 28 18 54 56 46 110
9 36643121 0 1 0 1 6 9 12 21 15 33
9 36643134 0 1 0 1 4 10 10 19 14 29
9 36674845 0 1 0 1 19 22 63 48 41 111
9 36840626 0 1 0 1 11 22 52 55 33 107
9 36846913 0 1 0 1 24 13 55 63 37 118
9 36930976 0 1 0 1 6 6 34 40 12 74
9 37302158 0 1 0 1 10 16 40 54 26 94
9 37428599 0 1 0 1 32 24 54 91 56 145
9 37486606 0 1 0 1 26 49 82 94 75 176
9 37489381 0 1 0 1 21 36 86 87 57 173
9 37637220 0 1 0 1 8 9 25 32 17 57
9 37740640 0 1 0 1 27 24 81 60 51 141
9 37769814 0 1 0 1 9 9 29 27 18 56
9 37770128 0 1 0 0 3 41 0 118 44 118
9 37800529 0 1 0 1 56 46 82 105 102 187
9 38395931 0 1 0 1 43 38 92 84 81 176
9 38396005 0 1 0 1 41 28 84 96 69 180
9 38396068 0 1 0 1 33 39 90 92 72 182
9 38414070 0 1 0 1 27 47 62 72 74 134
9 38453825 0 1 0 1 31 32 87 73 63 160
9 38643540 0 1 0 0 2 25 0 98 27 98
9 39133171 0 1 0 1 3 10 18 21 13 39
9 40191564 0 1 1 1 7 5 29 7 12 36
9 40883932 0 1 0 1 9 6 37 30 15 67
9 40928971 0 1 0 1 8 4 20 25 12 45
9 40929065 0 1 0 1 13 24 34 86 37 120
9 40929075 0 1 0 1 14 30 37 87 44 124
9 40929088 0 1 0 1 17 36 41 93 53 134
9 40929184 0 1 0 1 8 25 30 64 33 94
9 40929194 0 1 0 1 7 20 25 61 27 86
9 40992306 0 1 0 1 3 11 9 22 14 31
9 40992316 0 1 0 1 3 17 9 33 20 42
9 40992349 0 1 0 1 10 30 10 62 40 72
9 40992379 0 1 0 1 11 38 35 73 49 108
9 40992380 0 1 0 1 11 39 35 71 50 106
9 40992397 0 1 0 1 3 54 9 118 57 127
9 40992405 0 1 0 1 16 43 17 113 59 130
9 40992420 0 1 0 1 14 44 17 113 58 130
9 40992437 0 1 0 1 13 35 18 102 48 120
9 40992443 0 1 0 1 10 34 16 102 44 118
9 40992451 0 1 0 1 8 33 13 97 41 110
9 40994644 0 1 0 1 10 10 16 41 20 57
9 40994648 0 1 0 1 12 12 19 43 24 62
9 40994700 0 1 0 1 17 15 37 33 32 70
9 40994733 0 1 0 1 11 11 31 25 22 56
9 41011647 0 1 0 1 38 39 79 91 77 170
9 41040359 0 1 0 1 49 68 67 103 117 170
9 41044504 0 1 0 1 25 52 40 78 77 118
9 41044513 0 1 0 1 33 56 50 79 89 129
9 41044583 0 1 0 1 32 79 46 105 111 151
9 41044624 0 1 0 1 17 42 20 71 59 91
9 41047537 0 1 0 1 25 36 57 63 61 120
9 41215110 0 1 0 1 8 4 17 15 12 32
9 41236486 0 1 0 1 5 13 20 36 18 56
9 41279608 0 1 0 1 5 8 13 20 13 33
9 41279654 0 1 0 1 9 13 31 26 22 57
9 41280753 0 1 0 1 2 12 8 45 14 53
9 41280755 0 1 0 1 3 13 8 49 16 57
9 41280762 0 1 0 1 5 16 12 57 21 69
9 41280791 0 1 0 0 3 34 0 103 37 103
9 41280793 0 1 0 0 3 35 0 104 38 104
9 41280801 0 1 0 0 3 36 0 109 39 109
9 41280813 0 1 0 1 5 34 12 97 39 109
9 41280821 0 1 0 0 3 36 0 109 39 109
9 41280822 0 1 0 0 3 35 0 108 38 108
9 41938447 0 1 0 1 2 11 14 28 13 42
9 41953430 0 1 0 1 9 7 21 18 16 39
9 42385805 0 1 0 1 12 21 18 79 33 97
9 42796167 0 1 0 1 2 54 3 139 56 142
9 42972694 0 1 0 1 7 4 41 30 11 71
9 62799565 0 1 0 1 2 9 4 31 11 35
9 62799580 0 1 0 1 3 6 7 28 9 35
9 62799729 0 1 0 1 4 16 5 45 20 50
9 62799742 0 1 0 1 10 10 8 47 20 55
9 62799748 0 1 0 1 11 9 8 51 20 59
9 62799760 0 1 0 1 10 10 26 43 20 69
9 62799761 0 1 0 1 10 9 14 57 19 71
9 62799765 0 1 0 1 11 10 13 60 21 73
9 62799769 0 1 0 1 11 12 16 61 23 77
9 62799780 0 1 0 1 2 30 4 85 32 89
9 62799785 0 1 0 1 18 14 30 58 32 88
9 62799788 0 1 0 1 17 16 32 57 33 89
9 62799809 0 1 0 1 15 14 34 55 29 89
9 62799818 0 1 0 1 15 12 32 49 27 81
9 62799823 0 1 0 1 14 12 31 45 26 76
9 62799831 0 1 0 1 4 20 11 63 24 74
9 62799872 0 1 0 1 7 7 17 24 14 41
9 62801429 0 1 0 1 2 14 7 58 16 65
9 62801599 0 1 0 1 2 51 3 118 53 121
9 62801613 0 1 0 1 2 54 3 128 56 131
9 62801614 0 1 0 1 2 53 3 129 55 132
9 62801615 0 1 0 1 2 54 3 129 56 132
9 62801616 0 1 0 1 2 56 4 129 58 133
9 62801629 0 1 0 1 2 58 5 136 60 141
9 62801630 0 1 0 1 2 56 5 131 58 136
9 62801641 0 1 0 1 8 51 10 124 59 134
9 62801645 0 1 0 1 2 58 5 131 60 136
9 62801651 0 1 0 1 27 35 63 78 62 141
9 62801674 0 1 0 1 2 67 6 151 69 157
9 62801725 0 1 0 1 2 81 4 163 83 167
9 62801764 0 1 0 1 12 52 25 117 64 142
9 62801770 0 1 0 1 36 25 82 49 61 131
9 62801781 0 1 0 1 9 46 19 93 55 112
9 62843361 0 1 0 1 4 42 16 94 46 110
9 62843444 0 1 0 1 6 65 9 124 71 133
9 62843497 0 1 0 1 6 20 9 38 26 47
9 62843498 0 1 0 1 6 17 9 37 23 46
9 62843500 0 1 0 1 6 16 9 34 22 43
9 62843915 0 1 0 1 3 11 9 43 14 52
9 62858514 0 1 0 1 4 6 20 19 10 39
9 62861214 0 1 0 1 30 70 41 143 100 184
9 62861374 0 1 0 1 43 92 71 130 135 201
9 62861425 0 1 0 1 33 88 50 138 121 188
9 62861713 0 1 0 1 57 91 68 133 148 201
9 62861726 0 1 0 1 42 104 70 131 146 201
9 63326808 0 1 0 1 13 29 41 79 42 120
9 63762119 0 1 0 1 3 8 7 71 11 78
9 63762123 0 1 0 1 3 9 9 70 12 79
9 63762204 0 1 0 1 4 49 4 93 53 97
9 63762247 0 1 0 1 3 20 8 42 23 50
9 63762254 0 1 0 1 3 16 3 39 19 42
9 63762554 0 1 0 1 5 5 22 31 10 53
9 63762561 0 1 0 1 7 5 23 35 12 58
9 63762568 0 1 0 1 7 6 26 39 13 65
9 63762569 0 1 0 1 5 8 13 53 13 66
9 63776603 0 1 0 1 17 14 34 68 31 102
9 63776620 0 1 0 1 18 17 40 79 35 119
9 63776633 0 1 0 1 20 21 39 86 41 125
9 63776667 0 1 0 1 13 15 27 65 28 92
9 63776673 0 1 0 1 9 15 24 57 24 81
9 63776675 0 1 0 1 8 15 22 55 23 77
9 63776679 0 1 0 1 8 13 21 51 21 72
9 63776686 0 1 0 1 2 17 9 58 19 67
9 63776696 0 1 0 1 2 15 9 48 17 57
9 63776700 0 1 0 1 2 14 9 44 16 53
9 63776707 0 1 0 1 2 11 9 35 13 44
9 63819478 0 1 0 1 6 13 6 21 19 27
9 63833351 0 1 0 1 4 8 21 33 12 54
9 63837645 0 1 0 1 16 15 40 16 31 56
9 63837727 0 1 0 1 12 47 13 111 59 124
9 63859453 0 1 0 1 6 12 9 59 18 68
9 63859461 0 1 0 1 6 13 9 62 19 71
9 63859484 0 1 0 1 3 16 6 59 19 65
9 65442828 0 1 0 1 8 19 24 57 27 81
9 65443898 0 1 0 1 45 43 74 67 88 141
9 65443955 0 1 0 1 24 46 35 83 70 118
9 65646886 0 1 0 1 3 23 13 36 26 49
9 65646923 0 1 0 1 6 45 13 89 51 102
9 66182470 0 1 0 1 6 6 37 28 12 65
9 66824318 0 1 0 1 9 19 14 75 28 89
9 66824352 0 1 0 1 3 24 7 83 27 90
9 66824391 0 1 0 1 8 4 22 32 12 54
9 66908204 0 1 0 1 2 31 3 69 33 72
9 66990081 0 1 0 1 24 12 64 35 36 99
9 67189631 0 1 0 1 3 68 2 136 71 138
9 68387464 0 1 0 1 16 47 21 80 63 101
9 68387534 0 1 0 1 3 101 2 175 104 177
9 68387638 0 1 0 1 3 35 4 72 38 76
9 68499396 0 1 0 1 12 13 36 36 25 72
9 68609612 0 1 0 0 2 35 0 129 37 129
9 68610900 0 1 0 1 8 16 30 29 24 59
9 68863679 0 1 0 1 6 6 16 23 12 39
9 69053195 0 1 0 0 2 22 0 118 24 118
9 69053281 0 1 0 1 15 12 44 37 27 81
9 69071265 0 1 0 1 22 39 77 89 61 166
9 69072524 0 1 0 1 9 7 38 31 16 69
9 69237844 0 1 0 1 31 34 81 59 65 140
9 69238701 0 1 0 0 3 60 0 158 63 158
9 69239853 0 1 0 1 7 13 28 25 20 53
9 69248059 0 1 0 1 13 25 46 55 38 101
9 69248071 0 1 0 1 12 20 49 58 32 107
9 69371399 0 1 0 1 9 13 25 28 22 53
9 69371400 0 1 0 1 10 13 27 25 23 52
9 69375729 0 1 0 1 24 16 48 48 40 96
9 69388120 0 1 0 1 39 43 77 98 82 175
9 69449833 0 1 0 1 7 6 25 17 13 42
9 69517037 0 1 0 1 16 14 59 58 30 117
9 69857915 0 1 0 1 36 49 90 59 85 149
9 69858137 0 1 0 1 6 7 19 20 13 39
9 69858138 0 1 0 1 6 7 17 20 13 37
9 69887046 0 1 0 1 8 5 17 22 13 39
9 70388041 0 1 0 0 2 19 0 83 21 83
9 70388044 0 1 0 0 2 20 0 81 22 81
9 70388046 0 1 0 0 2 19 0 78 21 78
9 70388047 0 1 0 0 2 20 0 79 22 79
9 70598694 0 1 0 1 11 9 29 40 20 69
9 70598728 0 1 0 1 7 4 17 26 11 43
9 70619968 0 1 0 1 11 18 44 34 29 78
9 70809868 0 1 0 1 4 6 20 23 10 43
9 70827736 0 1 0 1 15 14 27 35 29 62
9 70842916 0 1 0 1 9 13 37 28 22 65
9 70842945 0 1 0 1 16 24 55 45 40 100
9 70846421 0 1 0 1 57 57 93 94 114 187
9 71690182 0 1 0 1 30 37 72 70 67 142
9 72056803 0 1 0 1 14 8 24 45 22 69
9 72060427 0 1 0 1 4 9 27 23 13 50
9 72060688 0 1 0 1 3 9 12 25 12 37
9 72202796 0 1 0 0 2 11 0 47 13 47
9 72214057 0 1 0 1 23 43 67 64 66 131
9 72275885 0 1 0 1 5 5 29 23 10 52
9 72751869 0 1 0 0 2 30 0 115 32 115
9 72792302 0 1 0 0 3 92 0 177 95 177
9 72792304 0 1 0 0 3 91 0 178 94 178
9 72792306 0 1 0 0 3 92 0 179 95 179
9 72836079 0 1 0 1 42 44 80 87 86 167
9 73167504 0 1 0 0 2 31 0 115 33 115
9 73474686 0 1 0 1 10 18 34 39 28 73
9 73649246 0 1 0 1 22 21 61 45 43 106
9 73649307 0 1 0 1 20 33 53 88 53 141
9 73649706 0 1 0 1 9 5 30 23 14 53
9 74671960 0 1 0 1 11 9 31 41 20 72
9 74742444 0 1 0 0 2 9 0 47 11 47
9 74775848 0 1 0 0 2 14 0 73 16 73
9 74800368 0 1 0 1 23 31 88 78 54 166
9 74810722 0 1 0 1 46 32 60 67 78 127
9 74812257 0 1 0 1 34 37 80 78 71 158
9 74827700 0 1 0 1 27 36 79 77 63 156
9 74935426 0 1 0 1 11 12 43 33 23 76
9 74948171 0 1 0 1 10 15 48 44 25 92
9 75053986 0 1 0 1 7 6 22 26 13 48
9 75054053 0 1 0 1 20 22 55 53 42 108
9 75066103 0 1 0 1 10 9 31 17 19 48
9 75066123 0 1 0 1 14 13 44 24 27 68
9 75066186 0 1 0 1 36 44 82 66 80 148
9 75066277 0 1 0 1 39 50 76 98 89 174
9 75066902 0 1 0 1 44 22 92 64 66 156
9 75067012 0 1 0 1 8 3 26 31 11 57
9 75069774 0 1 0 1 16 22 54 55 38 109
9 75078177 0 1 0 0 3 13 0 48 16 48
9 75078400 0 1 0 1 17 27 46 65 44 111
9 75088560 0 1 0 1 11 7 29 32 18 61
9 75130508 0 1 0 1 11 22 49 58 33 107
9 75985982 0 1 0 1 12 13 28 28 25 56
9 76134057 0 1 0 1 12 9 25 26 21 51
9 76175222 0 1 0 1 13 25 31 52 38 83
9 76175271 0 1 0 1 3 14 14 33 17 47
9 76181606 0 1 0 1 38 35 69 69 73 138
9 76188596 0 1 0 1 22 16 54 40 38 94
9 76205082 0 1 0 1 32 39 62 71 71 133
9 76205349 0 1 0 1 6 7 19 14 13 33
9 76205354 0 1 0 1 6 6 17 13 12 30
9 76227464 0 1 0 1 29 31 78 70 60 148
9 76233638 0 1 0 1 9 6 20 18 15 38
9 76295223 0 1 0 1 10 10 31 32 20 63
9 76295325 0 1 0 1 41 40 68 106 81 174
9 76295357 0 1 0 1 39 40 72 98 79 170
9 76295471 0 1 0 1 9 5 32 22 14 54
9 76321442 0 1 0 1 34 24 66 74 58 140
9 76321576 0 1 0 1 44 63 94 101 107 195
9 76322927 0 1 0 1 4 6 14 16 10 30
9 76322961 0 1 0 1 9 12 21 35 21 56
9 76322985 0 1 0 1 11 20 27 49 31 76
9 76322987 0 1 0 1 11 20 29 49 31 78
9 76323058 0 1 0 1 36 46 79 83 82 162
9 76323127 0 1 0 1 49 49 99 83 98 182
9 76323270 0 1 0 1 16 23 43 62 39 105
9 76323320 0 1 0 1 12 12 26 39 24 65
9 76323330 0 1 0 1 12 9 24 32 21 56
9 76323340 0 1 0 1 7 10 19 25 17 44
9 76328040 0 1 0 1 31 25 70 81 56 151
9 76354143 0 1 0 1 28 20 62 69 48 131
9 76358547 0 1 0 1 46 40 84 87 86 171
9 76398826 0 1 0 0 2 15 0 71 17 71
9 76692003 0 1 0 1 9 21 45 62 30 107
9 76692260 0 1 0 1 8 10 31 26 18 57
9 76703555 0 1 0 1 28 26 75 74 54 149
9 76703761 0 1 0 1 27 47 78 91 74 169
9 76704005 0 1 0 1 29 23 69 59 52 128
9 76704082 0 1 0 1 11 7 43 41 18 84
9 76705724 0 1 0 1 45 32 83 80 77 163
9 76706360 0 1 0 1 42 56 88 94 98 182
9 76706955 0 1 0 1 30 46 81 76 76 157
9 76707152 0 1 0 1 45 63 102 91 108 193
9 76707758 0 1 0 1 50 35 76 93 85 169
9 76707804 0 1 0 1 41 33 73 90 74 163
9 76709263 0 1 0 1 56 62 86 102 118 188
9 76709825 0 1 0 1 36 55 81 95 91 176
9 76710642 0 1 0 1 15 49 66 91 64 157
9 76710699 0 1 0 1 20 33 64 76 53 140
9 76854099 0 1 0 0 2 22 0 117 24 117
9 76854101 0 1 0 0 2 24 0 120 26 120
9 76857079 0 1 0 1 44 59 87 78 103 165
9 77212875 0 1 0 1 11 13 20 30 24 50
9 77305522 0 1 0 1 12 31 66 62 43 128
9 77371141 0 1 0 1 30 24 66 72 54 138
9 77429140 0 1 0 1 16 22 38 47 38 85
9 77431233 0 1 0 0 2 10 0 41 12 41
9 77922196 0 1 0 1 6 51 14 96 57 110
9 78180500 0 1 0 1 12 7 38 29 19 67
9 78219257 0 1 0 1 3 10 20 18 13 38
9 79652817 0 1 0 1 33 41 76 80 74 156
9 79671371 0 1 0 1 33 30 61 80 63 141
9 79671437 0 1 0 1 12 9 23 42 21 65
9 79693475 0 1 0 1 14 27 51 39 41 90
9 79718085 0 1 0 1 38 35 74 80 73 154
9 79718095 0 1 0 1 35 32 70 76 67 146
9 79718590 0 1 0 1 12 8 20 21 20 41
9 79720325 0 1 0 1 11 8 35 45 19 80
9 81600059 0 1 0 1 33 34 70 79 67 149
9 81616817 0 1 0 0 3 35 0 119 38 119
9 81620813 0 1 0 1 34 42 73 76 76 149
9 81620883 0 1 0 1 45 56 90 79 101 169
9 81915146 0 1 0 1 4 15 12 28 19 40
9 81915150 0 1 0 1 2 13 15 21 15 36
9 81915451 0 1 0 1 31 39 90 77 70 167
9 81915497 0 1 0 1 25 37 90 75 62 165
9 81949134 0 1 0 1 8 4 15 22 12 37
9 81990378 0 1 0 1 25 22 54 61 47 115
9 81992843 0 1 0 1 43 43 75 73 86 148
9 81994142 0 1 0 1 21 27 69 70 48 139
9 81994998 0 1 0 1 40 38 65 99 78 164
9 83012493 0 1 0 1 24 30 55 72 54 127
9 83012625 0 1 0 1 6 4 16 20 10 36
9 83015706 0 1 0 1 24 18 55 54 42 109
9 83297831 0 1 0 1 40 42 56 91 82 147
9 83310687 0 1 0 0 2 9 0 62 11 62
9 83343383 0 1 0 1 36 27 69 74 63 143
9 83629018 0 1 0 1 30 16 47 38 46 85
9 83663902 0 1 0 1 24 24 64 71 48 135
9 83669263 0 1 0 1 37 43 91 80 80 171
9 83677644 0 1 0 0 2 10 0 53 12 53
9 83712983 0 1 0 1 31 30 70 83 61 153
9 84278156 0 1 0 1 20 15 62 24 35 86
9 84278398 0 1 0 1 5 8 23 21 13 44
9 84279222 0 1 0 1 7 13 32 30 20 62
9 84280938 0 1 0 1 16 26 51 50 42 101
9 84285454 0 1 0 1 34 51 92 82 85 174
9 84948647 0 1 0 1 24 12 49 38 36 87
9 85849336 0 1 0 1 33 23 59 59 56 118
9 86317348 0 1 0 1 13 22 44 43 35 87
9 86323753 0 1 0 1 43 42 88 86 85 174
9 86326634 0 1 0 1 9 6 29 23 15 52
9 86345023 0 1 0 1 35 43 59 83 78 142
9 87447908 0 1 0 1 22 31 57 53 53 110
9 87639350 0 1 0 0 2 11 0 46 13 46
9 87641912 0 1 0 1 2 10 17 15 12 32
9 87698802 0 1 0 1 20 30 68 72 50 140
9 87701795 0 1 0 1 31 22 60 55 53 115
9 87706039 0 1 0 1 16 9 35 30 25 65
9 87706668 0 1 0 1 39 43 88 77 82 165
9 87707108 0 1 0 1 43 60 95 102 103 197
9 87727760 0 1 0 1 52 41 85 88 93 173
9 87728865 0 1 0 1 26 24 49 60 50 109
9 87885490 0 1 0 1 33 60 83 98 93 181
9 87886533 0 1 0 1 26 23 65 88 49 153
9 87887543 0 1 0 1 26 17 64 57 43 121
9 87887904 0 1 0 1 25 29 64 88 54 152
9 87888092 0 1 0 1 12 16 37 41 28 78
9 87888536 0 1 0 1 58 55 97 104 113 201
9 88130021 0 1 0 1 7 10 17 27 17 44
9 88180647 0 1 0 1 9 13 41 31 22 72
9 89001928 0 1 0 1 57 48 104 88 105 192
9 89013669 0 1 0 1 13 15 36 35 28 71
9 89037500 0 1 0 1 41 51 76 96 92 172
9 89037501 0 1 0 1 41 52 74 97 93 171
9 89037623 0 1 0 1 9 8 18 30 17 48
9 89041928 0 1 0 1 3 13 33 28 16 61
9 89042048 0 1 0 1 47 47 88 96 94 184
9 89046831 0 1 0 1 7 5 17 31 12 48
9 89065616 0 1 0 1 15 15 44 35 30 79
9 89065685 0 1 0 1 8 4 15 13 12 28
9 89311209 0 1 0 1 28 34 74 86 62 160
9 89362528 0 1 0 1 9 19 37 38 28 75
9 89363676 0 1 0 1 16 23 64 49 39 113
9 89364017 0 1 0 1 16 16 59 57 32 116
9 89378809 0 1 0 1 35 65 90 94 100 184
9 89379186 0 1 0 1 25 25 50 55 50 105
9 89379518 0 1 0 1 13 33 73 89 46 162
9 89388764 0 1 0 1 34 38 76 95 72 171
9 89388834 0 1 0 1 27 38 82 89 65 171
9 89396602 0 1 0 1 5 8 12 22 13 34
9 89396848 0 1 0 1 32 32 59 69 64 128
9 89402818 0 1 0 1 12 10 34 26 22 60
9 89405244 0 1 0 1 10 6 25 25 16 50
9 90023386 0 1 0 0 2 19 0 89 21 89
9 90582765 0 1 0 1 5 8 30 25 13 55
9 90743135 0 1 0 1 3 9 24 29 12 53
9 90751960 0 1 0 1 7 8 20 16 15 36
9 90844027 0 1 0 1 60 53 84 104 113 188
9 91325340 0 1 0 1 21 28 62 59 49 121
9 91355824 0 1 0 1 7 7 26 34 14 60
9 91410693 0 1 0 1 53 52 88 101 105 189
9 91636299 0 1 0 1 10 5 16 28 15 44
9 91724406 0 1 0 1 57 55 95 89 112 184
9 91724784 0 1 0 1 73 52 104 88 125 192
9 91725177 0 1 0 1 13 13 34 31 26 65
9 92038408 0 1 0 1 21 32 63 81 53 144
9 92046026 0 1 0 0 2 12 0 74 14 74
9 92112618 0 1 0 1 25 20 39 53 45 92
9 92136534 0 1 0 1 13 7 49 46 20 95
9 92136584 0 1 0 1 21 19 56 69 40 125
9 92136678 0 1 0 1 12 11 42 46 23 88
9 92138340 0 1 0 1 11 14 39 23 25 62
9 92144417 0 1 0 1 7 10 28 20 17 48
9 92144726 0 1 0 1 11 17 40 32 28 72
9 92157504 0 1 0 1 12 14 42 46 26 88
9 92177527 0 1 0 1 32 47 76 87 79 163
9 92223246 0 1 0 1 12 15 33 24 27 57
9 92223355 0 1 0 1 26 46 68 104 72 172
9 92243224 0 1 0 0 3 90 0 167 93 167
9 92243255 0 1 0 1 45 63 84 108 108 192
9 92252435 0 1 0 1 25 21 66 84 46 150
9 92253933 0 1 0 1 48 58 98 89 106 187
9 92256621 0 1 0 1 14 12 44 40 26 84
9 92260101 0 1 0 1 29 26 51 65 55 116
9 92260355 0 1 0 1 7 6 21 11 13 32
9 92265154 0 1 0 1 4 6 20 17 10 37
9 92287727 0 1 0 1 14 20 33 42 34 75
9 92289517 0 1 0 1 8 12 35 48 20 83
9 92292426 0 1 0 1 7 6 36 25 13 61
9 92298348 0 1 0 1 21 13 39 59 34 98
9 92301665 0 1 0 1 13 11 34 54 24 88
9 92310625 0 1 0 1 35 30 62 76 65 138
9 92314383 0 1 0 1 36 44 86 79 80 165
9 92315188 0 1 0 1 36 39 92 88 75 180
9 92315545 0 1 0 1 28 30 76 79 58 155
9 92321784 0 1 0 1 10 10 26 34 20 60
9 92325922 0 1 0 1 25 9 37 54 34 91
9 92325973 0 1 0 1 31 36 82 61 67 143
9 92385612 0 1 0 1 19 18 47 50 37 97
9 92385802 0 1 0 1 27 25 43 76 52 119
9 92416897 0 1 0 1 35 26 72 88 61 160
9 92460496 0 1 0 0 2 29 0 118 31 118
9 92466494 0 1 0 1 46 32 79 92 78 171
9 92494311 0 1 0 1 14 18 32 43 32 75
9 92514828 0 1 0 0 2 17 0 102 19 102
9 92515074 0 1 0 1 16 8 51 57 24 108
9 92517703 0 1 0 1 31 15 55 57 46 112
9 92522591 0 1 0 1 27 32 70 71 59 141
9 92600383 0 1 0 1 20 17 42 68 37 110
9 92600433 0 1 0 1 24 20 63 84 44 147
9 92611508 0 1 0 1 5 14 28 22 19 50
9 92613186 0 1 0 1 25 16 61 69 41 130
9 92616071 0 1 0 1 32 32 68 80 64 148
9 92634430 0 1 0 1 49 38 69 94 87 163
9 92638360 0 1 0 1 4 14 36 34 18 70
9 92640836 0 1 0 1 19 13 48 50 32 98
9 92649443 0 1 0 1 26 28 69 76 54 145
9 92658701 0 1 0 1 13 10 57 56 23 113
9 92669773 0 1 0 1 11 12 33 30 23 63
9 92715277 0 1 0 1 32 24 53 93 56 146
9 92717969 0 1 0 1 15 10 38 36 25 74
9 92719693 0 1 0 1 29 39 68 51 68 119
9 92720254 0 1 0 1 9 8 35 29 17 64
9 92807635 0 1 0 1 9 4 27 28 13 55
9 92819293 0 1 0 1 44 51 95 84 95 179
9 92885245 0 1 0 1 7 11 23 26 18 49
9 92920946 0 1 0 1 11 23 55 49 34 104
9 92921084 0 1 0 1 12 11 37 48 23 85
9 92976499 0 1 0 1 34 23 79 86 57 165
9 93004189 0 1 0 1 22 19 41 44 41 85
9 93020385 0 1 0 1 45 34 80 88 79 168
9 93020489 0 1 0 0 2 30 0 127 32 127
9 93022227 0 1 0 1 20 13 36 33 33 69
9 93077795 0 1 0 1 10 12 47 38 22 85
9 93077974 0 1 0 1 32 26 68 61 58 129
9 93077977 0 1 0 1 31 23 64 60 54 124
9 93230888 0 1 0 1 9 5 29 15 14 44
9 93231147 0 1 0 1 6 13 30 35 19 65
9 93252974 0 1 0 1 49 46 82 76 95 158
9 93259030 0 1 0 1 45 43 95 91 88 186
9 93268110 0 1 0 1 23 17 61 53 40 114
9 93268633 0 1 0 0 2 19 0 74 21 74
9 93289897 0 1 0 1 15 9 27 34 24 61
9 93292781 0 1 0 1 36 23 61 73 59 134
9 93335465 0 1 0 1 33 38 80 61 71 141
9 93674979 0 1 0 1 46 21 75 95 67 170
9 93952679 0 1 0 1 19 21 42 46 40 88
9 94301346 0 1 0 1 35 45 75 85 80 160
9 94446784 0 1 0 1 18 19 52 40 37 92
9 94459152 0 1 0 1 38 42 75 96 80 171
9 94459181 0 1 0 1 44 42 101 79 86 180
9 94587384 0 1 0 1 20 19 60 60 39 120
9 94609890 0 1 0 1 10 9 22 20 19 42
9 94665249 0 1 0 1 43 30 81 70 73 151
9 95086808 0 1 0 1 19 15 42 65 34 107
9 95111675 0 1 0 1 25 28 52 61 53 113
9 95293872 0 1 0 1 30 56 81 94 86 175
9 95462078 0 1 0 1 10 15 40 38 25 78
9 95468802 0 1 0 1 29 29 75 79 58 154
9 95476076 0 1 0 1 11 6 51 36 17 87
9 95476097 0 1 0 1 14 14 41 67 28 108
9 95479830 0 1 0 1 5 8 23 16 13 39
9 95480643 0 1 0 1 12 14 32 30 26 62
9 95875996 0 1 0 0 2 27 0 109 29 109
9 95897811 0 1 0 0 2 20 0 118 22 118
9 95897854 0 1 0 0 2 27 0 112 29 112
9 95915882 0 1 0 1 8 7 29 22 15 51
9 95923515 0 1 0 1 5 6 12 23 11 35
9 95928855 0 1 0 1 18 14 41 28 32 69
9 95972388 0 1 0 1 4 19 64 47 23 111
9 95972609 0 1 0 1 29 29 63 75 58 138
9 96004579 0 1 0 1 31 52 77 95 83 172
9 96235528 0 1 0 1 55 41 81 93 96 174
9 96240982 0 1 0 1 9 16 47 36 25 83
9 96251381 0 1 0 1 20 16 46 51 36 97
9 96388497 0 1 0 1 14 10 45 41 24 86
9 96407857 0 1 0 0 2 9 0 49 11 49
9 96484730 0 1 0 1 11 11 17 25 22 42
9 96488181 0 1 0 1 61 64 92 91 125 183
9 97032843 0 1 0 1 6 5 13 17 11 30
9 97032984 0 1 0 0 3 59 0 145 62 145
9 97035478 0 1 0 1 23 16 47 49 39 96
9 97076301 0 1 0 1 2 10 11 24 12 35
9 97122507 0 1 0 1 11 21 31 40 32 71
9 97281400 0 1 0 1 9 10 22 27 19 49
9 97428498 0 1 0 1 10 15 36 47 25 83
9 97430831 0 1 0 1 17 37 57 59 54 116
9 97432124 0 1 0 1 38 49 80 97 87 177
9 97562611 0 1 0 1 12 6 17 20 18 37
9 97658515 0 1 0 1 3 9 3 29 12 32
9 97854301 0 1 0 1 61 52 81 99 113 180
9 97854629 0 1 0 0 2 9 0 38 11 38
9 97854739 0 1 0 1 5 5 15 22 10 37
9 97855093 0 1 0 1 15 11 45 49 26 94
9 97913534 0 1 0 1 12 16 46 65 28 111
9 97922252 0 1 0 1 16 23 34 35 39 69
9 97927411 0 1 0 1 17 17 61 61 34 122
9 98005248 0 1 0 1 11 11 23 29 22 52
9 98012364 0 1 0 1 8 8 25 28 16 53
9 98087500 0 1 0 0 2 21 0 92 23 92
9 98119243 0 1 0 1 11 13 21 48 24 69
9 98128366 0 1 0 0 2 21 0 83 23 83
9 98201371 0 1 0 1 7 5 14 23 12 37
9 98203190 0 1 0 1 18 13 64 48 31 112
9 98209066 0 1 0 1 29 31 66 91 60 157
9 98221284 0 1 0 1 17 16 41 50 33 91
9 98233439 0 1 0 1 27 25 48 61 52 109
9 98233476 0 1 0 1 52 37 75 76 89 151
9 98243928 0 1 0 1 8 5 13 20 13 33
9 98243934 0 1 0 1 8 7 15 22 15 37
9 98244154 0 1 0 1 13 18 45 57 31 102
9 98244161 0 1 0 1 14 18 40 56 32 96
9 98290794 0 1 0 1 9 8 34 23 17 57
9 98299383 0 1 0 1 8 12 38 25 20 63
9 98362866 0 1 0 1 32 37 79 71 69 150
9 98406295 0 1 0 1 10 5 27 21 15 48
9 98578019 0 1 0 1 32 50 88 96 82 184
9 98578143 0 1 0 1 17 16 55 49 33 104
9 98578158 0 1 0 1 12 15 47 36 27 83
9 98606962 0 1 0 1 8 3 25 25 11 50
9 98708366 0 1 0 1 12 9 37 24 21 61
9 98718923 0 1 0 1 6 6 21 18 12 39
9 98719225 0 1 0 1 6 7 19 19 13 38
9 98771140 0 1 0 1 8 11 28 37 19 65
9 98777319 0 1 0 1 8 5 25 20 13 45
9 98777583 0 1 0 1 9 10 39 35 19 74
9 98790673 0 1 0 1 21 17 64 48 38 112
9 98790732 0 1 0 1 7 5 32 21 12 53
9 98796162 0 1 0 1 18 10 44 38 28 82
9 98796327 0 1 0 1 10 5 19 13 15 32
9 98831880 0 1 0 0 3 72 0 164 75 164
9 98837276 0 1 0 1 8 7 18 18 15 36
9 98839889 0 1 0 1 14 13 44 45 27 89
9 98985952 0 1 0 1 40 27 75 84 67 159
9 98986074 0 1 0 1 20 27 61 62 47 123
9 98987216 0 1 0 1 38 40 96 80 78 176
9 98997146 0 1 0 1 6 9 18 27 15 45
9 99015416 0 1 0 0 2 19 0 78 21 78
9 99146633 0 1 0 1 53 47 75 92 100 167
9 99149374 0 1 0 1 20 25 53 51 45 104
9 99222654 0 1 0 1 24 37 57 90 61 147
9 99951406 0 1 0 1 11 13 32 33 24 65
9 100057720 0 1 0 1 14 8 41 32 22 73
9 100098646 0 1 0 1 24 33 64 49 57 113
9 100175532 0 1 0 0 2 26 0 96 28 96
9 100240169 0 1 0 1 43 31 74 72 74 146
9 100252902 0 1 0 1 35 21 50 80 56 130
9 100292669 0 1 0 1 13 24 61 75 37 136
9 100297194 0 1 0 1 5 5 22 16 10 38
9 100297995 0 1 0 0 3 93 0 184 96 184
9 100298104 0 1 0 1 26 29 66 81 55 147
9 100578087 0 1 0 1 9 12 33 28 21 61
9 100578593 0 1 0 1 15 12 45 24 27 69
9 100586352 0 1 0 1 22 30 76 76 52 152
9 100731676 0 1 0 1 11 11 42 39 22 81
9 100731804 0 1 0 1 7 8 28 34 15 62
9 101477039 0 1 0 1 17 12 34 43 29 77
9 101535411 0 1 0 1 27 26 59 60 53 119
9 101540343 0 1 0 1 73 54 95 96 127 191
9 101562263 0 1 0 1 35 15 76 79 50 155
9 101573304 0 1 0 1 28 16 78 68 44 146
9 101573408 0 1 0 1 29 19 74 80 48 154
9 101577889 0 1 0 1 32 27 70 73 59 143
9 101623429 0 1 0 1 29 27 63 53 56 116
9 101623430 0 1 0 1 28 26 63 51 54 114
9 101671065 0 1 0 1 44 45 84 78 89 162
9 101686579 0 1 0 1 18 23 65 68 41 133
9 101686781 0 1 0 1 24 27 70 89 51 159
9 101686816 0 1 0 1 23 25 66 88 48 154
9 101687012 0 1 0 1 47 43 93 76 90 169
9 102643133 0 1 0 1 25 28 50 64 53 114
9 103001630 0 1 0 1 10 6 34 34 16 68
9 104095627 0 1 0 1 10 21 47 37 31 84
9 104123051 0 1 0 1 10 13 27 37 23 64
9 104134528 0 1 0 1 31 42 61 99 73 160
9 104569223 0 1 0 1 42 31 73 81 73 154
9 104590344 0 1 0 1 4 7 21 25 11 46
9 104598641 0 1 0 1 50 43 101 77 93 178
9 104599031 0 1 0 1 39 45 60 81 84 141
9 104599158 0 1 0 1 17 37 31 57 54 88
9 104599168 0 1 0 1 12 30 16 46 42 62
9 104599170 0 1 0 1 12 28 14 44 40 58
9 104599171 0 1 0 1 12 27 14 42 39 56
9 104599179 0 1 0 1 11 21 14 30 32 44
9 104599361 0 1 0 1 13 14 40 32 27 72
9 104604851 0 1 0 1 24 64 44 118 88 162
9 104617614 0 1 0 1 72 54 84 106 126 190
9 104618115 0 1 0 1 26 46 55 104 72 159
9 104694482 0 1 0 1 13 22 74 75 35 149
9 104694601 0 1 0 1 2 33 2 90 35 92
9 104694994 0 1 0 1 17 15 37 57 32 94
9 104695251 0 1 0 1 67 65 97 100 132 197
9 104722781 0 1 0 1 4 7 24 29 11 53
9 104723045 0 1 0 1 27 16 62 49 43 111
9 104747864 0 1 0 1 10 26 42 57 36 99
9 104768846 0 1 0 1 4 11 25 27 15 52
9 104788358 0 1 0 1 7 13 42 25 20 67
9 104799878 0 1 0 0 2 33 0 120 35 120
9 104825752 0 1 0 1 29 29 63 76 58 139
9 104837109 0 1 0 1 6 7 12 17 13 29
9 105309711 0 1 0 0 3 39 0 100 42 100
9 105365767 0 1 0 1 7 12 27 31 19 58
9 105374539 0 1 0 1 21 31 51 48 52 99
9 105385482 0 1 0 1 32 26 87 70 58 157
9 105389918 0 1 0 1 41 42 77 87 83 164
9 105472013 0 1 0 1 8 3 34 24 11 58
9 105520574 0 1 0 1 7 6 22 13 13 35
9 105521558 0 1 0 1 5 5 21 31 10 52
9 105522418 0 1 0 1 6 12 18 28 18 46
9 105525779 0 1 0 1 11 20 30 31 31 61
9 105604453 0 1 0 1 31 39 61 111 70 172
9 105618074 0 1 0 1 21 12 55 45 33 100
9 105694607 0 1 0 1 6 14 40 41 20 81
9 105705590 0 1 0 1 14 19 44 42 33 86
9 107010864 0 1 0 1 19 35 66 75 54 141
9 107284851 0 1 0 1 31 41 67 89 72 156
9 107323868 0 1 0 1 17 14 44 29 31 73
9 108875024 0 1 0 1 19 32 48 106 51 154
9 108875051 0 1 0 1 15 28 30 95 43 125
9 108875052 0 1 0 1 15 27 30 95 42 125
9 108882116 0 1 0 1 34 34 73 74 68 147
9 108889217 0 1 0 1 7 17 30 45 24 75
9 108889219 0 1 0 1 7 18 28 49 25 77
9 108891180 0 1 0 1 19 13 47 45 32 92
9 108896683 0 1 0 1 26 38 69 71 64 140
9 108896741 0 1 0 1 7 14 40 30 21 70
9 108897203 0 1 0 1 35 29 83 65 64 148
9 108898571 0 1 0 1 9 13 31 44 22 75
9 108900446 0 1 0 1 34 33 63 84 67 147
9 108900447 0 1 0 1 33 31 61 85 64 146
9 108901474 0 1 0 1 25 48 83 92 73 175
9 108901513 0 1 0 1 35 63 95 97 98 192
9 108903448 0 1 0 1 11 6 26 17 17 43
9 108906372 0 1 0 1 32 21 75 82 53 157
9 108908427 0 1 0 1 32 26 65 57 58 122
9 108916148 0 1 0 1 13 13 44 39 26 83
9 108943870 0 1 0 0 2 35 0 129 37 129
9 108950630 0 1 0 1 33 24 64 78 57 142
9 108979491 0 1 0 0 11 19 0 87 30 87
9 108992008 0 1 0 1 15 21 45 77 36 122
9 109037954 0 1 0 1 18 17 32 34 35 66
9 109046152 0 1 0 1 23 23 52 59 46 111
9 109046157 0 1 0 1 22 29 54 65 51 119
9 109050545 0 1 0 1 67 66 91 104 133 195
9 109080775 0 1 0 1 13 10 31 20 23 51
9 109106497 0 1 0 1 17 15 52 51 32 103
9 109108614 0 1 0 1 14 33 53 41 47 94
9 109149495 0 1 0 1 11 9 16 24 20 40
9 109174452 0 1 0 1 11 19 31 36 30 67
9 109174508 0 1 0 1 31 30 63 64 61 127
9 109185424 0 1 0 1 9 8 33 21 17 54
9 109194214 0 1 0 1 20 24 76 56 44 132
9 109194319 0 1 0 1 15 14 38 52 29 90
9 109200365 0 1 0 1 3 70 2 156 73 158
9 109258388 0 1 0 1 25 23 67 69 48 136
9 109263103 0 1 0 0 2 11 0 52 13 52
9 109279645 0 1 0 1 12 9 27 17 21 44
9 109410394 0 1 0 1 21 23 52 75 44 127
9 109457194 0 1 0 1 58 44 82 97 102 179
9 109463494 0 1 0 1 36 38 85 77 74 162
9 109463552 0 1 0 1 21 23 51 47 44 98
9 109867117 0 1 0 1 37 32 59 62 69 121
9 109867578 0 1 0 1 16 7 33 36 23 69
9 109942611 0 1 0 1 4 15 2 50 19 52
9 109942613 0 1 0 0 3 14 0 51 17 51
9 109942615 0 1 0 0 4 15 0 53 19 53
9 110137919 0 1 0 1 25 25 71 79 50 150
9 110156251 0 1 0 1 6 4 24 26 10 50
9 110156301 0 1 0 1 24 12 43 50 36 93
9 110369941 0 1 0 1 28 32 82 74 60 156
9 110377209 0 1 0 1 7 11 29 33 18 62
9 110377503 0 1 0 1 10 7 14 21 17 35
9 110379535 0 1 0 1 35 62 83 82 97 165
9 110389433 0 1 0 1 21 21 53 38 42 91
9 110404417 0 1 0 1 46 36 63 91 82 154
9 110406221 0 1 0 1 30 50 97 89 80 186
9 110407350 0 1 0 1 54 78 79 120 132 199
9 110408982 0 1 0 1 12 12 31 31 24 62
9 110411745 0 1 0 1 14 20 40 58 34 98
9 110427674 0 1 0 1 28 35 64 92 63 156
9 110429253 0 1 0 1 53 54 89 92 107 181
9 110430375 0 1 0 1 27 28 65 70 55 135
9 110430505 0 1 0 1 24 18 59 50 42 109
9 110431847 0 1 0 1 12 12 47 25 24 72
9 110432406 0 1 0 1 13 10 49 44 23 93
9 110445970 0 1 0 1 28 25 55 68 53 123
9 110458540 0 1 0 1 40 27 82 78 67 160
9 110465818 0 1 0 1 33 24 65 53 57 118
9 110471440 0 1 0 1 38 67 91 94 105 185
9 110472227 0 1 0 1 32 32 79 92 64 171
9 110482452 0 1 0 1 8 23 51 63 31 114
9 110499203 0 1 0 1 24 26 58 52 50 110
9 110546245 0 1 0 1 44 52 80 75 96 155
9 110687104 0 1 0 0 3 26 0 92 29 92
9 110687106 0 1 0 0 3 23 0 95 26 95
9 110687108 0 1 0 0 4 26 0 100 30 100
9 110687109 0 1 0 0 2 27 0 99 29 99
9 110695519 0 1 0 1 15 29 49 65 44 114
9 110697192 0 1 0 1 5 5 18 19 10 37
9 110697375 0 1 0 1 42 60 87 102 102 189
9 110728645 0 1 0 1 16 39 74 59 55 133
9 110775842 0 1 0 1 20 18 44 63 38 107
9 110875574 0 1 0 1 26 27 71 68 53 139
9 111038510 0 1 0 1 20 13 43 42 33 85
9 111038531 0 1 0 1 22 18 55 50 40 105
9 111327999 0 1 0 1 38 50 95 88 88 183
9 111329707 0 1 0 1 8 5 20 26 13 46
9 111363555 0 1 0 1 12 14 43 51 26 94
9 111373889 0 1 0 1 14 6 39 30 20 69
9 111384406 0 1 0 1 15 17 37 57 32 94
9 111412135 0 1 0 1 28 34 68 68 62 136
9 111527477 0 1 0 0 2 28 0 111 30 111
9 111539305 0 1 0 1 13 13 40 32 26 72
9 111586233 0 1 0 1 11 10 27 29 21 56
9 111594379 0 1 0 1 17 11 49 32 28 81
9 111597344 0 1 0 1 11 6 47 41 17 88
9 111867646 0 1 0 1 9 8 16 12 17 28
9 111897381 0 1 0 1 10 5 20 29 15 49
9 111926377 0 1 0 0 2 15 0 76 17 76
9 111926380 0 1 0 0 2 14 0 81 16 81
9 112058785 0 1 0 1 10 9 28 24 19 52
9 112098736 0 1 0 1 12 11 20 41 23 61
9 112124245 0 1 0 0 2 15 0 60 17 60
9 112157427 0 1 0 1 27 38 45 54 65 99
9 112289266 0 1 0 1 21 22 51 66 43 117
9 112297925 0 1 0 1 7 11 41 35 18 76
9 112333463 0 1 0 1 36 25 75 65 61 140
9 112582584 0 1 0 1 8 6 25 26 14 51
9 112804904 0 1 0 1 37 34 79 78 71 157
9 112817728 0 1 0 1 25 33 56 96 58 152
9 112890601 0 1 0 1 11 10 47 43 21 90
9 112998281 0 1 0 1 13 18 45 53 31 98
9 113223219 0 1 0 1 6 13 21 22 19 43
9 113266279 0 1 0 1 9 19 29 49 28 78
9 113275614 0 1 0 1 14 5 24 18 19 42
9 113275900 0 1 0 1 5 15 34 33 20 67
9 113282718 0 1 0 1 9 10 37 52 19 89
9 113282808 0 1 0 1 10 13 51 55 23 106
9 113284500 0 1 0 1 9 6 25 21 15 46
9 113286594 0 1 0 1 7 7 28 19 14 47
9 113297844 0 1 0 1 21 23 72 75 44 147
9 113297941 0 1 0 1 20 27 72 76 47 148
9 113298207 0 1 0 1 16 18 43 41 34 84
9 113320367 0 1 0 1 22 18 50 63 40 113
9 113330846 0 1 0 1 11 6 40 23 17 63
9 113360745 0 1 0 0 2 20 0 78 22 78
9 113362243 0 1 0 1 19 9 58 32 28 90
9 113369589 0 1 0 1 27 30 61 47 57 108
9 113370054 0 1 0 1 19 25 74 62 44 136
9 113390970 0 1 0 1 15 16 53 44 31 97
9 113391620 0 1 0 1 30 32 62 75 62 137
9 113497161 0 1 0 1 14 13 37 35 27 72
9 113584007 0 1 0 1 16 9 54 40 25 94
9 113851339 0 1 0 0 3 28 0 87 31 87
9 114048547 0 1 0 1 8 10 18 17 18 35
9 114060330 0 1 0 1 31 17 55 69 48 124
9 114060340 0 1 0 1 29 15 56 68 44 124
9 114060370 0 1 0 1 22 11 44 51 33 95
9 114062665 0 1 0 1 6 14 23 23 20 46
9 114069858 0 1 0 0 2 20 0 90 22 90
9 114072883 0 1 0 1 18 27 46 57 45 103
9 114073078 0 1 0 1 10 11 38 27 21 65
9 114077924 0 1 0 1 8 9 24 32 17 56
9 114095376 0 1 0 1 24 16 52 46 40 98
9 114096345 0 1 0 1 39 60 93 96 99 189
9 114097489 0 1 0 1 11 14 35 37 25 72
9 114156114 0 1 0 1 27 25 54 75 52 129
9 114168442 0 1 0 1 32 20 77 72 52 149
9 114168819 0 1 0 1 27 27 88 81 54 169
9 114169333 0 1 0 0 2 32 0 136 34 136
9 114178138 0 1 0 1 15 20 48 57 35 105
9 114195864 0 1 0 1 11 22 48 47 33 95
9 114195934 0 1 0 1 36 30 76 78 66 154
9 114204983 0 1 0 1 18 31 48 74 49 122
9 114240237 0 1 0 1 35 38 94 74 73 168
9 114264301 0 1 0 1 15 6 31 23 21 54
9 114270742 0 1 0 1 14 18 83 57 32 140
9 114270816 0 1 0 1 26 31 91 78 57 169
9 114270939 0 1 0 1 12 14 47 34 26 81
9 114275540 0 1 0 1 11 11 27 41 22 68
9 114275635 0 1 0 1 33 52 92 74 85 166
9 114282258 0 1 0 1 16 12 43 44 28 87
9 114283890 0 1 0 1 9 10 46 27 19 73
9 114288718 0 1 0 1 39 26 73 91 65 164
9 114289306 0 1 0 1 16 29 73 73 45 146
9 114290935 0 1 0 1 42 34 81 82 76 163
9 114290993 0 1 0 1 34 33 69 62 67 131
9 114300042 0 1 0 1 38 30 63 79 68 142
9 114302065 0 1 0 1 17 26 39 71 43 110
9 114302125 0 1 0 1 14 15 34 50 29 84
9 114307715 0 1 0 1 31 34 71 81 65 152
9 114323915 0 1 0 1 6 100 14 141 106 155
9 114323946 0 1 0 1 96 21 100 41 117 141
9 114323961 0 1 0 1 99 51 93 83 150 176
9 114324932 0 1 0 1 18 21 31 55 39 86
9 114330717 0 1 0 1 12 64 15 148 76 163
9 114341510 0 1 0 0 2 20 0 88 22 88
9 114341693 0 1 0 1 4 9 30 27 13 57
9 114343910 0 1 0 1 28 23 42 51 51 93
9 114344726 0 1 0 1 11 7 17 16 18 33
9 114347766 0 1 0 1 12 5 33 22 17 55
9 114383329 0 1 0 1 11 22 45 47 33 92
9 114592663 0 1 0 1 12 23 41 50 35 91
9 114628020 0 1 0 1 14 8 36 21 22 57
9 114636865 0 1 0 1 5 9 19 17 14 36
9 114666680 0 1 0 1 14 11 39 46 25 85
9 114666739 0 1 0 1 16 22 62 61 38 123
9 114668244 0 1 0 1 2 49 2 128 51 130
9 114671405 0 1 0 1 21 30 75 68 51 143
9 114790605 0 1 0 1 31 35 79 77 66 156
9 114845889 0 1 0 1 19 27 60 68 46 128
9 115040992 0 1 0 1 20 43 57 83 63 140
9 115042265 0 1 0 1 16 30 57 70 46 127
9 115042388 0 1 0 1 29 31 71 62 60 133
9 115052994 0 1 0 1 13 17 45 42 30 87
9 115073620 0 1 0 1 19 32 72 79 51 151
9 115081960 0 1 0 1 7 4 23 18 11 41
9 115084171 0 1 0 1 8 8 21 30 16 51
9 115084291 0 1 0 1 37 25 82 75 62 157
9 115084301 0 1 0 1 27 41 76 89 68 165
9 115085833 0 1 0 1 40 25 61 83 65 144
9 115087035 0 1 0 1 60 66 102 98 126 200
9 115090743 0 1 0 1 47 97 103 99 144 202
9 116396535 0 1 0 1 19 33 62 81 52 143
9 116398512 0 1 0 1 11 18 26 36 29 62
9 117141227 0 1 0 1 25 29 69 57 54 126
9 117141548 0 1 0 1 10 5 34 24 15 58
9 117214772 0 1 0 1 10 8 32 27 18 59
9 120443791 0 1 0 0 2 12 0 60 14 60
9 120527820 0 1 0 0 2 17 0 71 19 71
9 120869283 0 1 0 1 20 38 64 84 58 148
9 120913617 0 1 0 1 35 36 74 88 71 162
9 121046343 0 1 0 0 2 28 0 108 30 108
9 121074792 0 1 0 1 13 11 37 23 24 60
9 121143947 0 1 0 0 2 18 0 83 20 83
9 121143948 0 1 0 0 2 19 0 86 21 86
9 121281589 0 1 0 1 57 47 97 91 104 188
9 121332312 0 1 0 1 18 13 28 32 31 60
9 121455998 0 1 0 1 5 9 28 39 14 67
9 121756935 0 1 0 1 3 7 25 27 10 52
9 121973939 0 1 0 1 8 7 37 32 15 69
9 122371228 0 1 0 1 14 27 66 52 41 118
9 122476974 0 1 0 1 6 8 29 26 14 55
9 122567905 0 1 0 1 32 43 73 109 75 182
9 122568046 0 1 0 1 28 27 71 55 55 126
9 122615735 0 1 0 1 23 22 42 63 45 105
9 122897285 0 1 0 0 3 67 0 137 70 137
9 123365932 0 1 0 1 18 25 59 86 43 145
9 123365974 0 1 0 1 18 29 62 84 47 146
9 123366400 0 1 0 1 11 6 34 24 17 58
9 123367072 0 1 0 1 26 17 68 39 43 107
9 123367625 0 1 0 1 7 21 50 34 28 84
9 123368882 0 1 0 1 7 14 41 43 21 84
9 123370050 0 1 0 1 22 20 54 49 42 103
9 123370640 0 1 0 1 38 26 65 97 64 162
9 123370847 0 1 0 0 3 74 0 168 77 168
9 123371218 0 1 0 1 25 39 76 96 64 172
9 123372263 0 1 0 1 27 35 65 92 62 157
9 123375397 0 1 0 1 13 10 36 37 23 73
9 123457427 0 1 0 1 32 45 90 83 77 173
9 124007971 0 1 0 1 22 32 60 92 54 152
9 124021154 0 1 0 1 38 50 85 75 88 160
9 124032369 0 1 0 1 10 11 43 27 21 70
9 124458673 0 1 0 1 36 41 85 91 77 176
9 124466317 0 1 0 1 14 15 36 40 29 76
9 124493214 0 1 0 0 2 28 0 119 30 119
9 124693802 0 1 0 0 2 35 0 145 37 145
9 124856702 0 1 0 1 2 63 2 156 65 158
9 125056019 0 1 0 1 14 24 46 60 38 106
9 125150878 0 1 0 1 28 32 55 59 60 114
9 125151485 0 1 0 1 23 17 55 58 40 113
9 125151558 0 1 0 1 9 11 37 30 20 67
9 125172071 0 1 0 1 7 6 14 22 13 36
9 125189584 0 1 0 1 15 21 37 54 36 91
9 125200637 0 1 0 1 19 26 64 60 45 124
9 125200693 0 1 0 1 39 62 83 96 101 179
9 125203121 0 1 0 1 16 21 65 40 37 105
9 125207506 0 1 0 1 12 23 45 44 35 89
9 125207551 0 1 0 1 24 25 58 73 49 131
9 125213375 0 1 0 1 22 30 62 54 52 116
9 125307948 0 1 0 1 4 7 24 26 11 50
9 125309994 0 1 0 1 20 28 45 63 48 108
9 125332523 0 1 0 0 2 22 0 91 24 91
9 125355913 0 1 0 1 15 13 36 39 28 75
9 125359313 0 1 0 1 16 12 29 31 28 60
9 125359348 0 1 0 1 27 25 53 49 52 102
9 125362519 0 1 0 1 4 6 28 25 10 53
9 125444438 0 1 0 1 18 21 34 54 39 88
9 125447591 0 1 0 1 8 3 16 16 11 32
9 125484507 0 1 0 1 27 22 66 80 49 146
9 125949530 0 1 0 1 11 9 26 20 20 46
9 125962025 0 1 0 1 21 27 49 64 48 113
9 126615576 0 1 0 1 29 45 80 72 74 152
9 126965733 0 1 0 1 12 11 26 36 23 62
9 126989960 0 1 0 1 44 54 92 102 98 194
9 127091920 0 1 0 1 15 26 46 58 41 104
9 127168613 0 1 0 1 25 17 60 54 42 114
9 127174741 0 1 0 1 28 30 71 63 58 134
9 127198873 0 1 0 1 13 7 19 22 20 41
9 127357147 0 1 0 1 10 25 47 43 35 90
9 127393052 0 1 0 1 11 11 33 31 22 64
9 127404103 0 1 0 1 45 31 89 86 76 175
9 127405059 0 1 0 1 9 16 26 39 25 65
9 127406047 0 1 0 1 26 19 45 62 45 107
9 127407112 0 1 0 0 2 17 0 67 19 67
9 127407595 0 1 0 1 15 23 39 41 38 80
9 127428907 0 1 0 1 13 14 34 61 27 95
9 127435135 0 1 0 1 23 48 83 85 71 168
9 127435821 0 1 0 1 8 11 22 31 19 53
9 127436063 0 1 0 1 14 20 43 45 34 88
9 127444483 0 1 0 1 27 32 72 78 59 150
9 127447832 0 1 0 1 50 56 94 92 106 186
9 127448667 0 1 0 1 9 7 24 22 16 46
9 127450597 0 1 0 1 13 38 62 58 51 120
9 127451229 0 1 0 1 16 16 66 65 32 131
9 127457390 0 1 0 1 43 40 72 86 83 158
9 127457464 0 1 0 1 9 15 38 32 24 70
9 127459109 0 1 0 1 29 33 73 66 62 139
9 127461335 0 1 0 1 6 6 20 20 12 40
9 127473964 0 1 0 1 30 27 69 44 57 113
9 127479830 0 1 0 1 11 14 27 42 25 69
9 127479887 0 1 0 1 34 31 67 78 65 145
9 127495881 0 1 0 1 9 17 53 46 26 99
9 127497339 0 1 0 1 20 29 68 100 49 168
9 127676852 0 1 0 1 39 49 61 82 88 143
9 127684214 0 1 0 1 5 10 13 23 15 36
9 127693222 0 1 0 1 5 7 23 23 12 46
9 127712732 0 1 0 1 63 73 105 93 136 198
9 127713163 0 1 0 1 19 12 47 39 31 86
9 127723339 0 1 0 1 54 41 80 91 95 171
9 127724105 0 1 0 1 11 11 32 40 22 72
9 127724636 0 1 0 1 7 7 11 15 14 26
9 127726215 0 1 0 1 28 19 58 59 47 117
9 127726910 0 1 0 1 26 26 66 57 52 123
9 127727279 0 1 0 1 17 15 40 52 32 92
9 127731234 0 1 0 1 29 36 70 86 65 156
9 127731445 0 1 0 1 34 36 66 75 70 141
9 127732512 0 1 0 1 5 11 29 39 16 68
9 127732532 0 1 0 1 7 14 37 44 21 81
9 127733354 0 1 0 1 38 34 66 111 72 177
9 127741791 0 1 0 1 15 31 58 57 46 115
9 127749702 0 1 0 1 10 10 54 60 20 114
9 127787765 0 1 0 1 23 15 40 41 38 81
9 127802988 0 1 0 1 7 8 12 17 15 29
9 127808515 0 1 0 0 2 20 0 81 22 81
9 127817320 0 1 0 1 10 12 42 27 22 69
9 127843106 0 1 0 1 14 9 53 43 23 96
9 127867954 0 1 0 1 18 10 38 48 28 86
9 127868151 0 1 0 1 13 11 44 29 24 73
9 127872665 0 1 0 1 10 12 31 35 22 66
9 128106391 0 1 0 1 31 44 83 90 75 173
9 128176382 0 1 0 1 32 43 79 90 75 169
9 128315456 0 1 0 1 7 5 20 18 12 38
9 128353174 0 1 0 0 3 47 0 135 50 135
9 128493009 0 1 0 1 1 11 2 27 12 29
9 128718266 0 1 0 0 2 25 0 93 27 93
9 128735484 0 1 0 0 2 21 0 88 23 88
9 128751438 0 1 0 1 2 68 2 166 70 168
9 128788368 0 1 0 0 2 28 0 116 30 116
9 128823726 0 1 0 1 19 20 50 50 39 100
9 128908640 0 1 0 1 51 45 97 90 96 187
9 128968525 0 1 0 1 26 27 73 47 53 120
9 129010110 0 1 0 1 34 21 68 89 55 157
9 129049770 0 1 0 0 3 28 0 88 31 88
9 129612322 0 1 0 1 43 28 69 86 71 155
9 129612399 0 1 0 1 27 29 84 73 56 157
9 129613153 0 1 0 1 19 29 52 56 48 108
9 129615449 0 1 0 1 24 21 71 69 45 140
9 129615621 0 1 0 1 19 19 44 52 38 96
9 129619470 0 1 0 1 12 13 35 31 25 66
9 129620317 0 1 0 1 7 4 20 19 11 39
9 129638201 0 1 0 1 52 40 102 82 92 184
9 129807274 0 1 0 1 35 42 90 93 77 183
9 129873428 0 1 0 0 3 79 0 174 82 174
9 129873432 0 1 0 0 4 82 0 176 86 176
9 129875433 0 1 0 1 49 49 80 100 98 180
9 129878447 0 1 0 1 14 17 47 47 31 94
9 129900507 0 1 0 1 22 16 51 48 38 99
9 130083444 0 1 0 1 4 7 28 12 11 40
9 130083707 0 1 0 1 33 33 55 56 66 111
9 130092203 0 1 0 1 10 9 24 28 19 52
9 130100756 0 1 0 1 18 12 38 48 30 86
9 130141989 0 1 0 1 42 34 82 85 76 167
9 130142066 0 1 0 1 11 21 36 43 32 79
9 130200522 0 1 0 1 14 10 38 41 24 79
9 130200537 0 1 0 1 20 14 48 53 34 101
9 130265876 0 1 0 1 6 5 21 22 11 43
9 130265917 0 1 0 1 12 11 35 41 23 76
9 130294826 0 1 0 1 41 25 75 67 66 142
9 130294949 0 1 0 0 2 39 0 145 41 145
9 130295803 0 1 0 1 32 44 67 90 76 157
9 130295902 0 1 0 1 8 11 33 31 19 64
9 130296613 0 1 0 1 24 29 63 53 53 116
9 130302878 0 1 0 0 2 33 0 132 35 132
9 130304824 0 1 0 1 29 25 60 71 54 131
9 130305126 0 1 0 1 6 12 32 14 18 46
9 130309883 0 1 0 1 8 12 40 32 20 72
9 130356231 0 1 0 0 2 17 0 77 19 77
9 130391055 0 1 0 1 24 22 67 72 46 139
9 130394547 0 1 0 0 2 25 0 92 27 92
9 130405089 0 1 0 1 30 32 67 62 62 129
9 130408923 0 1 0 1 7 8 25 36 15 61
9 130428321 0 1 0 0 12 51 0 124 63 124
9 130449013 0 1 0 1 9 18 73 61 27 134
9 130452448 0 1 0 1 17 30 40 58 47 98
9 130479984 0 1 0 1 14 12 26 32 26 58
9 130620311 0 1 0 0 3 34 0 89 37 89
9 130620313 0 1 0 0 3 36 0 91 39 91
9 130620314 0 1 0 0 3 37 0 92 40 92
9 130666664 0 1 0 0 3 90 0 170 93 170
9 130678606 0 1 0 1 25 35 64 97 60 161
9 130678678 0 1 0 1 22 21 40 65 43 105
9 130681357 0 1 0 0 2 27 0 123 29 123
9 130834859 0 1 0 1 41 35 73 93 76 166
9 130880141 0 1 0 1 16 27 69 54 43 123
9 130880678 0 1 0 1 12 14 32 28 26 60
9 130884642 0 1 0 1 37 25 82 85 62 167
9 130885614 0 1 0 1 46 47 74 108 93 182
9 130893782 0 1 0 1 30 33 73 74 63 147
9 130904061 0 1 0 1 39 49 81 93 88 174
9 130938566 0 1 0 0 3 30 0 123 33 123
9 131009360 0 1 0 1 22 14 33 44 36 77
9 131026432 0 1 0 1 26 38 81 76 64 157
9 131026433 0 1 0 1 27 37 80 76 64 156
9 131038934 0 1 0 1 45 52 89 84 97 173
9 131041781 0 1 0 1 16 11 47 43 27 90
9 131052848 0 1 0 0 2 26 0 116 28 116
9 131067171 0 1 0 1 26 32 66 66 58 132
9 131067237 0 1 0 1 9 14 25 27 23 52
9 131071522 0 1 0 1 47 29 73 81 76 154
9 131071528 0 1 0 1 47 26 73 80 73 153
9 131087362 0 1 0 1 24 32 64 61 56 125
9 131087714 0 1 0 1 44 45 82 111 89 193
9 131087830 0 1 0 1 20 23 58 58 43 116
9 131091853 0 1 0 1 12 29 55 54 41 109
9 131091908 0 1 0 1 7 5 26 22 12 48
9 131096744 0 1 0 1 29 19 58 52 48 110
9 131106242 0 1 0 1 13 15 33 57 28 90
9 131106334 0 1 0 1 20 17 47 62 37 109
9 131144705 0 1 0 1 44 26 70 95 70 165
9 131159392 0 1 0 0 2 25 0 97 27 97
9 131260861 0 1 0 1 32 25 70 60 57 130
9 131289981 0 1 0 1 20 11 34 60 31 94
9 131290501 0 1 0 1 6 6 12 25 12 37
9 131291260 0 1 0 1 4 10 21 21 14 42
9 131307992 0 1 0 1 36 37 82 87 73 169
9 131308116 0 1 0 1 43 44 76 98 87 174
9 131515483 0 1 0 1 26 28 59 71 54 130
9 131558085 0 1 0 0 2 15 0 60 17 60
9 131590023 0 1 0 1 23 17 45 57 40 102
9 131598130 0 1 0 1 29 26 67 61 55 128
9 131602192 0 1 0 1 25 21 58 54 46 112
9 131604887 0 1 0 0 2 11 0 48 13 48
9 131638624 0 1 0 1 4 13 25 56 17 81
9 131709794 0 1 0 1 5 6 21 13 11 34
9 132077712 0 1 0 1 7 3 10 32 10 42
9 132230541 0 1 0 0 2 22 0 100 24 100
9 132499511 0 1 0 1 44 52 96 95 96 191
9 132513412 0 1 0 1 24 24 61 34 48 95
9 132583286 0 1 0 0 2 36 0 144 38 144
9 132595027 0 1 0 1 27 26 66 65 53 131
9 132618309 0 1 0 0 2 31 0 117 33 117
9 132647186 0 1 0 1 12 13 28 36 25 64
9 132877995 0 1 0 1 31 35 84 72 66 156
9 133070628 0 1 0 1 4 75 8 131 79 139
9 133070734 0 1 0 1 9 4 24 25 13 49
9 133071212 0 1 0 1 30 32 59 56 62 115
9 133087139 0 1 0 1 2 11 7 47 13 54
9 133087144 0 1 0 1 2 12 8 48 14 56
9 133087146 0 1 0 1 2 12 9 48 14 57
9 133087150 0 1 0 1 4 13 13 49 17 62
9 133087182 0 1 0 1 17 11 55 38 28 93
9 133087183 0 1 0 1 16 11 57 40 27 97
9 133087190 0 1 0 1 22 10 68 37 32 105
9 133087198 0 1 0 1 24 10 78 32 34 110
9 133102948 0 1 0 0 3 20 0 98 23 98
9 133103262 0 1 0 0 2 38 0 140 40 140
9 133104312 0 1 0 0 2 28 0 112 30 112
9 133155186 0 1 0 1 21 36 65 73 57 138
9 133205932 0 1 0 1 30 32 68 81 62 149
9 133206442 0 1 0 1 9 8 34 24 17 58
9 133226246 0 1 0 1 23 13 36 38 36 74
9 133228386 0 1 0 1 2 23 18 76 25 94
9 133258141 0 1 0 1 17 9 40 52 26 92
9 133317947 0 1 0 1 15 13 55 26 28 81
9 133317963 0 1 0 1 14 15 32 50 29 82
9 133332630 0 1 0 1 14 13 72 53 27 125
9 133332667 0 1 0 1 15 7 58 48 22 106
9 133341657 0 1 0 1 33 37 73 100 70 173
9 133344393 0 1 0 1 11 11 32 36 22 68
9 133346666 0 1 0 1 19 20 48 63 39 111
9 133348100 0 1 0 1 9 8 29 36 17 65
9 133356721 0 1 0 0 2 15 0 61 17 61
9 133360384 0 1 0 1 12 21 63 55 33 118
9 133365882 0 1 0 1 18 20 50 51 38 101
9 133387773 0 1 0 1 44 43 91 88 87 179
9 133389365 0 1 0 1 10 5 24 30 15 54
9 133395569 0 1 0 1 7 4 20 21 11 41
9 133402020 0 1 0 1 5 7 26 11 12 37
9 133402909 0 1 0 1 31 34 67 80 65 147
9 133402955 0 1 0 1 20 17 55 40 37 95
9 133407669 0 1 1 1 14 9 53 11 23 64
9 133407901 0 1 0 1 17 10 48 35 27 83
9 133407908 0 1 0 0 2 21 0 81 23 81
9 133412360 0 1 0 1 25 23 59 73 48 132
9 133425943 0 1 0 1 43 39 74 80 82 154
9 133433609 0 1 0 1 28 38 81 94 66 175
9 133436862 0 1 0 1 23 12 57 59 35 116
9 133437741 0 1 0 0 3 80 0 157 83 157
9 133438133 0 1 0 1 23 22 68 43 45 111
9 133439376 0 1 0 1 40 35 103 67 75 170
9 133440318 0 1 0 1 27 27 66 66 54 132
9 133443421 0 1 0 1 12 12 42 35 24 77
9 133459117 0 1 0 1 22 28 67 71 50 138
9 133460038 0 1 0 1 12 17 40 46 29 86
9 133463535 0 1 0 1 28 40 69 86 68 155
9 133475078 0 1 0 1 17 22 57 62 39 119
9 133514768 0 1 0 1 32 24 52 61 56 113
9 133536484 0 1 0 1 20 29 58 56 49 114
9 133540843 0 1 0 1 39 29 74 93 68 167
9 133544407 0 1 0 1 15 16 45 44 31 89
9 133546919 0 1 0 1 9 10 25 20 19 45
9 133554507 0 1 0 1 10 15 47 53 25 100
9 133566801 0 1 0 1 13 17 33 42 30 75
9 133568577 0 1 0 1 17 6 56 26 23 82
9 133569476 0 1 0 1 45 59 75 105 104 180
9 133570351 0 1 0 1 5 9 40 31 14 71
9 133570574 0 1 0 1 24 23 45 50 47 95
9 133573728 0 1 0 1 5 6 20 16 11 36
9 133639992 0 1 0 1 24 43 73 112 67 185
9 133644190 0 1 0 1 14 15 55 47 29 102
9 133644392 0 1 0 1 31 32 63 73 63 136
9 133652975 0 1 0 1 38 34 87 69 72 156
9 133670778 0 1 0 1 10 20 65 61 30 126
9 133671511 0 1 0 1 5 14 21 30 19 51
9 133671557 0 1 0 1 15 19 56 60 34 116
9 133671671 0 1 0 1 26 37 72 85 63 157
9 133690507 0 1 0 1 24 25 81 78 49 159
9 133713149 0 1 0 1 36 27 72 84 63 156
9 133717273 0 1 0 1 19 19 43 54 38 97
9 133733804 0 1 0 1 26 22 60 68 48 128
9 133772076 0 1 0 1 20 26 38 58 46 96
9 133776113 0 1 0 1 20 19 56 77 39 133
9 133778872 0 1 0 1 38 41 76 102 79 178
9 133779957 0 1 0 1 46 33 65 114 79 179
9 133783443 0 1 0 1 11 8 33 33 19 66
9 133783484 0 1 0 1 24 18 56 53 42 109
9 133783624 0 1 0 1 31 34 78 66 65 144
9 133787343 0 1 0 1 10 11 23 29 21 52
9 133789375 0 1 0 1 19 27 58 71 46 129
9 133789431 0 1 0 1 7 8 40 32 15 72
9 133939089 0 1 0 1 16 14 53 34 30 87
9 134041986 0 1 0 1 28 35 63 77 63 140
9 134053390 0 1 0 0 2 27 0 106 29 106
9 134079219 0 1 0 0 2 22 0 84 24 84
9 134139901 0 1 0 1 17 23 75 60 40 135
9 134148460 0 1 0 1 10 26 37 52 36 89
9 134154389 0 1 0 1 40 57 66 76 97 142
9 134156681 0 1 0 1 11 5 28 28 16 56
9 134408103 0 1 0 1 38 36 60 91 74 151
9 134436440 0 1 0 1 24 15 68 59 39 127
9 134701115 0 1 0 1 13 12 46 36 25 82
9 134750632 0 1 0 1 35 51 85 97 86 182
9 134750731 0 1 0 1 48 51 72 105 99 177
9 134753816 0 1 0 1 10 8 29 18 18 47
9 134754200 0 1 0 1 36 48 78 86 84 164
9 134754371 0 1 0 1 29 22 61 54 51 115
9 134761806 0 1 0 1 6 16 24 62 22 86
9 134761817 0 1 0 1 8 17 28 71 25 99
9 134761871 0 1 0 1 26 37 59 83 63 142
9 134761890 0 1 0 1 33 39 62 88 72 150
9 134763584 0 1 0 1 16 20 44 45 36 89
9 134766876 0 1 0 1 8 15 35 30 23 65
9 134767159 0 1 0 1 14 9 31 40 23 71
9 134780166 0 1 0 1 27 16 56 63 43 119
9 134786192 0 1 0 1 7 9 21 24 16 45
9 134815988 0 1 0 1 54 49 88 96 103 184
9 134816096 0 1 0 1 30 25 61 57 55 118
9 134816957 0 1 0 1 7 17 31 54 24 85
9 134817045 0 1 0 0 2 23 0 99 25 99
9 134817088 0 1 0 1 3 9 29 40 12 69
9 134817114 0 1 0 1 3 8 22 26 11 48
9 134817934 0 1 0 1 17 18 46 38 35 84
9 134817949 0 1 0 1 10 14 35 33 24 68
9 134819115 0 1 0 1 15 10 40 51 25 91
9 134820151 0 1 0 1 50 32 77 102 82 179
9 134822181 0 1 0 1 10 9 34 20 19 54
9 134823304 0 1 0 1 12 30 53 66 42 119
9 134823305 0 1 0 1 13 30 55 67 43 122
9 134825764 0 1 0 1 9 16 35 49 25 84
9 134842091 0 1 0 1 28 31 78 71 59 149
9 134848821 0 1 0 1 2 59 4 128 61 132
9 134848995 0 1 0 1 7 5 18 23 12 41
9 134849091 0 1 0 1 13 10 56 35 23 91
9 134849109 0 1 0 1 4 21 15 86 25 101
9 134849115 0 1 0 1 4 23 14 81 27 95
9 134849327 0 1 0 1 5 26 12 78 31 90
9 134849332 0 1 0 1 5 24 12 81 29 93
9 134849351 0 1 0 1 5 27 12 87 32 99
9 134849356 0 1 0 1 5 25 12 85 30 97
9 134849357 0 1 0 1 5 26 11 86 31 97
9 134849378 0 1 0 1 5 21 12 75 26 87
9 134849399 0 1 0 0 2 12 0 64 14 64
9 134849442 0 1 0 1 4 27 11 55 31 66
9 134849445 0 1 0 1 3 29 6 54 32 60
9 134849498 0 1 0 1 17 33 30 89 50 119
9 134849763 0 1 0 1 18 12 31 39 30 70
9 134849895 0 1 0 1 3 19 8 67 22 75
9 134849919 0 1 0 1 4 15 5 62 19 67
9 134849931 0 1 0 1 3 22 5 75 25 80
9 134849978 0 1 0 1 2 26 3 99 28 102
9 134850040 0 1 0 1 9 24 22 80 33 102
9 134850042 0 1 0 1 6 30 18 94 36 112
9 134850066 0 1 0 1 9 48 24 88 57 112
9 134850075 0 1 0 1 3 56 11 104 59 115
9 134850123 0 1 0 1 8 87 3 144 95 147
9 134850147 0 1 0 1 3 90 6 156 93 162
9 134850167 0 1 0 1 8 67 10 140 75 150
9 134850171 0 1 0 1 7 61 10 130 68 140
9 134850172 0 1 0 1 8 61 14 126 69 140
9 134850197 0 1 0 1 39 47 77 74 86 151
9 134850215 0 1 0 1 11 66 32 108 77 140
9 134850218 0 1 0 1 9 70 28 113 79 141
9 134850220 0 1 0 1 9 73 26 119 82 145
9 134850221 0 1 0 1 3 80 11 138 83 149
9 134850278 0 1 0 1 59 49 78 79 108 157
9 134850356 0 1 0 1 15 65 20 105 80 125
9 134850385 0 1 0 1 11 52 12 115 63 127
9 134850695 0 1 0 1 9 49 19 127 58 146
9 134850699 0 1 0 1 10 48 21 130 58 151
9 134909468 0 1 0 1 44 44 81 89 88 170
9 134909570 0 1 0 1 41 50 90 96 91 186
9 134909954 0 1 0 1 45 37 80 93 82 173
9 134912514 0 1 0 1 33 25 87 80 58 167
9 134913035 0 1 0 1 5 7 20 27 12 47
9 134914488 0 1 0 1 22 25 57 80 47 137
9 134914498 0 1 0 1 20 22 57 78 42 135
9 134914937 0 1 0 1 16 13 53 49 29 102
9 134917839 0 1 0 1 21 23 57 52 44 109
9 135075855 0 1 0 1 25 23 78 51 48 129
9 135077105 0 1 0 1 28 22 75 67 50 142
9 135086706 0 1 0 1 8 16 35 56 24 91
9 135096829 0 1 0 1 39 27 53 101 66 154
9 135106863 0 1 0 1 23 26 56 80 49 136
9 135448616 0 1 0 1 19 19 53 53 38 106
9 135448928 0 1 0 1 12 8 29 21 20 50
9 135495637 0 1 0 1 11 9 26 40 20 66
9 135521595 0 1 0 1 9 44 26 87 53 113
9 135521596 0 1 0 1 10 45 27 88 55 115
9 135521622 0 1 0 1 14 57 36 105 71 141
9 135521625 0 1 0 1 14 59 36 108 73 144
9 135521683 0 1 0 1 9 64 14 130 73 144
9 135521688 0 1 0 1 7 60 13 124 67 137
9 135523355 0 1 0 1 14 12 47 52 26 99
9 135523392 0 1 0 1 9 7 30 39 16 69
9 135547822 0 1 0 1 9 6 18 26 15 44
9 135564121 0 1 0 0 2 18 0 73 20 73
9 135626007 0 1 0 1 6 5 28 37 11 65
9 135631486 0 1 0 1 39 65 76 113 104 189
9 135631565 0 1 0 1 29 24 51 72 53 123
9 135770463 0 1 0 1 29 29 71 59 58 130
9 135770815 0 1 0 1 15 11 45 43 26 88
9 135772580 0 1 0 1 5 5 22 16 10 38
9 135777415 0 1 0 1 32 44 83 82 76 165
9 135786314 0 1 0 1 12 23 40 44 35 84
9 135925101 0 1 0 1 10 27 56 55 37 111
9 135947778 0 1 0 1 11 9 29 29 20 58
9 135961055 0 1 0 0 2 27 0 99 29 99
9 135961177 0 1 0 0 2 8 0 43 10 43
9 136033940 0 1 0 1 16 16 46 37 32 83
9 136035550 0 1 0 1 36 20 65 81 56 146
9 136043330 0 1 0 1 29 27 56 90 56 146
9 136047816 0 1 0 1 8 11 64 33 19 97
9 136050483 0 1 0 0 2 23 0 87 25 87
9 136197833 0 1 0 1 12 5 23 28 17 51
9 136199614 0 1 0 1 34 27 51 80 61 131
9 136199951 0 1 0 1 33 32 58 79 65 137
9 136200552 0 1 0 1 32 33 68 72 65 140
9 136205052 0 1 0 1 6 5 26 36 11 62
9 136216478 0 1 0 1 7 5 15 25 12 40
9 136226827 0 1 0 1 56 59 85 97 115 182
9 136245780 0 1 0 1 20 15 46 44 35 90
9 136336128 0 1 0 1 13 23 49 46 36 95
9 136339639 0 1 0 0 2 11 0 45 13 45
9 136379194 0 1 0 0 2 30 0 123 32 123
9 136394922 0 1 0 0 2 20 0 92 22 92
9 136418790 0 1 0 1 16 11 34 42 27 76
9 136448269 0 1 0 1 27 30 62 80 57 142
9 136484458 0 1 0 0 2 12 0 52 14 52
9 136668658 0 1 0 0 3 53 0 131 56 131
9 136674614 0 1 0 1 5 6 17 13 11 30
9 136676735 0 1 0 0 2 27 0 99 29 99
9 136677616 0 1 0 1 8 14 38 41 22 79
9 136745088 0 1 0 1 3 13 3 52 16 55
9 136745104 0 1 0 1 4 9 17 36 13 53
9 136745108 0 1 0 1 5 13 10 55 18 65
9 136745111 0 1 0 1 6 14 11 55 20 66
9 136745116 0 1 0 1 7 15 14 54 22 68
9 136745119 0 1 0 1 8 11 18 43 19 61
9 136748509 0 1 0 1 33 32 93 73 65 166
9 136748547 0 1 0 1 23 39 53 91 62 144
9 136754434 0 1 0 0 2 21 0 89 23 89
9 136755214 0 1 0 1 15 13 53 56 28 109
9 136755608 0 1 0 1 43 61 87 100 104 187
9 136755715 0 1 0 1 11 112 17 181 123 198
9 136756143 0 1 0 1 40 36 75 83 76 158
9 136756167 0 1 0 1 43 49 76 83 92 159
9 136757886 0 1 0 1 12 18 58 53 30 111
9 136762218 0 1 0 1 8 14 37 36 22 73
9 136762254 0 1 0 1 17 12 63 55 29 118
9 136763382 0 1 0 1 27 21 51 73 48 124
9 136764124 0 1 0 1 8 4 17 23 12 40
9 136791795 0 1 0 1 22 22 62 77 44 139
9 136791837 0 1 0 1 14 8 63 48 22 111
9 136792104 0 1 0 1 7 4 49 26 11 75
9 136796286 0 1 0 1 5 13 28 49 18 77
9 136796388 0 1 0 1 5 7 37 32 12 69
9 136799144 0 1 0 1 22 22 63 78 44 141
9 136799824 0 1 0 1 21 23 71 54 44 125
9 136800069 0 1 0 1 33 28 71 86 61 157
9 136800117 0 1 0 1 20 16 38 60 36 98
9 136802609 0 1 0 1 8 15 29 33 23 62
9 136805512 0 1 0 1 9 8 29 31 17 60
9 136806153 0 1 0 1 9 7 34 45 16 79
9 136806656 0 1 0 1 43 60 90 97 103 187
9 136806857 0 1 0 0 3 102 0 191 105 191
9 136807531 0 1 0 1 14 13 45 38 27 83
9 136825738 0 1 0 0 3 50 0 136 53 136
9 136838010 0 1 0 1 13 12 45 50 25 95
9 136856712 0 1 0 1 34 43 69 87 77 156
9 136858563 0 1 0 0 2 40 0 145 42 145
9 136909869 0 1 0 1 14 21 50 53 35 103
9 136920601 0 1 0 1 5 9 17 17 14 34
9 136925969 0 1 0 1 15 27 62 62 42 124
9 136945452 0 1 0 1 34 27 89 64 61 153
9 136945495 0 1 0 1 17 28 47 68 45 115
9 136946019 0 1 0 1 27 32 63 70 59 133
9 136946069 0 1 0 1 48 35 86 85 83 171
9 136946108 0 1 0 1 57 48 96 90 105 186
9 136946128 0 1 0 1 57 58 96 96 115 192
9 136946760 0 1 0 1 23 33 60 78 56 138
9 136953048 0 1 0 1 35 45 79 79 80 158
9 136953821 0 1 0 1 29 22 78 72 51 150
9 136953826 0 1 0 1 28 22 77 72 50 149
9 136969325 0 1 0 1 8 6 27 49 14 76
9 136969389 0 1 0 1 17 24 53 67 41 120
9 136969457 0 1 0 1 22 32 58 67 54 125
9 136969986 0 1 0 1 7 13 46 44 20 90
9 136970141 0 1 0 1 9 15 29 33 24 62
9 136971795 0 1 0 1 25 29 68 52 54 120
9 136995392 0 1 0 1 20 20 43 68 40 111
9 137020874 0 1 0 0 2 30 0 122 32 122
9 137033113 0 1 0 1 32 39 69 81 71 150
9 137048977 0 1 0 1 8 15 43 43 23 86
9 137050201 0 1 0 1 3 8 15 14 11 29
9 137050237 0 1 1 1 7 6 39 11 13 50
9 137066442 0 1 0 1 10 5 32 51 15 83
9 137078448 0 1 0 1 34 55 91 67 89 158
9 137079177 0 1 0 1 15 22 40 54 37 94
9 137079368 0 1 0 1 33 48 82 89 81 171
9 137088416 0 1 0 1 24 28 61 74 52 135
9 137101841 0 1 0 1 4 120 7 168 124 175
9 137101853 0 1 0 1 3 123 7 172 126 179
9 137101864 0 1 0 1 12 123 18 161 135 179
9 137101895 0 1 0 1 14 138 19 169 152 188
9 137101910 0 1 0 1 11 135 18 171 146 189
9 137101923 0 1 0 1 8 135 15 171 143 186
9 137101934 0 1 0 1 2 130 4 169 132 173
9 137101989 0 1 0 1 5 147 5 187 152 192
9 137102003 0 1 0 1 8 150 9 182 158 191
9 137102016 0 1 0 1 8 153 10 177 161 187
9 137102037 0 1 0 1 10 136 10 177 146 187
9 137102042 0 1 0 1 10 137 9 179 147 188
9 137102045 0 1 0 1 8 141 9 176 149 185
9 137102047 0 1 0 1 7 139 9 175 146 184
9 137102050 0 1 0 1 8 137 9 174 145 183
9 137102051 0 1 0 1 8 138 9 173 146 182
9 137102081 0 1 0 1 17 120 14 154 137 168
9 137102089 0 1 0 1 9 131 5 156 140 161
9 137102100 0 1 0 1 6 129 10 152 135 162
9 137102117 0 1 0 1 3 126 5 146 129 151
9 137102137 0 1 0 1 29 121 25 130 150 155
9 137102138 0 1 0 1 5 137 4 148 142 152
9 137102141 0 1 0 1 5 142 3 150 147 153
9 137102142 0 1 0 1 5 143 7 145 148 152
9 137102152 0 1 0 1 13 139 12 139 152 151
9 137102155 0 1 0 1 5 143 7 147 148 154
9 137102167 0 1 0 1 59 98 57 107 157 164
9 137102189 0 1 0 1 54 114 57 123 168 180
9 137102233 0 1 0 0 4 158 0 180 162 180
9 137102246 0 1 0 1 30 126 23 160 156 183
9 137102258 0 1 0 1 36 96 39 126 132 165
9 137102261 0 1 0 1 35 95 36 121 130 157
9 137102262 0 1 0 1 37 90 40 119 127 159
9 137102275 0 1 0 1 4 133 2 173 137 175
9 137102297 0 1 0 1 40 82 54 103 122 157
9 137102298 0 1 0 1 8 118 8 151 126 159
9 137102308 0 1 0 1 52 78 59 107 130 166
9 137102312 0 1 0 1 27 102 33 128 129 161
9 137102315 0 1 0 1 4 129 6 153 133 159
9 137102322 0 1 0 1 5 117 4 144 122 148
9 137102326 0 1 0 1 9 119 8 142 128 150
9 137102355 0 1 0 1 4 137 5 162 141 167
9 137102357 0 1 0 1 4 139 5 162 143 167
9 137102364 0 1 0 1 4 137 5 164 141 169
9 137102375 0 1 0 1 5 134 4 161 139 165
9 137102376 0 1 0 1 4 134 2 165 138 167
9 137102386 0 1 0 1 20 119 25 144 139 169
9 137102421 0 1 0 1 19 132 22 165 151 187
9 137102450 0 1 0 1 7 139 10 177 146 187
9 137102502 0 1 0 1 4 141 4 188 145 192
9 137102561 0 1 0 1 3 147 4 182 150 186
9 137102573 0 1 0 1 3 142 3 182 145 185
9 137102674 0 1 0 1 2 157 4 190 159 194
9 137102680 0 1 0 1 27 124 23 167 151 190
9 137102690 0 1 0 1 7 145 6 180 152 186
9 137102692 0 1 0 1 31 119 28 160 150 188
9 137102705 0 1 0 1 24 135 18 174 159 192
9 137102708 0 1 0 1 8 155 12 178 163 190
9 137102721 0 1 0 1 3 149 4 154 152 158
9 137102722 0 1 0 1 4 160 5 174 164 179
9 137102733 0 1 0 1 33 130 29 152 163 181
9 137102736 0 1 0 1 32 134 28 152 166 180
9 137102757 0 1 0 1 32 129 24 154 161 178
9 137102769 0 1 0 1 19 143 23 136 162 159
9 137102772 0 1 0 1 19 153 23 150 172 173
9 137102783 0 1 0 1 17 157 27 138 174 165
9 137102797 0 1 0 1 8 162 8 147 170 155
9 137102799 0 1 0 1 34 137 29 128 171 157
9 137102811 0 1 0 1 6 163 6 147 169 153
9 137102827 0 1 0 1 3 137 10 121 140 131
9 137102828 0 1 0 1 5 138 4 127 143 131
9 137102833 0 1 0 1 7 136 10 115 143 125
9 137102841 0 1 0 1 37 109 35 98 146 133
9 137102842 0 1 0 1 79 65 66 70 144 136
9 137102843 0 1 0 1 16 136 18 119 152 137
9 137102863 0 1 0 1 15 143 23 132 158 155
9 137102879 0 1 0 1 20 125 23 133 145 156
9 137102880 0 1 0 1 15 131 15 142 146 157
9 137102891 0 1 0 1 9 139 13 149 148 162
9 137102892 0 1 0 1 6 136 14 138 142 152
9 137102894 0 1 0 1 9 145 13 154 154 167
9 137102901 0 1 0 1 45 95 52 100 140 152
9 137102919 0 1 0 1 7 153 10 164 160 174
9 137102921 0 1 0 1 38 120 42 134 158 176
9 137102925 0 1 0 1 6 154 10 164 160 174
9 137102933 0 1 0 1 2 161 6 167 163 173
9 137102934 0 1 0 1 117 20 128 21 137 149
9 137102950 0 1 0 1 5 153 7 161 158 168
9 137102967 0 1 0 1 16 138 20 161 154 181
9 137102975 0 1 0 1 11 152 7 175 163 182
9 137102978 0 1 0 1 11 152 11 177 163 188
9 137102991 0 1 0 1 69 82 77 98 151 175
9 137102992 0 1 0 1 12 139 16 155 151 171
9 137102993 0 1 0 1 2 151 3 170 153 173
9 137102994 0 1 0 1 12 147 16 168 159 184
9 137103001 0 1 0 1 48 104 57 121 152 178
9 137103002 0 1 0 1 58 90 74 104 148 178
9 137103013 0 1 0 1 12 157 16 175 169 191
9 137103014 0 1 0 1 20 147 29 161 167 190
9 137103016 0 1 0 1 12 158 16 177 170 193
9 137103028 0 1 0 1 12 111 16 111 123 127
9 137103080 0 1 0 1 33 127 44 125 160 169
9 137103089 0 1 0 1 15 145 9 166 160 175
9 137103098 0 1 0 1 23 127 29 137 150 166
9 137103102 0 1 0 1 7 130 11 137 137 148
9 137103105 0 1 0 1 4 133 5 151 137 156
9 137103107 0 1 0 1 5 130 5 149 135 154
9 137103110 0 1 0 1 4 131 5 147 135 152
9 137103126 0 1 0 1 13 114 16 135 127 151
9 137103129 0 1 0 1 13 118 16 133 131 149
9 137103141 0 1 0 1 6 120 5 143 126 148
9 137103142 0 1 0 1 7 122 11 135 129 146
9 137103148 0 1 0 1 2 112 6 133 114 139
9 137103150 0 1 0 1 6 108 11 129 114 140
9 137103152 0 1 0 1 3 112 2 141 115 143
9 137103153 0 1 0 1 26 89 24 121 115 145
9 137103164 0 1 0 1 12 112 16 145 124 161
9 137103174 0 1 0 1 3 118 5 149 121 154
9 137103183 0 1 0 1 7 94 11 131 101 142
9 137103191 0 1 0 1 17 99 19 148 116 167
9 137103192 0 1 0 1 20 98 20 149 118 169
9 137103228 0 1 0 1 5 127 5 186 132 191
9 137103235 0 1 0 1 3 120 10 181 123 191
9 137103264 0 1 0 1 4 128 4 176 132 180
9 137103265 0 1 0 1 4 123 4 175 127 179
9 137103267 0 1 0 1 60 69 80 101 129 181
9 137103339 0 1 0 1 31 119 36 148 150 184
9 137103356 0 1 0 1 6 134 16 175 140 191
9 137103367 0 1 0 1 18 108 28 153 126 181
9 137103371 0 1 0 1 13 123 24 162 136 186
9 137103379 0 1 0 1 5 127 9 167 132 176
9 137103380 0 1 0 1 3 128 9 166 131 175
9 137103383 0 1 0 1 2 131 9 171 133 180
9 137103387 0 1 0 1 8 132 11 175 140 186
9 137103426 0 1 0 1 34 109 39 141 143 180
9 137103455 0 1 0 1 34 98 42 128 132 170
9 137103465 0 1 0 1 57 103 58 121 160 179
9 137103482 0 1 0 1 63 99 70 112 162 182
9 137103503 0 1 0 1 69 89 76 108 158 184
9 137103519 0 1 0 1 65 88 73 113 153 186
9 137103521 0 1 0 1 31 124 38 151 155 189
9 137103538 0 1 0 1 12 156 6 185 168 191
9 137103574 0 1 0 1 62 102 79 113 164 192
9 137103587 0 1 0 1 14 145 4 186 159 190
9 137103590 0 1 0 1 37 117 62 128 154 190
9 137103591 0 1 0 1 21 133 15 176 154 191
9 137103637 0 1 0 1 65 90 88 106 155 194
9 137103642 0 1 0 1 4 128 3 168 132 171
9 137103657 0 1 0 1 10 136 22 166 146 188
9 137103675 0 1 0 1 15 144 26 166 159 192
9 137103696 0 1 0 1 18 135 18 170 153 188
9 137103717 0 1 0 1 34 103 40 144 137 184
9 137103985 0 1 0 1 7 118 7 179 125 186
9 137104028 0 1 0 1 43 43 71 93 86 164
9 137104032 0 1 0 1 7 76 7 153 83 160
9 137107526 0 1 0 1 64 53 101 92 117 193
9 137107735 0 1 0 1 33 28 64 70 61 134
9 137107809 0 1 0 1 26 24 57 68 50 125
9 137108975 0 1 0 1 12 24 57 67 36 124
9 137108998 0 1 0 0 2 25 0 102 27 102
9 137111750 0 1 0 1 36 26 72 87 62 159
9 137112039 0 1 0 1 40 33 98 71 73 169
9 137113991 0 1 0 1 27 28 63 69 55 132
9 137114447 0 1 0 1 19 12 52 25 31 77
9 137114482 0 1 0 1 10 22 27 59 32 86
9 137156786 0 1 0 1 29 29 84 66 58 150
9 137156924 0 1 0 1 61 57 94 104 118 198
9 137161172 0 1 0 0 3 85 0 155 88 155
9 137161251 0 1 0 1 34 51 62 74 85 136
9 137162568 0 1 0 0 2 11 0 71 13 71
9 137169767 0 1 0 1 4 10 40 33 14 73
9 137180126 0 1 0 1 14 7 43 27 21 70
9 137183187 0 1 0 1 39 46 83 87 85 170
9 137183277 0 1 0 1 23 35 84 59 58 143
9 137185070 0 1 0 1 41 49 91 88 90 179
9 137188868 0 1 0 1 5 6 24 17 11 41
9 137189924 0 1 0 1 25 24 66 52 49 118
9 137213922 0 1 0 0 2 32 0 127 34 127
9 137214405 0 1 0 1 26 44 62 87 70 149
9 137215278 0 1 0 1 7 12 37 37 19 74
9 137225120 0 1 0 1 14 11 52 31 25 83
9 137228182 0 1 0 1 14 15 41 36 29 77
9 137228680 0 1 0 1 8 7 38 32 15 70
9 137232007 0 1 0 0 2 26 0 109 28 109
9 137232095 0 1 0 0 2 36 0 150 38 150
9 137232599 0 1 0 1 33 32 69 72 65 141
9 137233633 0 1 0 1 15 28 65 62 43 127
9 137234406 0 1 0 1 19 20 65 83 39 148
9 137244654 0 1 0 1 51 47 88 96 98 184
9 137266500 0 1 0 0 2 12 0 71 14 71
9 137267195 0 1 0 1 10 5 53 19 15 72
9 137267397 0 1 0 0 2 15 0 63 17 63
9 137301416 0 1 0 1 2 8 18 18 10 36
9 137349392 0 1 0 1 26 34 87 75 60 162
9 137349428 0 1 0 1 27 24 74 66 51 140
9 137351598 0 1 0 1 10 10 27 48 20 75
9 137352691 0 1 0 1 11 17 48 54 28 102
9 137355490 0 1 0 1 2 12 3 38 14 41
9 137355492 0 1 0 1 5 6 13 18 11 31
9 137355504 0 1 0 1 2 15 5 36 17 41
9 137355513 0 1 0 1 2 13 6 32 15 38
9 137355527 0 1 0 1 6 9 14 14 15 28
9 137355541 0 1 0 0 3 12 0 31 15 31
9 137356366 0 1 0 1 23 37 67 70 60 137
9 137367766 0 1 0 1 2 8 18 16 10 34
9 137367974 0 1 0 1 20 24 74 60 44 134
9 137373594 0 1 0 1 47 36 82 87 83 169
9 137373731 0 1 0 1 11 10 28 24 21 52
9 137383374 0 1 0 1 21 17 53 51 38 104
9 137395244 0 1 0 1 10 9 23 32 19 55
9 137423547 0 1 0 1 9 10 51 35 19 86
9 137426165 0 1 0 1 22 39 64 49 61 113
9 137435166 0 1 0 1 25 24 64 68 49 132
9 137436524 0 1 0 1 24 23 72 48 47 120
9 137437096 0 1 0 1 19 22 69 76 41 145
9 137437114 0 1 0 0 2 39 0 151 41 151
9 137438026 0 1 0 1 51 73 104 90 124 194
9 137449645 0 1 0 0 2 19 0 86 21 86
9 137453949 0 1 0 1 7 9 15 26 16 41
9 137460490 0 1 0 1 14 27 55 66 41 121
9 137461970 0 1 0 1 17 20 49 48 37 97
9 137462390 0 1 0 1 9 11 29 25 20 54
9 137464104 0 1 0 1 13 13 37 37 26 74
9 137464129 0 1 0 1 22 21 52 55 43 107
9 137478022 0 1 0 1 25 16 52 46 41 98
9 137495161 0 1 0 1 13 13 64 42 26 106
9 137547394 0 1 0 0 2 25 0 115 27 115
9 137710903 0 1 0 1 47 34 72 78 81 150
9 137846434 0 1 0 1 5 5 12 37 10 49
9 137986862 0 1 0 1 22 18 47 49 40 96
9 138006694 0 1 0 1 17 9 37 24 26 61
9 138010188 0 1 0 1 7 9 26 24 16 50
9 138017218 0 1 0 1 16 20 58 60 36 118
9 138017370 0 1 0 1 4 9 21 15 13 36
9 138023327 0 1 0 1 10 5 53 35 15 88
9 138023848 0 1 0 1 10 13 41 22 23 63
9 138043731 0 1 0 1 12 15 36 34 27 70
9 138052075 0 1 0 0 2 31 0 114 33 114
9 138058750 0 1 0 1 29 19 57 53 48 110
9 138114424 0 1 0 1 24 28 86 56 52 142
9 138120865 0 1 0 0 2 21 0 104 23 104
9 138175453 0 1 0 1 18 13 41 46 31 87
9 138175475 0 1 0 1 19 12 42 47 31 89
9 138175490 0 1 0 1 4 28 6 75 32 81
9 138175504 0 1 0 1 4 25 8 71 29 79
9 138175526 0 1 0 1 8 11 27 20 19 47
9 138175831 0 1 0 1 31 46 75 87 77 162
9 138175895 0 1 0 1 2 16 13 50 18 63
