chr pos bloodGT1 bloodGT2 tumorGT1 tumorGT2 AN BN AT BT sN sT
Y 9396708 0 1 0 1 2 15 7 61 17 68
Y 10196175 0 1 0 1 2 12 3 26 14 29
Y 10196176 0 1 0 1 3 12 4 26 15 30
Y 10196192 0 1 0 1 13 15 23 28 28 51
Y 10196231 0 1 0 1 13 17 24 40 30 64
Y 10196232 0 1 0 1 13 18 23 39 31 62
Y 10196253 0 1 0 1 12 19 19 53 31 72
Y 10196257 0 1 0 1 11 18 20 51 29 71
Y 10196261 0 1 0 1 8 17 18 55 25 73
Y 10196273 0 1 0 1 7 20 14 70 27 84
Y 10196279 0 1 0 1 5 19 11 74 24 85
Y 10196287 0 1 0 1 7 18 8 76 25 84
Y 10196297 0 1 0 1 5 21 5 81 26 86
Y 10196323 0 1 0 1 4 23 5 89 27 94
Y 10196353 0 1 0 1 4 27 5 95 31 100
Y 10196365 0 1 0 1 5 28 5 94 33 99
Y 10196367 0 1 0 1 4 30 6 92 34 98
Y 10196376 0 1 0 1 5 27 5 87 32 92
Y 10196383 0 1 0 1 2 25 3 77 27 80
Y 10796678 0 1 0 1 2 16 3 19 18 22
Y 10796693 0 1 0 1 5 14 6 20 19 26
Y 11156599 0 1 0 1 2 11 10 34 13 44
Y 11158560 0 1 0 1 5 5 25 16 10 41
Y 11158595 0 1 0 1 5 5 23 26 10 49
Y 11293602 0 1 0 1 3 7 11 29 10 40
Y 11305313 0 1 0 1 12 9 12 15 21 27
Y 11305333 0 1 0 1 12 12 13 22 24 35
Y 11305334 0 1 0 1 13 12 13 22 25 35
Y 11305337 0 1 0 1 9 10 12 19 19 31
Y 11305342 0 1 0 1 2 22 3 31 24 34
Y 11305354 0 1 0 1 12 12 12 22 24 34
Y 11305358 0 1 0 1 12 11 11 21 23 32
Y 11305363 0 1 0 1 12 13 11 22 25 33
Y 11305370 0 1 0 1 12 12 9 21 24 30
Y 11305378 0 1 0 1 5 21 7 23 26 30
Y 11307585 0 1 0 1 1 6 4 35 7 39
Y 11307591 0 1 0 1 4 6 20 18 10 38
Y 11307593 0 1 0 1 1 8 4 34 9 38
Y 11307624 0 1 0 1 2 10 10 29 12 39
Y 11307634 0 1 0 1 1 10 3 33 11 36
Y 11307639 0 1 0 1 3 9 8 23 12 31
Y 11308764 0 1 0 1 1 13 7 47 14 54
Y 11308773 0 1 0 1 3 12 6 47 15 53
Y 11308786 0 1 0 1 2 11 2 47 13 49
Y 11308789 0 1 0 1 2 11 3 49 13 52
Y 11308790 0 1 0 1 3 13 10 40 16 50
Y 11308808 0 1 0 1 1 12 4 42 13 46
Y 11312516 0 1 0 1 7 8 20 6 15 26
Y 11312520 0 1 1 1 9 8 21 7 17 28
Y 11312526 0 1 0 1 2 19 2 27 21 29
Y 11312556 0 1 0 1 2 24 3 35 26 38
Y 11312558 0 1 0 1 10 16 23 17 26 40
Y 11312560 0 1 0 1 8 17 14 26 25 40
Y 11312586 0 1 0 1 6 19 9 21 25 30
Y 11312590 0 1 0 1 9 15 20 11 24 31
Y 11312600 0 1 0 1 4 13 8 15 17 23
Y 11314310 0 1 1 1 10 2 32 5 12 37
Y 11314316 0 1 0 1 3 13 3 46 16 49
Y 11314333 0 1 0 1 2 20 6 56 22 62
Y 11314334 0 1 0 1 2 19 5 56 21 61
Y 11314342 0 1 0 1 2 17 15 46 19 61
Y 11314343 0 1 0 1 2 19 3 62 21 65
Y 11314344 0 1 0 0 4 18 0 65 22 65
Y 11314345 0 1 0 1 2 20 6 58 22 64
Y 11314350 0 1 0 1 2 20 5 62 22 67
Y 11314353 0 1 0 1 14 5 32 15 19 47
Y 11314356 0 1 0 1 2 18 5 60 20 65
Y 11314360 0 1 0 1 7 7 26 32 14 58
Y 11314361 0 1 0 1 3 18 11 50 21 61
Y 11314362 0 1 0 1 2 20 7 54 22 61
Y 11314366 0 1 0 1 4 19 7 57 23 64
Y 11314372 0 1 0 1 2 19 4 52 21 56
Y 11314375 0 1 0 1 2 17 4 50 19 54
Y 11314376 0 1 0 1 3 19 4 52 22 56
Y 11314382 0 1 0 1 4 16 11 40 20 51
Y 11314772 0 1 0 1 2 12 6 24 14 30
Y 11314774 0 1 0 1 10 4 18 9 14 27
Y 11314781 0 1 0 1 3 15 4 46 18 50
Y 11314782 0 1 0 1 2 16 7 44 18 51
Y 11314783 0 1 0 1 2 19 4 52 21 56
Y 11314788 0 1 0 1 3 19 2 59 22 61
Y 11314790 0 1 0 1 3 18 5 58 21 63
Y 11314801 0 1 0 1 2 20 5 59 22 64
Y 11314805 0 1 0 1 2 21 9 59 23 68
Y 11314814 0 1 0 1 4 21 8 72 25 80
Y 11314815 0 1 0 1 2 24 5 74 26 79
Y 11314824 0 1 0 1 2 27 3 86 29 89
Y 11314830 0 1 0 1 2 28 8 84 30 92
Y 11314831 0 1 0 1 5 26 19 68 31 87
Y 11314844 0 1 0 1 11 15 40 48 26 88
Y 11314845 0 1 0 1 2 26 5 88 28 93
Y 11314851 0 1 0 1 1 24 6 85 25 91
Y 11314857 0 1 0 1 2 25 11 73 27 84
Y 11314858 0 1 0 1 5 25 6 83 30 89
Y 11314862 0 1 0 1 3 24 6 78 27 84
Y 11314865 0 1 0 1 2 24 11 76 26 87
Y 11314866 0 1 0 1 2 20 6 79 22 85
Y 11314869 0 1 0 1 11 6 38 41 17 79
Y 11314883 0 1 0 1 13 4 43 12 17 55
Y 11314884 0 1 0 1 5 16 13 61 21 74
Y 11314890 0 1 0 1 6 12 19 51 18 70
Y 11314893 0 1 0 1 2 19 16 54 21 70
Y 11314901 0 1 0 1 2 20 3 67 22 70
Y 11314903 0 1 0 1 3 18 18 54 21 72
Y 11314904 0 1 0 1 4 17 14 57 21 71
Y 11314907 0 1 0 1 2 16 7 57 18 64
Y 11314908 0 1 0 1 4 16 17 51 20 68
Y 11314909 0 1 0 1 2 18 12 49 20 61
Y 11314910 0 1 0 1 3 16 5 58 19 63
Y 11314923 0 1 0 1 2 13 2 54 15 56
Y 11314931 0 1 0 1 2 8 9 35 10 44
Y 11314934 0 1 0 1 3 10 3 44 13 47
Y 11314945 0 1 0 1 4 7 5 29 11 34
Y 11316749 0 1 0 1 2 7 10 21 9 31
Y 11316766 0 1 0 1 4 5 11 22 9 33
Y 11316786 0 1 0 1 2 6 6 26 8 32
Y 11320908 0 1 0 1 2 8 3 36 10 39
Y 11322566 0 1 0 1 2 9 4 30 11 34
Y 11322569 0 1 0 1 2 9 5 33 11 38
Y 11322570 0 1 0 1 5 8 16 21 13 37
Y 11322580 0 1 0 1 2 13 4 38 15 42
Y 11322582 0 1 1 1 10 1 33 2 11 35
Y 11322605 0 1 0 1 6 12 8 38 18 46
Y 11322607 0 1 0 1 6 12 11 36 18 47
Y 11322608 0 1 0 1 5 12 7 41 17 48
Y 11322609 0 1 0 1 12 0 30 4 12 34
Y 11322616 0 1 0 1 7 9 21 29 16 50
Y 11322622 0 1 0 1 4 12 12 42 16 54
Y 11322625 0 1 0 1 2 15 7 48 17 55
Y 11322633 0 1 0 1 5 11 11 44 16 55
Y 11322635 0 1 0 1 7 10 21 32 17 53
Y 11322636 0 1 0 1 2 15 9 42 17 51
Y 11322655 0 1 0 1 4 8 7 37 12 44
Y 11322661 0 1 0 1 3 7 9 30 10 39
Y 11322662 0 1 0 1 3 7 7 33 10 40
Y 11322666 0 1 0 1 4 6 8 31 10 39
Y 11327634 0 1 0 1 2 14 2 43 16 45
Y 11327639 0 1 0 1 2 15 3 47 17 50
Y 11327649 0 1 0 1 2 18 5 53 20 58
Y 11327653 0 1 0 1 3 20 5 60 23 65
Y 11327663 0 1 0 1 4 24 11 61 28 72
Y 11327673 0 1 0 1 1 25 3 66 26 69
Y 11327684 0 1 0 1 2 22 4 65 24 69
Y 11327701 0 1 0 1 2 18 3 57 20 60
Y 11327711 0 1 0 1 1 18 5 44 19 49
Y 11327716 0 1 0 1 2 20 4 40 22 44
Y 11327720 0 1 0 1 3 17 3 37 20 40
Y 11327725 0 1 0 1 7 11 8 30 18 38
Y 11327730 0 1 0 1 2 15 5 25 17 30
Y 11329903 0 1 0 1 12 7 32 21 19 53
Y 11329937 0 1 0 1 11 9 33 25 20 58
Y 11329940 0 1 0 1 12 9 34 25 21 59
Y 11329943 0 1 0 1 7 13 22 27 20 49
Y 11329952 0 1 0 1 10 7 25 21 17 46
Y 11329978 0 1 0 1 7 5 17 17 12 34
Y 11332041 0 1 0 1 2 10 10 22 12 32
Y 11332047 0 1 0 1 2 10 9 22 12 31
Y 11332058 0 1 0 1 2 9 4 31 11 35
Y 11332062 0 1 0 1 2 10 9 28 12 37
Y 11332075 0 1 0 1 3 13 4 37 16 41
Y 11332084 0 1 0 1 2 14 6 40 16 46
Y 11332085 0 1 0 1 2 15 4 45 17 49
Y 11332087 0 1 0 1 4 14 14 42 18 56
Y 11332091 0 1 0 1 2 15 8 45 17 53
Y 11332099 0 1 0 1 1 20 5 48 21 53
Y 11332102 0 1 0 1 3 20 11 48 23 59
Y 11332103 0 1 0 1 2 18 3 52 20 55
Y 11332113 0 1 0 1 4 14 5 45 18 50
Y 11332129 0 1 0 1 11 1 30 6 12 36
Y 11332835 0 1 0 1 3 7 3 35 10 38
Y 11332838 0 1 0 1 3 8 2 39 11 41
Y 11332840 0 1 0 1 2 9 4 39 11 43
Y 11332865 0 1 0 1 2 7 16 31 9 47
Y 11332870 0 1 0 1 1 7 8 40 8 48
Y 11333174 0 1 0 1 2 26 5 37 28 42
Y 11333175 0 1 0 1 3 25 6 39 28 45
Y 11333177 0 1 0 1 4 33 2 58 37 60
Y 11333182 0 1 0 1 4 41 2 70 45 72
Y 11333183 0 1 0 1 1 43 2 71 44 73
Y 11333185 0 1 0 1 2 40 3 68 42 71
Y 11333194 0 1 0 1 5 41 4 78 46 82
Y 11333195 0 1 0 1 6 37 9 73 43 82
Y 11333198 0 1 0 1 3 47 6 82 50 88
Y 11333202 0 1 0 1 2 46 9 80 48 89
Y 11333203 0 1 0 1 5 41 12 77 46 89
Y 11333215 0 1 0 1 12 39 11 86 51 97
Y 11333218 0 1 0 1 3 49 11 86 52 97
Y 11333219 0 1 0 1 2 48 4 91 50 95
Y 11333225 0 1 0 1 1 47 3 91 48 94
Y 11333226 0 1 0 1 2 48 6 87 50 93
Y 11333229 0 1 0 1 9 39 18 76 48 94
Y 11333230 0 1 0 1 6 42 6 85 48 91
Y 11333237 0 1 0 1 4 40 11 72 44 83
Y 11333238 0 1 0 1 1 43 6 79 44 85
Y 11333239 0 1 0 1 2 45 6 75 47 81
Y 11333242 0 1 0 1 3 40 4 73 43 77
Y 11333248 0 1 0 1 5 32 7 62 37 69
Y 11333254 0 1 0 1 4 26 6 54 30 60
Y 11333256 0 1 0 1 2 28 6 47 30 53
Y 11333257 0 1 0 1 20 7 28 12 27 40
Y 11333259 0 1 0 1 3 24 5 36 27 41
Y 11333263 0 1 0 1 4 20 4 31 24 35
Y 11333267 0 1 0 1 3 17 4 28 20 32
Y 11333410 0 1 0 1 2 18 6 31 20 37
Y 11333415 0 1 0 1 4 18 2 44 22 46
Y 11333428 0 1 0 1 4 28 5 61 32 66
Y 11333434 0 1 0 1 10 25 14 57 35 71
Y 11333435 0 1 0 1 5 30 11 56 35 67
Y 11333439 0 1 0 1 3 33 2 68 36 70
Y 11333444 0 1 0 1 2 37 6 67 39 73
Y 11333445 0 1 0 0 3 35 0 76 38 76
Y 11333446 0 1 0 1 2 36 5 71 38 76
Y 11333447 0 1 0 1 3 35 8 67 38 75
Y 11333452 0 1 0 1 3 34 7 66 37 73
Y 11333453 0 1 0 1 2 33 5 66 35 71
Y 11333455 0 1 0 1 2 38 5 66 40 71
Y 11333456 0 1 0 1 2 38 5 72 40 77
Y 11333459 0 1 0 1 7 34 6 68 41 74
Y 11333461 0 1 0 1 3 38 6 70 41 76
Y 11333464 0 1 0 1 7 32 6 70 39 76
Y 11333465 0 1 0 1 1 38 2 75 39 77
Y 11333466 0 1 0 1 7 34 5 69 41 74
Y 11333467 0 1 0 1 7 34 14 65 41 79
Y 11333468 0 1 0 1 3 36 5 73 39 78
Y 11333474 0 1 0 1 3 36 7 71 39 78
Y 11333475 0 1 0 1 3 35 3 76 38 79
Y 11333482 0 1 0 0 4 36 0 80 40 80
Y 11333484 0 1 0 1 8 30 22 57 38 79
Y 11333485 0 1 0 1 4 35 13 68 39 81
Y 11333489 0 1 0 1 2 33 6 70 35 76
Y 11333490 0 1 0 1 3 33 8 61 36 69
Y 11333493 0 1 0 1 2 32 7 67 34 74
Y 11333497 0 1 0 1 1 28 2 69 29 71
Y 11333502 0 1 0 1 6 25 10 54 31 64
Y 11333503 0 1 0 1 2 30 2 61 32 63
Y 11333506 0 1 0 1 2 28 4 60 30 64
Y 11333512 0 1 0 1 7 12 11 40 19 51
Y 11333516 0 1 0 1 2 13 5 43 15 48
Y 11333518 0 1 0 1 3 15 8 37 18 45
Y 11333530 0 1 0 1 4 7 10 19 11 29
Y 11333769 0 1 0 1 2 8 5 31 10 36
Y 11333960 0 1 0 1 2 12 3 27 14 30
Y 11333977 0 1 0 0 2 18 0 70 20 70
Y 11333984 0 1 0 1 2 20 3 70 22 73
Y 11333992 0 1 0 1 2 22 7 72 24 79
Y 11334003 0 1 0 1 3 17 8 69 20 77
Y 11334006 0 1 0 1 2 17 10 63 19 73
Y 11334008 0 1 0 1 2 17 3 71 19 74
Y 11334011 0 1 0 1 10 7 36 28 17 64
Y 11334012 0 1 0 1 6 7 22 38 13 60
Y 11334019 0 1 0 1 2 15 6 54 17 60
Y 11334020 0 1 0 1 4 11 14 45 15 59
Y 11334026 0 1 0 1 2 16 6 60 18 66
Y 11334027 0 1 0 1 2 18 10 58 20 68
Y 11334029 0 1 0 1 10 8 29 33 18 62
Y 11334032 0 1 0 1 2 18 9 62 20 71
Y 11334033 0 1 0 1 3 21 5 71 24 76
Y 11334034 0 1 0 1 2 21 9 70 23 79
Y 11334036 0 1 0 1 4 20 7 75 24 82
Y 11334044 0 1 0 1 3 24 4 77 27 81
Y 11334047 0 1 0 1 3 25 4 74 28 78
Y 11334048 0 1 0 1 2 23 7 66 25 73
Y 11334050 0 1 0 1 5 19 11 58 24 69
Y 11334054 0 1 0 1 4 21 12 59 25 71
Y 11334055 0 1 0 1 4 18 6 65 22 71
Y 11334057 0 1 0 1 2 23 5 67 25 72
Y 11334059 0 1 0 1 2 23 4 66 25 70
Y 11334063 0 1 0 1 2 23 8 61 25 69
Y 11334074 0 1 0 1 2 21 11 57 23 68
Y 11334079 0 1 0 1 4 14 9 52 18 61
Y 11334081 0 1 0 1 8 11 19 40 19 59
Y 11334094 0 1 0 1 1 11 5 36 12 41
Y 11334096 0 1 0 1 2 12 6 39 14 45
Y 11334098 0 1 0 1 4 10 8 36 14 44
Y 11334101 0 1 0 1 2 14 4 47 16 51
Y 11334102 0 1 0 1 9 3 14 26 12 40
Y 11334103 0 1 0 1 2 14 6 47 16 53
Y 11334108 0 1 0 1 2 20 5 52 22 57
Y 11334112 0 1 0 1 1 20 2 56 21 58
Y 11334123 0 1 0 1 2 19 4 51 21 55
Y 11334127 0 1 0 1 2 16 3 48 18 51
Y 11334137 0 1 0 1 10 4 23 17 14 40
Y 11334139 0 1 0 1 2 13 3 39 15 42
Y 11334144 0 1 0 1 9 6 27 15 15 42
Y 11334147 0 1 0 1 7 5 18 21 12 39
Y 11334152 0 1 0 1 1 10 4 37 11 41
Y 11334156 0 1 0 1 8 6 25 16 14 41
Y 11334158 0 1 0 1 1 12 6 33 13 39
Y 11334165 0 1 0 1 6 9 7 36 15 43
Y 11334191 0 1 0 1 1 12 3 39 13 42
Y 11334195 0 1 0 1 2 12 10 32 14 42
Y 11336571 0 1 0 1 4 10 24 10 14 34
Y 11336588 0 1 1 1 4 6 27 8 10 35
Y 11381695 0 1 0 1 12 26 41 60 38 101
Y 11381716 0 1 0 1 24 19 76 34 43 110
Y 11381792 0 1 0 1 14 10 44 24 24 68
Y 11381796 0 1 0 1 3 18 14 50 21 64
Y 11396363 0 1 0 1 4 16 18 57 20 75
Y 11531844 0 1 0 1 14 10 28 40 24 68
Y 11531934 0 1 0 0 3 20 0 98 23 98
Y 11721957 0 1 0 1 5 28 5 28 33 33
Y 11721965 0 1 0 1 2 34 2 43 36 45
Y 11722001 0 1 0 1 2 54 3 58 56 61
Y 11722024 0 1 0 1 2 56 8 65 58 73
Y 11722025 0 1 0 1 7 55 12 64 62 76
Y 11722050 0 1 0 1 3 17 3 34 20 37
Y 11722059 0 1 0 1 2 19 4 38 21 42
Y 11722072 0 1 0 1 2 17 2 36 19 38
Y 11722097 0 1 0 1 7 7 19 15 14 34
Y 11722099 0 1 0 1 4 11 5 26 15 31
Y 11722100 0 1 0 1 4 11 6 27 15 33
Y 11747669 0 1 0 1 4 13 11 33 17 44
Y 11747688 0 1 0 1 10 13 9 47 23 56
Y 12914689 0 1 0 0 2 11 0 46 13 46
Y 12917927 0 1 0 0 2 17 0 70 19 70
Y 19567330 0 1 0 0 2 18 0 79 20 79
Y 20727210 0 1 0 0 2 8 0 34 10 34
Y 22311477 0 1 0 0 2 22 0 84 24 84
Y 26591626 0 1 0 1 5 14 8 49 19 57
Y 26633319 0 1 0 0 2 13 0 61 15 61
Y 26634620 0 1 0 1 4 9 20 20 13 40
Y 26634676 0 1 0 1 4 6 27 13 10 40
Y 56685565 0 1 0 1 2 14 9 44 16 53
Y 56826682 0 1 0 1 4 8 20 20 12 40
