chr pos bloodGT1 bloodGT2 tumorGT1 tumorGT2 AN BN AT BT sN sT
22 10685603 0 1 0 1 5 43 27 108 48 135
22 10685693 0 1 0 1 2 37 8 101 39 109
22 10699965 0 1 0 1 13 12 44 19 25 63
22 10699970 0 1 0 1 13 12 43 19 25 62
22 10700081 0 1 0 1 13 36 22 72 49 94
22 10703585 0 1 0 1 24 21 56 43 45 99
22 10741924 0 1 0 1 2 10 3 38 12 41
22 10741982 0 1 0 1 8 2 15 20 10 35
22 10742001 0 1 0 1 2 21 6 58 23 64
22 10742002 0 1 0 1 18 7 32 34 25 66
22 10742073 0 1 0 1 24 51 48 113 75 161
22 10742088 0 1 0 1 28 56 57 115 84 172
22 10742121 0 1 0 1 2 61 5 132 63 137
22 10742140 0 1 0 1 22 26 45 65 48 110
22 10742153 0 1 0 1 16 22 35 61 38 96
22 10752675 0 1 0 1 2 19 12 49 21 61
22 10752758 0 1 0 1 2 59 3 76 61 79
22 10752838 0 1 0 1 36 36 41 37 72 78
22 10752976 0 1 0 1 12 6 30 14 18 44
22 10753035 0 1 0 1 2 9 9 22 11 31
22 10754437 0 1 0 1 4 11 22 28 15 50
22 10754441 0 1 0 1 5 13 24 33 18 57
22 10754449 0 1 0 1 7 14 32 30 21 62
22 10754450 0 1 0 1 10 13 24 40 23 64
22 10942494 0 1 0 1 2 22 9 61 24 70
22 10944825 0 1 0 1 5 6 18 15 11 33
22 10947414 0 1 0 1 3 65 6 105 68 111
22 10947415 0 1 0 1 3 63 6 106 66 112
22 10959121 0 1 0 1 17 17 47 38 34 85
22 11040997 0 1 0 1 4 11 18 23 15 41
22 11041003 0 1 0 1 4 11 4 37 15 41
22 11041041 0 1 0 1 4 7 7 36 11 43
22 11050486 0 1 0 1 4 37 5 78 41 83
22 11050488 0 1 0 1 5 37 10 71 42 81
22 11050504 0 1 0 1 5 31 10 60 36 70
22 11050529 0 1 0 1 5 25 10 43 30 53
22 11050536 0 1 0 1 5 25 10 45 30 55
22 11050549 0 1 0 1 5 18 10 36 23 46
22 11066465 0 1 0 1 3 11 25 37 14 62
22 11066466 0 1 0 1 3 11 20 45 14 65
22 11066506 0 1 0 1 5 21 19 90 26 109
22 11066509 0 1 0 1 6 21 21 92 27 113
22 11066568 0 1 0 1 3 22 15 89 25 104
22 11066573 0 1 0 1 8 16 25 73 24 98
22 11066582 0 1 0 1 6 16 15 77 22 92
22 11066602 0 1 0 1 9 9 30 50 18 80
22 11066611 0 1 0 1 5 10 22 53 15 75
22 11066636 0 1 0 1 2 12 7 64 14 71
22 11066643 0 1 0 1 2 9 22 47 11 69
22 11066652 0 1 0 1 3 9 21 44 12 65
22 11066653 0 1 0 1 6 6 36 29 12 65
22 11066669 0 1 0 1 5 6 6 53 11 59
22 11068057 0 1 0 1 5 7 9 41 12 50
22 11068074 0 1 0 1 6 8 16 39 14 55
22 11068101 0 1 0 1 8 6 28 30 14 58
22 11068117 0 1 0 1 2 10 5 52 12 57
22 11068129 0 1 0 1 3 7 21 30 10 51
22 11253125 0 1 0 1 5 5 21 12 10 33
22 11279246 0 1 0 1 5 14 15 44 19 59
22 11279292 0 1 0 1 4 19 8 68 23 76
22 11279296 0 1 0 1 10 11 29 46 21 75
22 11279319 0 1 0 1 4 16 8 58 20 66
22 11279338 0 1 0 1 3 11 7 37 14 44
22 11286415 0 1 0 1 5 11 9 36 16 45
22 11477360 0 1 0 1 5 13 32 47 18 79
22 11477380 0 1 0 1 16 17 46 57 33 103
22 11477404 0 1 0 1 22 28 57 67 50 124
22 11477414 0 1 0 1 28 33 58 72 61 130
22 11477429 0 1 0 1 28 36 53 79 64 132
22 11477463 0 1 0 1 30 33 49 69 63 118
22 11477474 0 1 0 1 24 30 42 60 54 102
22 11477479 0 1 0 1 20 28 38 57 48 95
22 11477482 0 1 0 1 20 26 36 54 46 90
22 11477522 0 1 0 1 6 22 14 51 28 65
22 11477537 0 1 0 1 4 15 5 35 19 40
22 11571367 0 1 0 1 6 4 19 16 10 35
22 11623739 0 1 0 1 4 30 7 104 34 111
22 11623740 0 1 0 1 4 30 8 104 34 112
22 11626248 0 1 0 1 5 7 13 36 12 49
22 11628572 0 1 0 1 12 47 42 124 59 166
22 11628665 0 1 0 1 37 30 84 76 67 160
22 11628722 0 1 0 1 14 30 35 90 44 125
22 11628779 0 1 0 1 4 18 17 46 22 63
22 11628948 0 1 0 1 4 10 24 22 14 46
22 11628989 0 1 0 1 6 17 23 42 23 65
22 11629110 0 1 0 1 5 11 3 49 16 52
22 11629184 0 1 0 1 2 10 6 37 12 43
22 11629196 0 1 0 1 2 13 6 39 15 45
22 11629197 0 1 0 1 2 13 6 40 15 46
22 11629199 0 1 0 1 2 13 6 41 15 47
22 11629205 0 1 0 1 2 13 6 43 15 49
22 11629209 0 1 0 1 2 14 5 44 16 49
22 11629234 0 1 0 1 2 19 4 60 21 64
22 11629288 0 1 0 1 11 24 30 75 35 105
22 11629318 0 1 0 1 21 22 59 72 43 131
22 12602419 0 1 0 0 2 20 0 99 22 99
22 12602430 0 1 0 1 10 13 40 63 23 103
22 12602506 0 1 0 1 3 33 5 127 36 132
22 12602507 0 1 0 1 3 33 7 125 36 132
22 12602515 0 1 0 1 4 29 8 117 33 125
22 12602521 0 1 0 1 15 19 56 67 34 123
22 12602560 0 1 0 1 4 22 8 74 26 82
22 12602565 0 1 0 1 4 20 8 68 24 76
22 12602585 0 1 0 1 6 12 24 23 18 47
22 12603315 0 1 0 1 6 22 10 75 28 85
22 12604658 0 1 0 1 2 21 4 48 23 52
22 12604696 0 1 0 1 13 29 18 75 42 93
22 12604724 0 1 0 1 2 43 7 105 45 112
22 12618086 0 1 0 1 19 7 18 28 26 46
22 12620843 0 1 1 1 63 30 125 36 93 161
22 12620947 0 1 0 1 17 72 28 131 89 159
22 12623342 0 1 0 1 8 23 27 95 31 122
22 12626609 0 1 0 1 2 18 3 82 20 85
22 12626647 0 1 0 1 4 24 7 101 28 108
22 12693669 0 1 0 1 3 7 9 28 10 37
22 12693673 0 1 0 1 5 9 17 26 14 43
22 12693683 0 1 0 1 5 11 7 44 16 51
22 12693688 0 1 0 1 3 14 7 49 17 56
22 12693689 0 1 0 1 4 12 13 44 16 57
22 12693690 0 1 0 1 5 10 18 39 15 57
22 12693713 0 1 0 1 4 19 8 59 23 67
22 12693714 0 1 0 1 3 20 7 53 23 60
22 12693715 0 1 0 1 8 14 13 54 22 67
22 12693725 0 1 0 1 4 20 3 65 24 68
22 12693730 0 1 0 1 5 18 10 52 23 62
22 12693733 0 1 0 1 8 14 16 44 22 60
22 12693734 0 1 0 1 2 19 4 57 21 61
22 12693736 0 1 0 1 3 17 11 40 20 51
22 12693737 0 1 0 1 2 17 5 55 19 60
22 12693738 0 1 0 1 5 12 37 22 17 59
22 12693746 0 1 0 1 2 16 5 56 18 61
22 12693753 0 1 0 1 3 13 5 50 16 55
22 12693755 0 1 0 1 2 14 3 50 16 53
22 12693756 0 1 0 1 3 13 8 44 16 52
22 12693766 0 1 0 1 3 10 3 40 13 43
22 12693770 0 1 0 1 2 9 5 33 11 38
22 12693787 0 1 0 1 3 7 5 27 10 32
22 12693828 0 1 0 1 4 6 20 34 10 54
22 15541395 0 1 0 1 4 12 7 32 16 39
22 15562588 0 1 0 1 9 11 40 59 20 99
22 15562606 0 1 0 1 11 10 48 53 21 101
22 15562642 0 1 0 1 10 10 42 36 20 78
22 15563659 0 1 0 1 10 90 9 140 100 149
22 15563665 0 1 0 1 11 98 12 148 109 160
22 15563718 0 1 0 1 10 76 11 113 86 124
22 15563763 0 1 0 1 3 30 4 74 33 78
22 15563981 0 1 0 1 2 22 5 63 24 68
22 15573203 0 1 0 1 6 16 8 37 22 45
22 15631867 0 1 0 1 7 19 20 41 26 61
22 15631918 0 1 0 1 10 35 14 87 45 101
22 15722072 0 1 0 1 11 17 19 52 28 71
22 15820080 0 1 0 1 6 4 14 23 10 37
22 16469105 0 1 0 1 2 13 7 48 15 55
22 16469110 0 1 0 1 2 13 7 51 15 58
22 16469117 0 1 0 1 2 13 7 50 15 57
22 16469125 0 1 0 1 2 13 7 47 15 54
22 16469183 0 1 0 1 2 11 5 34 13 39
22 16472986 0 1 0 1 25 13 55 52 38 107
22 16574568 0 1 0 1 30 36 71 76 66 147
22 16574679 0 1 0 1 17 8 30 35 25 65
22 16592230 0 1 0 1 59 61 94 96 120 190
22 16690487 0 1 0 1 30 13 40 48 43 88
22 16697016 0 1 0 1 23 16 66 65 39 131
22 16697349 0 1 0 1 19 15 68 64 34 132
22 16808098 0 1 0 1 31 45 56 85 76 141
22 16846024 0 1 0 1 21 31 57 80 52 137
22 16858722 0 1 0 1 17 13 43 46 30 89
22 16858784 0 1 0 1 14 12 38 43 26 81
22 16858954 0 1 0 1 23 15 61 52 38 113
22 16860344 0 1 0 1 11 11 51 35 22 86
22 16904140 0 1 0 1 10 13 35 21 23 56
22 16904160 0 1 0 1 14 11 27 46 25 73
22 16904198 0 1 0 1 21 18 47 60 39 107
22 16904256 0 1 0 1 32 19 64 68 51 132
22 16904369 0 1 0 1 12 9 25 35 21 60
22 16914834 0 1 0 1 13 11 59 46 24 105
22 16933750 0 1 0 1 3 11 26 27 14 53
22 16934002 0 1 0 1 6 8 12 19 14 31
22 16968153 0 1 0 1 5 8 29 25 13 54
22 16968186 0 1 0 1 13 13 36 46 26 82
22 17047329 0 1 0 0 2 17 0 94 19 94
22 17085111 0 1 0 1 17 25 67 69 42 136
22 17108262 0 1 0 1 6 8 20 19 14 39
22 17108356 0 1 0 1 18 25 56 60 43 116
22 17109290 0 1 0 1 12 7 32 48 19 80
22 17109854 0 1 0 1 15 29 59 60 44 119
22 17122587 0 1 0 1 5 11 27 38 16 65
22 17138402 0 1 0 1 18 25 53 53 43 106
22 17138826 0 1 0 1 7 14 34 40 21 74
22 17149596 0 1 0 1 7 14 40 53 21 93
22 17159155 0 1 0 1 6 8 31 38 14 69
22 17159186 0 1 0 0 2 9 0 49 11 49
22 17181809 0 1 0 1 6 4 25 23 10 48
22 17181903 0 1 0 1 19 9 50 53 28 103
22 17182027 0 1 0 1 9 15 47 60 24 107
22 17188261 0 1 0 1 5 8 20 20 13 40
22 17188309 0 1 0 1 18 9 45 54 27 99
22 17188416 0 1 0 1 38 33 78 80 71 158
22 17190243 0 1 0 1 34 29 78 76 63 154
22 17209540 0 1 0 1 10 17 49 46 27 95
22 17213583 0 1 0 1 10 12 45 59 22 104
22 17499568 0 1 0 1 33 33 60 76 66 136
22 17499641 0 1 0 0 2 14 0 55 16 55
22 17541915 0 1 0 1 31 25 93 72 56 165
22 17542071 0 1 0 1 6 9 21 29 15 50
22 17579916 0 1 0 1 11 11 21 52 22 73
22 17612968 0 1 0 1 10 11 25 33 21 58
22 17628790 0 1 0 1 7 4 21 23 11 44
22 17683229 0 1 0 1 3 16 36 43 19 79
22 17696334 0 1 0 1 8 6 17 16 14 33
22 17706703 0 1 0 1 25 45 74 54 70 128
22 17735429 0 1 0 1 4 12 30 20 16 50
22 17750234 0 1 0 1 6 15 39 44 21 83
22 17773755 0 1 0 1 37 40 81 102 77 183
22 17774372 0 1 0 1 8 14 39 34 22 73
22 17809025 0 1 0 1 31 26 51 73 57 124
22 17810884 0 1 0 1 17 10 36 37 27 73
22 17822201 0 1 0 0 2 26 0 100 28 100
22 17881348 0 1 0 0 2 21 0 82 23 82
22 17885782 0 1 0 1 29 29 51 51 58 102
22 17887150 0 1 0 1 32 33 73 70 65 143
22 17889254 0 1 0 1 16 14 40 45 30 85
22 17891384 0 1 0 1 14 8 30 32 22 62
22 17906782 0 1 0 1 28 28 63 57 56 120
22 18126361 0 1 0 1 26 42 81 72 68 153
22 18131063 0 1 0 0 2 28 0 105 30 105
22 18145948 0 1 0 1 13 18 45 44 31 89
22 18167155 0 1 0 1 24 21 44 54 45 98
22 18167915 0 1 0 1 39 33 61 89 72 150
22 18535839 0 1 0 1 18 38 29 81 56 110
22 18623339 0 1 0 1 22 9 59 20 31 79
22 18623358 0 1 1 1 23 12 72 24 35 96
22 18625125 0 1 0 1 6 20 18 68 26 86
22 18625145 0 1 0 1 2 16 4 67 18 71
22 18730682 0 1 0 1 24 0 27 3 24 30
22 18979391 0 1 0 1 3 10 15 18 13 33
22 18985801 0 1 0 1 12 13 17 36 25 53
22 18986036 0 1 0 1 10 6 43 40 16 83
22 18987832 0 1 0 1 14 21 55 57 35 112
22 18987933 0 1 0 1 10 10 42 29 20 71
22 19014328 0 1 0 1 9 5 15 34 14 49
22 19039100 0 1 0 1 14 30 43 68 44 111
22 19040963 0 1 0 1 26 26 46 58 52 104
22 19040967 0 1 0 1 28 28 50 61 56 111
22 19046566 0 1 0 1 6 7 25 36 13 61
22 19046727 0 1 0 1 14 19 52 54 33 106
22 19048719 0 1 0 1 9 10 28 28 19 56
22 19057046 0 1 0 0 2 39 0 141 41 141
22 19060900 0 1 0 1 43 66 75 103 109 178
22 19060936 0 1 0 1 46 63 82 104 109 186
22 19063122 0 1 0 1 29 38 43 70 67 113
22 19063365 0 1 0 1 13 11 28 20 24 48
22 19089284 0 1 0 1 37 61 90 78 98 168
22 19122096 0 1 0 1 7 7 24 26 14 50
22 19124972 0 1 0 1 41 31 71 72 72 143
22 19125152 0 1 0 0 2 25 0 96 27 96
22 19125502 0 1 0 1 4 8 33 44 12 77
22 19131188 0 1 0 1 39 41 75 91 80 166
22 19132032 0 1 0 1 33 39 68 84 72 152
22 19132173 0 1 0 1 50 60 91 97 110 188
22 19132238 0 1 0 1 53 58 94 96 111 190
22 19132425 0 1 0 1 52 47 84 109 99 193
22 19135152 0 1 0 1 22 28 66 87 50 153
22 19139118 0 1 0 1 9 12 29 28 21 57
22 19142932 0 1 0 1 11 14 27 31 25 58
22 19177294 0 1 0 0 2 17 0 71 19 71
22 19378105 0 1 0 0 3 17 0 59 20 59
22 19468313 0 1 0 1 19 19 58 58 38 116
22 19468348 0 1 0 1 15 15 46 53 30 99
22 19479032 0 1 0 0 3 24 0 55 27 55
22 19480129 0 1 0 1 46 48 79 95 94 174
22 19480228 0 1 0 1 2 78 2 160 80 162
22 19481132 0 1 0 1 10 9 33 30 19 63
22 19484086 0 1 0 1 8 8 34 32 16 66
22 19508444 0 1 0 1 13 14 39 40 27 79
22 19516795 0 1 0 1 37 51 96 83 88 179
22 19516947 0 1 0 1 64 56 103 74 120 177
22 19518933 0 1 0 1 12 17 43 47 29 90
22 19524402 0 1 0 1 5 10 52 60 15 112
22 19631853 0 1 0 0 2 12 0 91 14 91
22 19779259 0 1 0 1 54 31 85 96 85 181
22 19821246 0 1 0 1 13 16 38 60 29 98
22 19851915 0 1 0 1 42 31 101 81 73 182
22 19880248 0 1 0 1 23 24 62 75 47 137
22 19880391 0 1 0 1 19 20 50 53 39 103
22 19883308 0 1 0 1 13 19 29 27 32 56
22 19883574 0 1 0 1 2 8 19 22 10 41
22 19972449 0 1 0 0 2 25 0 93 27 93
22 19981877 0 1 0 1 23 18 50 54 41 104
22 20087052 0 1 0 1 6 5 17 16 11 33
22 20087347 0 1 0 1 15 18 51 28 33 79
22 20092080 0 1 0 1 8 8 26 25 16 51
22 20106740 0 1 0 1 12 7 22 24 19 46
22 20113073 0 1 0 1 43 41 87 98 84 185
22 20114567 0 1 0 1 41 33 73 89 74 162
22 20115227 0 1 0 1 7 11 33 27 18 60
22 20140031 0 1 0 1 35 31 61 79 66 140
22 20141404 0 1 0 1 23 33 96 69 56 165
22 20148856 0 1 0 1 8 8 30 39 16 69
22 20150200 0 1 0 1 20 31 64 89 51 153
22 20150299 0 1 0 1 6 6 18 27 12 45
22 20150582 0 1 0 1 12 17 49 58 29 107
22 20306888 0 1 0 1 5 16 23 30 21 53
22 20364402 0 1 0 1 20 24 53 46 44 99
22 20364436 0 1 0 1 9 9 26 30 18 56
22 20366768 0 1 0 1 4 37 5 101 41 106
22 20389440 0 1 0 1 2 8 12 18 10 30
22 20389481 0 1 0 1 10 7 33 24 17 57
22 20390911 0 1 0 1 9 15 32 37 24 69
22 20394216 0 1 0 0 2 24 0 95 26 95
22 20400808 0 1 0 1 27 40 73 75 67 148
22 20405244 0 1 0 1 7 7 16 15 14 31
22 20406773 0 1 0 1 47 43 91 98 90 189
22 20446696 0 1 0 1 9 16 52 48 25 100
22 20446702 0 1 0 0 2 23 0 98 25 98
22 20457643 0 1 0 1 3 7 12 21 10 33
22 20537212 0 1 0 0 2 27 0 116 29 116
22 20564314 0 1 0 0 2 14 0 63 16 63
22 20564333 0 1 0 0 2 21 0 79 23 79
22 20608283 0 1 0 1 6 5 26 23 11 49
22 20608402 0 1 0 1 3 7 17 13 10 30
22 20626150 0 1 0 1 7 13 51 42 20 93
22 20680521 0 1 0 1 11 9 23 21 20 44
22 20702602 0 1 0 0 2 10 0 76 12 76
22 20710068 0 1 0 1 7 8 17 19 15 36
22 20714590 0 1 0 1 37 32 71 100 69 171
22 20718834 0 1 0 1 9 6 30 29 15 59
22 20721249 0 1 0 1 12 10 32 34 22 66
22 20725621 0 1 0 1 9 14 33 20 23 53
22 20752865 0 1 0 1 18 12 47 35 30 82
22 20779543 0 1 0 1 17 36 81 71 53 152
22 20787012 0 1 0 1 29 27 65 70 56 135
22 20793005 0 1 0 1 5 10 32 30 15 62
22 20813499 0 1 0 1 11 8 46 43 19 89
22 20834444 0 1 0 1 16 18 42 41 34 83
22 20859092 0 1 0 1 38 29 68 61 67 129
22 20859128 0 1 0 1 55 39 89 77 94 166
22 20968101 0 1 0 0 2 10 0 49 12 49
22 20973545 0 1 0 1 8 5 25 25 13 50
22 20976498 0 1 0 1 63 55 100 94 118 194
22 20978120 0 1 0 1 5 6 19 16 11 35
22 20979216 0 1 0 1 20 19 62 40 39 102
22 20980172 0 1 0 1 12 18 37 43 30 80
22 20980584 0 1 0 1 6 5 20 23 11 43
22 20980590 0 1 0 1 5 7 23 24 12 47
22 20980846 0 1 0 1 22 26 86 56 48 142
22 20983036 0 1 0 1 15 18 48 48 33 96
22 20985799 0 1 0 1 22 45 72 77 67 149
22 20989706 0 1 0 1 9 15 18 60 24 78
22 20989713 0 1 0 1 7 15 15 53 22 68
22 20989729 0 1 0 1 3 16 25 45 19 70
22 20989730 0 1 0 1 6 10 27 42 16 69
22 20989737 0 1 0 0 4 14 0 68 18 68
22 20989743 0 1 0 1 4 10 27 32 14 59
22 20990595 0 1 0 1 12 27 29 45 39 74
22 20990616 0 1 0 1 8 19 21 32 27 53
22 20990631 0 1 0 1 5 17 15 26 22 41
22 20992196 0 1 0 1 2 9 14 23 11 37
22 20992430 0 1 0 1 42 37 69 81 79 150
22 20993795 0 1 0 1 14 15 36 53 29 89
22 20994748 0 1 0 1 37 32 70 95 69 165
22 20996647 0 1 0 1 28 20 49 67 48 116
22 21002260 0 1 0 1 13 12 48 32 25 80
22 21002277 0 1 0 1 12 6 37 25 18 62
22 21022574 0 1 0 1 27 24 53 49 51 102
22 21023642 0 1 0 0 2 11 0 49 13 49
22 21029372 0 1 0 1 46 30 95 80 76 175
22 21042239 0 1 0 1 20 11 40 42 31 82
22 21042318 0 1 0 1 49 38 72 96 87 168
22 21044989 0 1 0 1 10 8 34 34 18 68
22 21045993 0 1 0 1 13 20 48 48 33 96
22 21047281 0 1 0 1 30 14 57 45 44 102
22 21047544 0 1 0 1 10 8 27 35 18 62
22 21048937 0 1 0 1 6 10 29 28 16 57
22 21049087 0 1 0 1 3 7 12 18 10 30
22 21468376 0 1 0 1 4 7 8 32 11 40
22 21628603 0 1 0 1 22 25 61 83 47 144
22 21628971 0 1 0 1 21 23 66 79 44 145
22 21933490 0 1 0 1 28 42 85 92 70 177
22 21933592 0 1 0 1 48 31 72 89 79 161
22 21934027 0 1 0 1 10 18 53 37 28 90
22 21938159 0 1 0 0 2 36 0 142 38 142
22 21957943 0 1 0 1 33 30 77 70 63 147
22 21957978 0 1 0 1 16 17 45 60 33 105
22 21957979 0 1 0 1 17 16 44 57 33 101
22 21959457 0 1 0 1 12 10 27 23 22 50
22 21962259 0 1 0 1 6 5 14 17 11 31
22 21962965 0 1 0 1 16 12 43 48 28 91
22 21975710 0 1 0 1 20 12 44 60 32 104
22 22099103 0 1 0 1 58 57 92 103 115 195
22 22162743 0 1 0 1 7 15 30 41 22 71
22 22182456 0 1 0 1 5 6 23 35 11 58
22 22196001 0 1 0 1 60 41 93 89 101 182
22 22201876 0 1 0 1 31 42 104 57 73 161
22 22201974 0 1 0 1 27 17 88 51 44 139
22 22202268 0 1 0 1 15 15 45 26 30 71
22 22203783 0 1 0 1 6 7 21 18 13 39
22 22203913 0 1 0 1 14 14 42 39 28 81
22 22245262 0 1 0 1 22 30 56 57 52 113
22 22245293 0 1 0 1 21 29 51 63 50 114
22 22245352 0 1 0 1 15 23 36 73 38 109
22 22358119 0 1 0 1 24 16 44 49 40 93
22 22367284 0 1 0 1 8 17 35 28 25 63
22 22370026 0 1 0 1 36 14 78 74 50 152
22 22376499 0 1 0 1 10 89 15 146 99 161
22 22376506 0 1 0 1 10 87 15 150 97 165
22 22376544 0 1 0 1 4 80 9 148 84 157
22 22381013 0 1 0 1 8 18 15 84 26 99
22 22404503 0 1 0 1 5 17 45 63 22 108
22 22404675 0 1 0 1 13 15 46 60 28 106
22 22404700 0 1 0 0 2 25 0 93 27 93
22 22404762 0 1 0 1 5 10 31 32 15 63
22 22404764 0 1 0 0 2 12 0 62 14 62
22 22409755 0 1 0 1 6 8 29 20 14 49
22 22427814 0 1 0 1 33 28 65 100 61 165
22 22448161 0 1 0 0 2 13 0 52 15 52
22 22515196 0 1 0 1 31 32 71 89 63 160
22 22548659 0 1 0 1 10 10 35 27 20 62
22 22556814 0 1 0 1 13 27 58 69 40 127
22 22556943 0 1 0 1 3 14 32 42 17 74
22 22556944 0 1 0 1 3 14 32 40 17 72
22 22580286 0 1 0 1 12 19 33 61 31 94
22 22580334 0 1 0 1 9 19 34 50 28 84
22 22619192 0 1 0 1 7 4 15 22 11 37
22 22664490 0 1 0 1 3 20 18 59 23 77
22 22664491 0 1 0 1 3 20 18 59 23 77
22 22664533 0 1 0 1 4 28 15 71 32 86
22 22664541 0 1 0 1 3 34 8 76 37 84
22 22687254 0 1 0 1 38 77 38 143 115 181
22 22687382 0 1 0 1 11 17 14 59 28 73
22 22698280 0 1 0 1 9 12 24 30 21 54
22 22734637 0 1 0 1 3 11 14 48 14 62
22 22734638 0 1 0 1 3 11 14 48 14 62
22 22734670 0 1 0 1 3 16 14 68 19 82
22 22822889 0 1 0 1 3 31 5 94 34 99
22 22822890 0 1 0 1 3 33 4 94 36 98
22 22822892 0 1 0 1 3 33 5 95 36 100
22 22856937 0 1 0 1 14 7 31 41 21 72
22 22880890 0 1 0 1 22 16 47 40 38 87
22 22904848 0 1 0 1 12 18 33 55 30 88
22 22904902 0 1 0 1 27 34 65 81 61 146
22 22914293 0 1 0 1 47 52 87 100 99 187
22 22921430 0 1 0 1 16 17 49 49 33 98
22 22921536 0 1 0 1 11 7 48 32 18 80
22 23368864 0 1 0 0 2 20 0 104 22 104
22 23537152 0 1 0 1 7 4 20 28 11 48
22 23573387 0 1 0 1 17 49 30 123 66 153
22 23573483 0 1 0 1 2 57 4 149 59 153
22 23638781 0 1 0 0 3 40 0 129 43 129
22 23640537 0 1 0 1 37 42 79 92 79 171
22 23640540 0 1 0 1 41 42 82 90 83 172
22 23692101 0 1 0 1 36 36 84 89 72 173
22 23693783 0 1 0 1 34 34 87 86 68 173
22 23696660 0 1 0 1 10 6 36 43 16 79
22 23698505 0 1 0 1 13 15 45 37 28 82
22 23743845 0 1 0 0 2 21 0 103 23 103
22 23787053 0 1 0 1 8 5 24 22 13 46
22 23834505 0 1 0 0 2 36 0 136 38 136
22 23870173 0 1 0 1 7 10 33 29 17 62
22 23875053 0 1 0 0 2 14 0 55 16 55
22 23895002 0 1 0 1 21 16 55 56 37 111
22 23895276 0 1 0 1 16 18 47 58 34 105
22 23927728 0 1 0 1 30 16 58 65 46 123
22 23927818 0 1 0 1 22 20 60 79 42 139
22 23927846 0 1 0 1 15 19 57 69 34 126
22 23927921 0 1 0 1 14 16 45 56 30 101
22 23927930 0 1 0 1 14 14 43 55 28 98
22 23927942 0 1 0 1 17 12 43 49 29 92
22 23928398 0 1 0 1 17 17 39 55 34 94
22 23957915 0 1 0 1 24 9 68 26 33 94
22 23958473 0 1 0 1 29 25 80 56 54 136
22 23958496 0 1 0 1 21 18 61 39 39 100
22 23958514 0 1 0 1 16 15 40 27 31 67
22 23960415 0 1 0 1 5 32 4 75 37 79
22 23971679 0 1 0 1 8 16 27 46 24 73
22 23998657 0 1 0 1 32 27 69 79 59 148
22 23998744 0 1 0 1 16 11 29 46 27 75
22 24050841 0 1 0 1 21 21 70 61 42 131
22 24056147 0 1 0 0 4 35 0 109 39 109
22 24056150 0 1 0 0 3 34 0 112 37 112
22 24056151 0 1 0 0 4 33 0 111 37 111
22 24056154 0 1 0 0 3 36 0 116 39 116
22 24056422 0 1 0 1 11 17 30 43 28 73
22 24064130 0 1 0 1 23 35 62 87 58 149
22 24076104 0 1 0 0 2 16 0 73 18 73
22 24076321 0 1 0 1 15 12 46 47 27 93
22 24083240 0 1 0 1 4 7 35 19 11 54
22 24084499 0 1 0 1 13 17 32 31 30 63
22 24096098 0 1 0 1 20 15 56 45 35 101
22 24171640 0 1 0 1 32 16 51 36 48 87
22 24177467 0 1 0 1 27 32 62 56 59 118
22 24177626 0 1 0 0 2 27 0 99 29 99
22 24183081 0 1 0 1 12 19 26 55 31 81
22 24183189 0 1 0 1 10 31 21 66 41 87
22 24183190 0 1 0 1 10 31 20 65 41 85
22 24183535 0 1 0 1 53 56 103 84 109 187
22 24184354 0 1 0 1 23 18 60 52 41 112
22 24185214 0 1 0 1 17 8 43 39 25 82
22 24187861 0 1 0 1 14 8 69 35 22 104
22 24187911 0 1 0 1 19 10 66 37 29 103
22 24226680 0 1 0 1 36 33 51 97 69 148
22 24260026 0 1 0 1 5 7 9 36 12 45
22 24260059 0 1 0 1 5 8 9 51 13 60
22 24334619 0 1 0 1 10 13 35 38 23 73
22 24441333 0 1 0 1 16 31 64 78 47 142
22 24495324 0 1 0 1 10 6 38 20 16 58
22 24499984 0 1 0 1 4 7 13 23 11 36
22 24500046 0 1 0 1 8 24 47 46 32 93
22 24502342 0 1 0 1 63 68 104 88 131 192
22 24521884 0 1 0 1 14 15 46 50 29 96
22 24525590 0 1 0 1 15 8 25 40 23 65
22 24586015 0 1 0 1 15 23 63 63 38 126
22 24687181 0 1 0 1 26 25 84 64 51 148
22 24749504 0 1 0 1 13 15 41 56 28 97
22 24850145 0 1 0 1 13 12 31 29 25 60
22 24859613 0 1 0 1 21 17 52 73 38 125
22 24867273 0 1 0 1 6 11 35 41 17 76
22 24867306 0 1 0 1 5 6 24 30 11 54
22 24874488 0 1 0 1 18 21 52 68 39 120
22 24879426 0 1 0 1 10 16 37 35 26 72
22 24898402 0 1 0 1 41 38 80 100 79 180
22 24898409 0 1 0 1 39 36 77 102 75 179
22 24938127 0 1 0 1 71 54 81 86 125 167
22 25028612 0 1 0 1 18 18 65 55 36 120
22 25029315 0 1 0 1 57 55 67 116 112 183
22 25039992 0 1 0 1 62 54 79 113 116 192
22 25041390 0 1 0 1 37 34 93 75 71 168
22 25190777 0 1 0 1 40 33 73 85 73 158
22 25205147 0 1 0 1 28 28 49 59 56 108
22 25205229 0 1 0 1 66 57 80 103 123 183
22 25221379 0 1 0 1 26 23 66 63 49 129
22 25228082 0 1 0 1 4 9 26 36 13 62
22 25229587 0 1 0 1 17 24 52 63 41 115
22 25231637 0 1 0 1 45 32 75 70 77 145
22 25283110 0 1 0 1 11 5 27 29 16 56
22 25319956 0 1 0 1 2 25 8 98 27 106
22 25319964 0 1 0 1 4 26 9 94 30 103
22 25336087 0 1 0 1 9 8 36 51 17 87
22 25336091 0 1 0 0 2 16 0 86 18 86
22 25349600 0 1 0 0 2 19 0 84 21 84
22 25353826 0 1 0 1 8 7 31 34 15 65
22 25354906 0 1 0 1 6 7 14 21 13 35
22 25357354 0 1 0 1 46 47 90 87 93 177
22 25437629 0 1 0 1 6 9 27 28 15 55
22 25785627 0 1 0 1 7 11 19 12 18 31
22 25797857 0 1 0 1 5 9 33 27 14 60
22 25798015 0 1 0 1 27 17 69 58 44 127
22 25798078 0 1 0 1 19 11 48 37 30 85
22 25798126 0 1 0 1 7 5 24 19 12 43
22 25823638 0 1 0 1 64 51 91 97 115 188
22 25826280 0 1 0 1 6 9 18 20 15 38
22 25826487 0 1 0 1 24 15 58 62 39 120
22 25826538 0 1 0 1 6 9 34 33 15 67
22 25828665 0 1 0 1 13 8 37 27 21 64
22 25847588 0 1 0 0 2 12 0 63 14 63
22 25877822 0 1 0 1 6 15 29 32 21 61
22 25877867 0 1 0 1 32 20 50 63 52 113
22 25877869 0 1 0 1 31 19 50 66 50 116
22 25877922 0 1 0 1 35 37 81 83 72 164
22 25877926 0 1 0 1 39 36 80 82 75 162
22 25878058 0 1 0 1 13 7 36 36 20 72
22 25992582 0 1 0 1 7 10 21 12 17 33
22 26027014 0 1 0 1 27 34 96 75 61 171
22 26292422 0 1 0 1 35 41 85 89 76 174
22 26293235 0 1 0 1 6 4 19 16 10 35
22 26294441 0 1 0 1 8 10 38 37 18 75
22 26306049 0 1 0 1 17 24 48 55 41 103
22 26381985 0 1 0 1 51 37 89 92 88 181
22 26453187 0 1 0 0 2 22 0 84 24 84
22 26464303 0 1 0 1 30 22 89 66 52 155
22 26466004 0 1 0 1 20 34 49 76 54 125
22 26466075 0 1 0 1 46 40 104 74 86 178
22 26486176 0 1 0 1 5 9 26 19 14 45
22 26555219 0 1 0 1 9 9 42 54 18 96
22 26625394 0 1 0 1 10 12 40 38 22 78
22 26625437 0 1 0 1 26 23 54 72 49 126
22 26625445 0 1 0 1 24 27 71 63 51 134
22 26625625 0 1 0 1 20 19 41 50 39 91
22 26644978 0 1 0 1 10 10 26 39 20 65
22 27049921 0 1 0 1 18 12 34 34 30 68
22 27050117 0 1 0 1 19 23 44 57 42 101
22 27854822 0 1 0 1 39 36 84 60 75 144
22 27897992 0 1 0 1 11 9 35 27 20 62
22 27919269 0 1 0 1 12 7 25 23 19 48
22 27982484 0 1 0 1 25 48 62 100 73 162
22 27993270 0 1 0 1 9 9 31 42 18 73
22 28094079 0 1 0 0 2 32 0 119 34 119
22 28096163 0 1 0 1 11 8 33 25 19 58
22 28297764 0 1 0 0 2 26 0 107 28 107
22 28741956 0 1 0 1 10 6 32 28 16 60
22 28745928 0 1 0 0 2 28 0 107 30 107
22 29018013 0 1 0 1 41 37 79 73 78 152
22 29043213 0 1 0 1 13 17 20 32 30 52
22 29044704 0 1 0 1 14 25 48 62 39 110
22 29050623 0 1 0 1 21 24 48 60 45 108
22 29050987 0 1 0 1 15 9 53 48 24 101
22 29060745 0 1 0 1 23 19 53 75 42 128
22 29137287 0 1 0 1 21 24 50 50 45 100
22 29137511 0 1 0 1 65 45 94 100 110 194
22 29137584 0 1 0 1 40 35 88 84 75 172
22 29225139 0 1 0 1 19 27 56 76 46 132
22 29342265 0 1 0 1 16 18 39 29 34 68
22 29342337 0 1 0 0 4 69 0 139 73 139
22 29441858 0 1 0 1 4 93 14 154 97 168
22 29539642 0 1 0 1 7 9 20 24 16 44
22 29673257 0 1 0 0 4 74 0 177 78 177
22 30399616 0 1 0 0 3 42 0 110 45 110
22 30399731 0 1 0 0 2 15 0 73 17 73
22 30415924 0 1 0 0 2 39 0 147 41 147
22 30425820 0 1 0 0 2 10 0 46 12 46
22 30435833 0 1 0 0 2 10 0 74 12 74
22 30491968 0 1 0 0 2 30 0 125 32 125
22 30671256 0 1 0 1 7 6 20 20 13 40
22 30695152 0 1 0 1 28 41 83 80 69 163
22 30695646 0 1 0 1 8 6 30 33 14 63
22 30870559 0 1 0 1 49 44 88 85 93 173
22 30933654 0 1 0 1 10 11 50 43 21 93
22 31088028 0 1 0 0 3 77 0 146 80 146
22 31097139 0 1 0 1 12 12 35 33 24 68
22 31101068 0 1 0 1 6 20 37 31 26 68
22 31105802 0 1 0 1 5 6 32 26 11 58
22 31125418 0 1 0 1 35 26 81 76 61 157
22 31125864 0 1 0 1 8 14 48 63 22 111
22 31133057 0 1 0 1 29 27 83 75 56 158
22 31133786 0 1 0 1 8 14 50 28 22 78
22 31136582 0 1 0 1 11 5 25 32 16 57
22 31136974 0 1 0 1 20 14 42 59 34 101
22 31138027 0 1 0 0 2 10 0 47 12 47
22 31156716 0 1 0 1 10 15 41 56 25 97
22 31225806 0 1 0 1 34 35 96 78 69 174
22 31248628 0 1 0 1 36 26 72 76 62 148
22 31268046 0 1 0 1 20 15 50 58 35 108
22 31289143 0 1 0 1 17 15 53 28 32 81
22 31292263 0 1 0 1 32 42 92 79 74 171
22 31442099 0 1 0 1 32 30 79 88 62 167
22 31442997 0 1 0 0 2 30 0 113 32 113
22 31448307 0 1 0 1 56 32 93 82 88 175
22 31448387 0 1 0 1 16 23 38 58 39 96
22 31530703 0 1 0 1 18 13 62 42 31 104
22 31530739 0 1 0 1 10 12 28 39 22 67
22 31530757 0 1 0 1 8 8 28 19 16 47
22 31575365 0 1 0 1 13 9 52 47 22 99
22 31602626 0 1 0 1 24 30 64 55 54 119
22 31614491 0 1 0 1 38 43 77 87 81 164
22 31615239 0 1 0 1 10 14 38 43 24 81
22 31618175 0 1 0 1 12 8 45 37 20 82
22 31619464 0 1 0 1 18 8 33 34 26 67
22 31619780 0 1 0 1 32 38 68 102 70 170
22 31701789 0 1 0 1 11 16 32 38 27 70
22 31714177 0 1 0 1 67 49 99 95 116 194
22 31716475 0 1 0 1 44 40 79 94 84 173
22 31717283 0 1 0 1 19 29 66 50 48 116
22 31764878 0 1 0 1 9 7 28 24 16 52
22 31768804 0 1 0 1 18 21 61 46 39 107
22 31778212 0 1 0 1 23 34 55 43 57 98
22 31798595 0 1 0 1 37 49 67 86 86 153
22 31805034 0 1 0 1 7 8 12 38 15 50
22 31809555 0 1 0 1 44 47 103 81 91 184
22 31821553 0 1 0 1 28 40 82 78 68 160
22 31870560 0 1 0 1 6 13 29 32 19 61
22 32049959 0 1 0 1 23 21 64 60 44 124
22 32067888 0 1 0 1 10 10 33 21 20 54
22 32086334 0 1 0 1 27 30 55 72 57 127
22 32091713 0 1 0 1 41 23 75 99 64 174
22 32091757 0 1 0 1 44 25 72 87 69 159
22 32091828 0 1 0 1 19 19 38 72 38 110
22 32110054 0 1 0 1 29 25 69 88 54 157
22 32110063 0 1 0 1 32 24 68 90 56 158
22 32110156 0 1 0 1 24 16 47 46 40 93
22 32134269 0 1 0 1 5 6 16 13 11 29
22 32149775 0 1 0 1 7 17 37 41 24 78
22 32149802 0 1 0 1 7 22 53 60 29 113
22 32150959 0 1 0 1 35 30 80 71 65 151
22 32151025 0 1 0 1 23 11 44 53 34 97
22 32151639 0 1 0 1 7 10 23 30 17 53
22 32152139 0 1 0 1 3 20 3 67 23 70
22 32152402 0 1 0 1 9 7 13 24 16 37
22 32158998 0 1 0 1 22 31 57 84 53 141
22 32159009 0 1 0 1 24 30 60 89 54 149
22 32183563 0 1 0 1 31 44 78 97 75 175
22 32183572 0 1 0 1 36 49 76 103 85 179
22 32183689 0 1 0 1 19 22 58 70 41 128
22 32183764 0 1 0 1 8 7 22 30 15 52
22 32188514 0 1 0 1 10 6 32 41 16 73
22 32190939 0 1 0 1 5 25 12 86 30 98
22 32191036 0 1 0 1 20 50 42 104 70 146
22 32191040 0 1 0 1 22 54 44 107 76 151
22 32193036 0 1 0 1 42 46 79 96 88 175
22 32193047 0 1 0 1 40 50 82 95 90 177
22 32194462 0 1 0 1 8 7 15 24 15 39
22 32212117 0 1 0 1 5 9 21 26 14 47
22 32221075 0 1 0 1 26 26 42 70 52 112
22 32225632 0 1 0 1 31 35 59 85 66 144
22 32232913 0 1 0 1 54 55 99 95 109 194
22 32247473 0 1 0 1 21 18 57 57 39 114
22 32254007 0 1 0 1 4 9 19 16 13 35
22 32254213 0 1 0 1 21 45 64 77 66 141
22 32269769 0 1 0 1 41 34 83 74 75 157
22 32269802 0 1 0 1 44 30 84 70 74 154
22 32271204 0 1 0 1 7 7 21 35 14 56
22 32271520 0 1 0 1 42 27 97 68 69 165
22 32272021 0 1 0 1 13 12 33 38 25 71
22 32272384 0 1 0 1 12 15 37 51 27 88
22 32312704 0 1 0 1 14 6 41 51 20 92
22 32360665 0 1 0 1 8 55 22 124 63 146
22 32360697 0 1 0 1 21 62 40 126 83 166
22 32360716 0 1 0 1 25 64 46 130 89 176
22 32360757 0 1 1 1 67 26 130 38 93 168
22 32368401 0 1 0 1 11 12 30 31 23 61
22 32376924 0 1 0 1 9 10 42 34 19 76
22 32399764 0 1 0 1 4 7 23 38 11 61
22 32400260 0 1 0 1 31 29 70 75 60 145
22 32408678 0 1 0 1 21 23 58 48 44 106
22 32412091 0 1 0 1 21 18 60 69 39 129
22 32414391 0 1 0 1 41 44 70 93 85 163
22 32419411 0 1 0 1 18 29 37 85 47 122
22 32431403 0 1 0 0 2 34 0 131 36 131
22 32493098 0 1 0 0 3 85 0 160 88 160
22 32833699 0 1 0 1 21 21 47 42 42 89
22 32833844 0 1 0 1 48 43 76 81 91 157
22 33015341 0 1 0 1 8 8 30 45 16 75
22 33166901 0 1 0 1 16 8 48 22 24 70
22 33274598 0 1 0 1 33 35 64 83 68 147
22 33274693 0 1 0 1 6 5 18 22 11 40
22 33283439 0 1 0 1 12 9 25 32 21 57
22 33604296 0 1 0 1 3 9 33 23 12 56
22 33626300 0 1 0 1 17 32 51 47 49 98
22 34589705 0 1 0 1 21 19 73 74 40 147
22 34590408 0 1 0 1 15 19 47 51 34 98
22 35067169 0 1 0 1 17 13 48 66 30 114
22 35067186 0 1 0 1 19 14 49 73 33 122
22 35067256 0 1 0 1 13 15 54 64 28 118
22 35082695 0 1 0 1 26 27 60 37 53 97
22 35084423 0 1 0 0 2 43 0 165 45 165
22 35264882 0 1 0 1 15 14 60 73 29 133
22 35283958 0 1 0 1 37 28 71 89 65 160
22 35284102 0 1 0 1 17 17 38 43 34 81
22 35299809 0 1 0 1 8 4 19 30 12 49
22 35300084 0 1 0 1 8 5 16 13 13 29
22 35335704 0 1 0 1 46 33 73 84 79 157
22 35345827 0 1 0 1 24 36 78 71 60 149
22 35345870 0 1 0 1 21 23 77 58 44 135
22 35401340 0 1 0 1 37 38 67 98 75 165
22 35401840 0 1 0 1 9 10 19 21 19 40
22 35403549 0 1 0 1 15 13 39 35 28 74
22 35410822 0 1 0 1 46 40 83 81 86 164
22 35419887 0 1 0 1 38 33 76 80 71 156
22 35421604 0 1 0 1 8 11 50 58 19 108
22 35502271 0 1 0 1 5 5 18 22 10 40
22 35503429 0 1 0 1 8 6 14 27 14 41
22 35718000 0 1 0 1 17 14 38 35 31 73
22 35718007 0 1 0 1 14 11 34 31 25 65
22 35726470 0 1 0 1 59 69 83 104 128 187
22 35727036 0 1 0 1 21 25 61 95 46 156
22 36141452 0 1 0 1 51 39 95 90 90 185
22 36141715 0 1 0 1 34 32 98 77 66 175
22 36141845 0 1 0 1 49 55 91 96 104 187
22 36154734 0 1 0 1 8 10 52 27 18 79
22 36157133 0 1 0 1 26 18 47 52 44 99
22 36191154 0 1 0 1 15 20 54 63 35 117
22 36191175 0 1 0 1 19 22 52 69 41 121
22 36191231 0 1 0 1 29 23 59 75 52 134
22 36191438 0 1 0 1 63 63 78 115 126 193
22 36191463 0 1 0 1 62 56 77 118 118 195
22 36191906 0 1 0 1 19 27 56 49 46 105
22 36195334 0 1 0 1 25 23 87 71 48 158
22 36196952 0 1 0 1 13 15 38 50 28 88
22 36197115 0 1 0 1 6 5 16 25 11 41
22 36197594 0 1 0 1 13 15 30 44 28 74
22 36199537 0 1 0 0 4 111 0 192 115 192
22 36204690 0 1 0 1 16 11 52 40 27 92
22 36204712 0 1 0 1 13 16 49 52 29 101
22 36204768 0 1 0 1 18 9 52 45 27 97
22 36204795 0 1 0 1 13 8 38 34 21 72
22 36233420 0 1 0 1 24 38 69 70 62 139
22 36236979 0 1 0 1 6 4 17 21 10 38
22 36237381 0 1 0 1 31 29 77 49 60 126
22 36237406 0 1 0 1 22 26 57 33 48 90
22 36238624 0 1 0 1 35 34 73 85 69 158
22 36239398 0 1 0 1 8 6 27 18 14 45
22 36239399 0 1 0 1 7 8 19 27 15 46
22 36253920 0 1 0 1 33 23 83 78 56 161
22 36255185 0 1 0 1 16 16 57 64 32 121
22 36257229 0 1 0 1 33 25 74 75 58 149
22 36261428 0 1 0 1 6 7 21 24 13 45
22 36261550 0 1 0 1 46 60 63 99 106 162
22 36261582 0 1 0 1 49 74 78 115 123 193
22 36261743 0 1 0 1 19 15 44 42 34 86
22 36265284 0 1 0 1 26 40 73 80 66 153
22 36265490 0 1 0 1 57 66 95 104 123 199
22 36265520 0 1 0 1 49 63 83 108 112 191
22 36265600 0 1 0 1 37 52 84 97 89 181
22 36265796 0 1 0 1 30 34 80 78 64 158
22 36286661 0 1 0 1 12 10 38 28 22 66
22 36288308 0 1 0 1 27 36 69 76 63 145
22 36288312 0 1 0 1 27 38 68 78 65 146
22 36294067 0 1 0 1 14 10 39 38 24 77
22 36306254 0 1 0 1 7 10 22 21 17 43
22 36312293 0 1 0 1 10 17 41 38 27 79
22 36314000 0 1 0 1 9 4 17 13 13 30
22 36314002 0 1 0 1 5 9 14 18 14 32
22 36314011 0 1 0 1 6 9 18 20 15 38
22 36314138 0 1 0 1 40 44 71 93 84 164
22 36320164 0 1 0 1 32 20 57 59 52 116
22 36326445 0 1 0 1 9 8 28 25 17 53
22 36348845 0 1 1 1 12 5 55 7 17 62
22 36476703 0 1 0 1 8 7 20 19 15 39
22 36495739 0 1 0 1 35 41 83 55 76 138
22 36495811 0 1 0 1 50 60 88 103 110 191
22 36504224 0 1 0 1 48 46 106 75 94 181
22 36504503 0 1 0 1 16 10 26 45 26 71
22 36504759 0 1 0 1 16 30 65 63 46 128
22 36511051 0 1 0 1 47 47 84 99 94 183
22 36516412 0 1 0 1 9 5 15 18 14 33
22 36516583 0 1 0 1 26 32 81 72 58 153
22 36520706 0 1 0 1 20 18 47 41 38 88
22 36523296 0 1 0 1 45 40 87 95 85 182
22 36523400 0 1 0 1 12 13 31 34 25 65
22 36524052 0 1 0 1 13 28 54 85 41 139
22 36524153 0 1 0 1 6 9 7 31 15 38
22 36524787 0 1 0 1 30 32 61 69 62 130
22 36524835 0 1 0 1 12 13 38 34 25 72
22 36524864 0 1 0 0 2 11 0 44 13 44
22 36525567 0 1 0 1 24 30 53 56 54 109
22 36526005 0 1 0 1 28 20 71 61 48 132
22 36526158 0 1 0 1 11 10 33 38 21 71
22 36537621 0 1 0 1 15 12 38 28 27 66
22 36566306 0 1 0 1 20 30 69 69 50 138
22 36763775 0 1 0 1 11 15 39 43 26 82
22 36767285 0 1 0 1 44 41 77 103 85 180
22 36775567 0 1 0 1 32 24 83 71 56 154
22 36800827 0 1 0 1 12 14 42 49 26 91
22 36800927 0 1 0 1 15 17 44 43 32 87
22 36922384 0 1 0 1 8 5 17 30 13 47
22 36922404 0 1 0 1 8 5 13 21 13 34
22 36923383 0 1 0 1 26 28 69 64 54 133
22 36923905 0 1 0 1 26 18 52 66 44 118
22 36932924 0 1 0 1 23 28 61 57 51 118
22 36932926 0 1 0 1 27 22 54 59 49 113
22 36933957 0 1 0 1 17 30 71 68 47 139
22 36934040 0 1 0 1 13 11 40 48 24 88
22 36935263 0 1 0 1 24 15 42 70 39 112
22 36950572 0 1 0 1 10 9 26 29 19 55
22 36950608 0 1 0 1 11 10 47 40 21 87
22 36952886 0 1 0 1 11 15 33 49 26 82
22 37053109 0 1 0 0 13 42 0 159 55 159
22 37066886 0 1 0 1 42 36 89 84 78 173
22 37066896 0 1 0 1 40 40 91 86 80 177
22 37075015 0 1 0 1 5 8 15 16 13 31
22 37086270 0 1 0 0 2 34 0 126 36 126
22 37086418 0 1 0 1 21 11 43 44 32 87
22 37137783 0 1 0 1 10 11 38 48 21 86
22 37185343 0 1 0 1 22 23 60 56 45 116
22 37231999 0 1 0 0 2 37 0 149 39 149
22 37282510 0 1 0 1 16 13 41 50 29 91
22 37282524 0 1 0 1 16 16 48 57 32 105
22 37282620 0 1 0 1 29 19 62 60 48 122
22 37295970 0 1 0 1 21 49 71 66 70 137
22 37299215 0 1 0 1 15 26 44 76 41 120
22 37311031 0 1 0 1 55 44 98 93 99 191
22 37311099 0 1 0 1 37 46 111 76 83 187
22 37374386 0 1 0 1 52 41 91 83 93 174
22 37375118 0 1 0 1 64 40 94 91 104 185
22 37495703 0 1 0 1 20 10 54 45 30 99
22 37496363 0 1 0 1 14 8 26 41 22 67
22 37503094 0 1 0 1 18 26 57 54 44 111
22 37503989 0 1 0 1 20 26 46 63 46 109
22 37503999 0 1 0 1 23 30 47 73 53 120
22 37504269 0 1 0 1 8 16 41 44 24 85
22 37504600 0 1 0 1 47 31 88 87 78 175
22 37504755 0 1 0 1 36 22 62 66 58 128
22 37508688 0 1 0 1 7 6 30 29 13 59
22 37568292 0 1 0 1 6 24 61 50 30 111
22 37619664 0 1 0 1 22 12 29 43 34 72
22 37631067 0 1 0 0 2 13 0 68 15 68
22 37647437 0 1 0 1 24 19 75 49 43 124
22 37650688 0 1 0 1 15 10 37 43 25 80
22 37691252 0 1 0 0 2 37 0 138 39 138
22 37691254 0 1 0 0 2 36 0 137 38 137
22 37691255 0 1 0 0 2 37 0 135 39 135
22 37710438 0 1 0 0 2 25 0 107 27 107
22 37725033 0 1 0 1 42 40 88 102 82 190
22 37733371 0 1 0 0 2 29 0 124 31 124
22 37735393 0 1 0 0 2 26 0 128 28 128
22 37751666 0 1 0 1 8 12 37 27 20 64
22 37886890 0 1 0 1 6 9 37 36 15 73
22 37925799 0 1 0 1 8 4 38 31 12 69
22 37953062 0 1 0 0 2 14 0 65 16 65
22 37959332 0 1 0 0 3 89 0 180 92 180
22 37959337 0 1 0 0 3 89 0 182 92 182
22 38059462 0 1 0 1 11 14 29 38 25 67
22 38081335 0 1 0 1 20 14 51 48 34 99
22 38081923 0 1 0 1 22 27 65 61 49 126
22 38089057 0 1 0 1 10 8 42 36 18 78
22 38089147 0 1 0 0 2 14 0 65 16 65
22 38094049 0 1 0 1 9 10 27 28 19 55
22 38108311 0 1 0 0 2 32 0 131 34 131
22 38108365 0 1 0 1 15 19 48 58 34 106
22 38143034 0 1 0 1 11 17 35 40 28 75
22 38167965 0 1 0 1 33 38 86 85 71 171
22 38213943 0 1 0 1 4 11 23 24 15 47
22 38214984 0 1 0 0 2 32 0 121 34 121
22 38215073 0 1 0 1 17 22 52 68 39 120
22 38369911 0 1 0 0 2 7 0 38 9 38
22 38427131 0 1 0 1 29 47 96 95 76 191
22 38481456 0 1 0 1 29 35 77 70 64 147
22 38493652 0 1 0 1 39 36 86 86 75 172
22 38549941 0 1 0 0 2 10 0 64 12 64
22 38566546 0 1 0 1 24 24 71 46 48 117
22 38597365 0 1 0 1 24 14 56 52 38 108
22 38607490 0 1 0 1 28 29 62 51 57 113
22 38638862 0 1 0 1 33 33 65 92 66 157
22 38668204 0 1 0 1 8 10 31 30 18 61
22 38668225 0 1 0 1 6 6 22 24 12 46
22 38670815 0 1 0 1 4 7 25 17 11 42
22 38673176 0 1 0 1 14 8 44 35 22 79
22 38724181 0 1 0 0 2 13 0 56 15 56
22 38729453 0 1 0 0 2 26 0 114 28 114
22 38730503 0 1 0 1 12 17 53 48 29 101
22 38735198 0 1 0 0 2 16 0 70 18 70
22 38738202 0 1 0 1 48 75 97 100 123 197
22 38738710 0 1 0 1 26 26 76 59 52 135
22 38745595 0 1 0 1 12 19 53 44 31 97
22 38751230 0 1 0 1 44 42 93 95 86 188
22 38828243 0 1 0 1 19 27 53 55 46 108
22 38871373 0 1 0 1 3 7 17 16 10 33
22 38949194 0 1 0 1 9 9 34 32 18 66
22 38949198 0 1 0 1 10 10 36 31 20 67
22 38962236 0 1 0 1 2 15 13 64 17 77
22 38985821 0 1 0 1 27 20 61 60 47 121
22 38985994 0 1 0 1 3 37 11 79 40 90
22 38991553 0 1 0 1 20 70 52 119 90 171
22 39018219 0 1 0 1 11 5 37 41 16 78
22 39018235 0 1 0 1 13 9 40 44 22 84
22 39025056 0 1 0 1 10 12 27 26 22 53
22 39032032 0 1 0 1 14 19 42 41 33 83
22 39052487 0 1 0 0 2 15 0 59 17 59
22 39081118 0 1 0 1 57 40 94 100 97 194
22 39087319 0 1 0 1 28 29 74 90 57 164
22 39100194 0 1 0 1 10 6 22 29 16 51
22 39100331 0 1 0 1 35 35 80 86 70 166
22 39100407 0 1 0 1 25 14 46 68 39 114
22 39101399 0 1 0 1 7 11 52 51 18 103
22 39101447 0 1 0 1 3 8 34 41 11 75
22 39101449 0 1 0 1 3 7 32 42 10 74
22 39102033 0 1 0 1 28 19 64 46 47 110
22 39103648 0 1 0 1 16 14 48 46 30 94
22 39103758 0 1 0 1 27 32 79 83 59 162
22 39155793 0 1 0 1 2 9 18 25 11 43
22 39156070 0 1 0 1 8 14 32 32 22 64
22 39233324 0 1 0 1 5 10 21 19 15 40
22 39243848 0 1 0 1 35 31 88 63 66 151
22 39316931 0 1 0 1 21 30 54 56 51 110
22 39570851 0 1 0 1 12 13 40 44 25 84
22 39573890 0 1 0 1 10 11 41 30 21 71
22 39647807 0 1 0 1 15 17 49 52 32 101
22 39659371 0 1 0 0 2 26 0 104 28 104
22 39681083 0 1 0 1 6 17 46 41 23 87
22 40021776 0 1 0 1 31 37 60 94 68 154
22 40021816 0 1 0 1 22 28 65 70 50 135
22 40021975 0 1 0 0 2 19 0 87 21 87
22 40308650 0 1 0 0 2 20 0 81 22 81
22 40346827 0 1 0 1 8 5 14 15 13 29
22 40363229 0 1 0 1 6 7 15 16 13 31
22 40404514 0 1 0 1 63 57 85 112 120 197
22 40404540 0 1 0 1 59 54 87 100 113 187
22 40406735 0 1 0 1 15 31 59 65 46 124
22 40407363 0 1 0 1 44 36 89 85 80 174
22 40407902 0 1 0 0 2 16 0 71 18 71
22 40418590 0 1 0 1 38 29 106 65 67 171
22 40423459 0 1 0 0 2 9 0 48 11 48
22 40423512 0 1 0 0 2 12 0 77 14 77
22 40436371 0 1 0 1 48 37 76 78 85 154
22 40819179 0 1 0 1 16 17 50 44 33 94
22 40827336 0 1 0 0 2 18 0 79 20 79
22 40844831 0 1 0 1 52 46 70 89 98 159
22 40850948 0 1 0 1 8 10 27 28 18 55
22 40906969 0 1 0 1 12 17 47 47 29 94
22 41064485 0 1 0 1 20 16 51 46 36 97
22 41074309 0 1 0 1 14 6 35 33 20 68
22 41074518 0 1 0 1 6 12 42 45 18 87
22 41074999 0 1 0 1 6 5 17 23 11 40
22 41075062 0 1 0 1 4 6 24 18 10 42
22 41338151 0 1 0 0 2 22 0 97 24 97
22 41357465 0 1 0 0 3 20 0 49 23 49
22 41433739 0 1 0 0 2 20 0 89 22 89
22 41938949 0 1 0 0 8 14 0 36 22 36
22 41945304 0 1 0 1 41 39 2 126 80 128
22 41958385 0 1 0 0 37 30 0 115 67 115
22 41992822 0 1 0 1 24 24 2 90 48 92
22 41994089 0 1 1 1 6 4 33 0 10 33
22 41994205 0 1 0 1 41 46 2 139 87 141
22 41994221 0 1 0 1 46 53 2 152 99 154
22 41996807 0 1 0 1 38 29 3 112 67 115
22 42001602 0 1 0 1 2 12 28 34 14 62
22 42001608 0 1 0 1 2 13 28 34 15 62
22 42020052 0 1 1 1 33 44 132 2 77 134
22 42027106 0 1 1 1 30 22 82 2 52 84
22 42032723 0 1 1 1 23 26 83 2 49 85
22 42067362 0 1 1 1 22 18 80 0 40 80
22 42067685 0 1 1 1 10 11 23 0 21 23
22 42067810 0 1 1 1 33 33 101 2 66 103
22 42077599 0 1 1 1 43 48 135 4 91 139
22 42078134 0 1 0 0 8 4 0 39 12 39
22 42126963 0 1 1 1 22 19 62 3 41 65
22 42127001 0 1 0 0 8 12 0 36 20 36
22 42127503 0 1 0 1 19 51 4 102 70 106
22 42127512 0 1 0 1 22 57 4 111 79 115
22 42127803 0 1 0 1 21 19 3 90 40 93
22 42127941 0 1 0 1 24 25 2 82 49 84
22 42129130 0 1 0 0 17 26 0 86 43 86
22 42130578 0 1 0 0 3 10 0 43 13 43
22 42130583 0 1 0 0 2 12 0 48 14 48
22 42141104 0 1 0 0 9 19 0 42 28 42
22 42141117 0 1 0 0 11 19 0 43 30 43
22 42141587 0 1 0 0 17 13 0 65 30 65
22 42142019 0 1 0 0 6 44 0 147 50 147
22 42142093 0 1 0 0 14 18 0 69 32 69
22 42142668 0 1 0 0 5 16 0 48 21 48
22 42142703 0 1 0 0 6 9 0 43 15 43
22 42144194 0 1 0 0 4 13 0 34 17 34
22 42144210 0 1 0 0 5 19 0 41 24 41
22 42150313 0 1 0 1 12 17 3 64 29 67
22 42150811 0 1 0 1 27 64 67 69 91 136
22 42150820 0 1 0 1 27 63 67 70 90 137
22 42151663 0 1 1 1 17 14 46 2 31 48
22 42214093 0 1 0 1 40 46 3 153 86 156
22 42387013 0 1 0 0 16 27 0 111 43 111
22 42509171 0 1 0 1 22 33 49 54 55 103
22 42516023 0 1 0 1 12 46 53 52 58 105
22 42516130 0 1 0 1 26 55 72 71 81 143
22 42552173 0 1 0 0 9 8 0 35 17 35
22 42566350 0 1 0 0 9 13 0 36 22 36
22 42630786 0 1 0 0 5 6 1 34 11 35
22 42692543 0 1 0 1 8 10 2 39 18 41
22 42692965 0 1 1 1 31 39 137 2 70 139
22 42693049 0 1 1 1 30 35 120 2 65 122
22 42693843 0 1 1 1 59 41 137 3 100 140
22 42799141 0 1 1 1 49 64 144 3 113 147
22 42807131 0 1 1 1 19 21 76 1 40 77
22 42810944 0 1 1 1 42 26 100 1 68 101
22 42822457 0 1 1 1 25 51 110 1 76 111
22 42879244 0 1 1 1 41 24 98 1 65 99
22 42882156 0 1 1 1 16 27 94 4 43 98
22 42882214 0 1 1 1 22 26 109 3 48 112
22 42890870 0 1 1 1 6 10 44 0 16 44
22 42893467 0 1 1 1 11 10 37 0 21 37
22 43046593 0 1 1 1 14 23 75 2 37 77
22 43059525 0 1 1 1 20 36 101 6 56 107
22 43063840 0 1 1 1 36 34 95 4 70 99
22 43418238 0 1 0 0 9 10 0 32 19 32
22 43540339 0 1 1 1 36 23 124 2 59 126
22 43554973 0 1 0 1 29 32 3 116 61 119
22 43580516 0 1 0 1 19 14 2 84 33 86
22 43683765 0 1 1 1 22 19 51 0 41 51
22 43928796 0 1 0 0 30 43 0 127 73 127
22 44093780 0 1 0 0 3 33 0 67 36 67
22 44193977 0 1 0 0 10 13 0 40 23 40
22 44198704 0 1 1 1 49 63 165 3 112 168
22 44205619 0 1 0 1 46 35 3 103 81 106
22 44206121 0 1 1 1 8 5 28 0 13 28
22 44285732 0 1 0 1 19 21 2 93 40 95
22 44365917 0 1 0 0 33 37 0 112 70 112
22 44366004 0 1 1 1 17 13 44 0 30 44
22 44497262 0 1 0 0 45 34 0 129 79 129
22 44786288 0 1 0 0 3 9 0 29 12 29
22 44786306 0 1 0 0 5 10 0 40 15 40
22 44786314 0 1 0 0 6 11 0 45 17 45
22 44786325 0 1 0 0 8 9 0 52 17 52
22 44786335 0 1 0 0 10 15 0 62 25 62
22 44802129 0 1 0 1 33 47 2 147 80 149
22 44822343 0 1 1 1 34 34 94 1 68 95
22 44847900 0 1 1 1 32 39 100 3 71 103
22 44848121 0 1 1 1 11 17 41 0 28 41
22 44859847 0 1 1 1 13 25 93 0 38 93
22 44859889 0 1 0 0 18 9 0 57 27 57
22 44859899 0 1 1 1 9 17 45 0 26 45
22 44862444 0 1 0 1 36 49 5 127 85 132
22 44862659 0 1 0 0 10 22 0 50 32 50
22 44885493 0 1 0 0 2 15 0 67 17 67
22 44920627 0 1 1 1 6 10 35 1 16 36
22 45183541 0 1 0 0 25 22 0 87 47 87
22 45197174 0 1 0 1 19 16 3 69 35 72
22 45199840 0 1 0 1 32 37 3 125 69 128
22 45213096 0 1 0 0 6 7 0 34 13 34
22 45289121 0 1 0 1 37 39 4 123 76 127
22 45327999 0 1 0 1 3 62 4 103 65 107
22 45328017 0 1 0 1 9 51 12 73 60 85
22 45328039 0 1 0 1 6 37 10 48 43 58
22 45328066 0 1 0 1 16 15 16 35 31 51
22 45328081 0 1 0 1 3 26 8 40 29 48
22 45328099 0 1 0 1 17 6 22 15 23 37
22 45328312 0 1 0 1 9 8 14 16 17 30
22 45328313 0 1 0 1 3 15 4 28 18 32
22 45328325 0 1 0 1 6 15 4 34 21 38
22 45502194 0 1 1 1 29 42 113 2 71 115
22 45517514 0 1 0 0 9 5 0 26 14 26
22 45518661 0 1 1 1 23 42 92 2 65 94
22 45518795 0 1 1 1 36 49 136 2 85 138
22 45518812 0 1 1 1 29 41 123 2 70 125
22 45522997 0 1 0 0 13 20 0 47 33 47
22 45718518 0 1 1 1 62 39 144 3 101 147
22 45793310 0 1 0 0 19 8 0 25 27 25
22 45823148 0 1 1 1 38 38 135 0 76 135
22 46007100 0 1 1 1 29 42 98 5 71 103
22 46090961 0 1 0 0 14 14 0 60 28 60
22 46103226 0 1 1 1 25 33 95 0 58 95
22 46278706 0 1 1 1 22 21 71 1 43 72
22 46289478 0 1 0 1 19 19 5 78 38 83
22 46323157 0 1 0 1 32 49 4 122 81 126
22 46326503 0 1 0 0 43 30 0 119 73 119
22 46335874 0 1 0 0 26 37 0 141 63 141
22 46335894 0 1 0 0 25 43 0 143 68 143
22 46364584 0 1 0 0 11 15 0 67 26 67
22 46365600 0 1 0 0 13 12 0 76 25 76
22 46369128 0 1 0 1 12 13 3 48 25 51
22 46369981 0 1 0 1 23 21 3 88 44 91
22 46373108 0 1 0 1 12 13 3 52 25 55
22 46381995 0 1 0 0 20 26 0 88 46 88
22 46384624 0 1 0 0 32 27 0 111 59 111
22 46386485 0 1 0 0 34 17 0 97 51 97
22 46390418 0 1 0 1 14 20 3 68 34 71
22 46391797 0 1 0 0 23 27 0 105 50 105
22 46391800 0 1 0 0 24 26 0 104 50 104
22 46394132 0 1 0 0 20 15 0 69 35 69
22 46463106 0 1 0 0 10 8 0 30 18 30
22 46481264 0 1 0 1 2 18 9 18 20 27
22 46481273 0 1 0 1 2 19 10 24 21 34
22 46481274 0 1 0 1 2 20 12 23 22 35
22 46481286 0 1 0 1 2 23 10 29 25 39
22 46481290 0 1 0 1 2 26 10 32 28 42
22 46481301 0 1 0 1 2 27 10 39 29 49
22 46481304 0 1 0 1 2 27 10 42 29 52
22 46481349 0 1 0 1 2 41 10 59 43 69
22 46533795 0 1 0 1 61 75 2 179 136 181
22 46535941 0 1 0 1 33 31 2 109 64 111
22 46661300 0 1 0 0 47 43 0 129 90 129
22 46665762 0 1 1 1 16 15 58 0 31 58
22 46668768 0 1 1 1 23 31 93 3 54 96
22 46671023 0 1 1 1 19 42 94 1 61 95
22 46674745 0 1 0 1 18 39 3 106 57 109
22 46675634 0 1 0 0 22 20 0 64 42 64
22 46691773 0 1 1 1 8 14 19 0 22 19
22 46762960 0 1 0 0 2 9 0 41 11 41
22 46793781 0 1 0 0 13 16 0 55 29 55
22 46878742 0 1 0 0 17 20 0 50 37 50
22 46891473 0 1 0 1 15 28 2 76 43 78
22 46916038 0 1 0 0 16 8 0 37 24 37
22 47379154 0 1 0 1 3 10 9 19 13 28
22 47379155 0 1 0 1 7 6 13 14 13 27
22 47379161 0 1 1 1 11 4 22 6 15 28
22 47379219 0 1 0 1 2 14 4 24 16 28
22 47379235 0 1 0 1 7 9 12 15 16 27
22 47379326 0 1 0 1 2 14 3 26 16 29
22 47379329 0 1 0 1 8 10 11 22 18 33
22 47379338 0 1 0 1 7 9 8 25 16 33
22 47379344 0 1 0 1 5 11 10 17 16 27
22 47379353 0 1 0 1 2 14 7 19 16 26
22 47379356 0 1 0 1 2 13 4 23 15 27
22 47461908 0 1 0 1 2 10 3 29 12 32
22 47625458 0 1 0 1 38 28 3 113 66 116
22 47627548 0 1 1 1 36 59 132 7 95 139
22 48544741 0 1 1 1 48 61 155 2 109 157
22 48544832 0 1 1 1 26 28 113 2 54 115
22 48546754 0 1 1 1 8 7 27 0 15 27
22 48646504 0 1 0 0 9 6 0 28 15 28
22 48850638 0 1 1 1 10 14 37 0 24 37
22 49272059 0 1 1 1 6 14 58 0 20 58
22 49441098 0 1 0 1 65 45 2 172 110 174
22 49543536 0 1 1 1 33 25 84 4 58 88
22 49543635 0 1 1 1 6 14 33 0 20 33
22 49624849 0 1 0 0 37 33 0 123 70 123
22 49823739 0 1 1 1 55 61 164 3 116 167
22 49883875 0 1 1 1 58 60 161 3 118 164
22 49884920 0 1 0 1 51 23 2 131 74 133
22 49884994 0 1 0 1 56 25 2 144 81 146
22 49886488 0 1 0 1 60 75 3 179 135 182
22 49903787 0 1 1 1 37 47 159 1 84 160
22 49907828 0 1 1 1 28 31 94 2 59 96
22 49909867 0 1 1 1 16 22 92 0 38 92
22 49909882 0 1 1 1 19 22 100 0 41 100
22 49909885 0 1 1 1 19 23 100 0 42 100
22 49913292 0 1 1 1 9 12 33 1 21 34
22 49913321 0 1 1 1 14 19 59 1 33 60
22 49913667 0 1 1 1 37 24 129 2 61 131
22 49919221 0 1 1 1 14 25 80 2 39 82
22 49919331 0 1 1 1 21 32 76 1 53 77
22 49919366 0 1 1 1 10 27 52 1 37 53
22 49919790 0 1 1 1 14 21 50 0 35 50
22 49921580 0 1 1 1 31 39 117 1 70 118
22 49921715 0 1 1 1 20 23 78 5 43 83
22 49922721 0 1 1 1 21 14 46 2 35 48
22 49923401 0 1 1 1 32 35 120 1 67 121
22 49925298 0 1 1 1 6 11 32 1 17 33
22 49927295 0 1 1 1 14 19 64 0 33 64
22 50016396 0 1 1 1 16 14 35 1 30 36
22 50030504 0 1 1 1 13 9 46 1 22 47
22 50041679 0 1 0 1 47 28 3 125 75 128
22 50045421 0 1 0 0 20 25 0 101 45 101
22 50045460 0 1 0 0 12 11 0 57 23 57
22 50061538 0 1 1 1 9 5 30 1 14 31
22 50074188 0 1 1 1 24 15 87 0 39 87
22 50077337 0 1 1 1 18 15 54 2 33 56
22 50077379 0 1 1 1 24 25 82 2 49 84
22 50090068 0 1 1 1 9 14 21 4 23 25
22 50090140 0 1 1 1 12 22 48 4 34 52
22 50090487 0 1 1 1 27 29 97 1 56 98
22 50092072 0 1 1 1 36 41 150 7 77 157
22 50092222 0 1 0 0 15 16 0 50 31 50
22 50108237 0 1 1 1 39 60 150 1 99 151
22 50108415 0 1 1 1 35 37 99 2 72 101
22 50108439 0 1 1 1 25 30 77 2 55 79
22 50108471 0 1 1 1 15 15 48 1 30 49
22 50113849 0 1 1 1 21 15 50 1 36 51
22 50115085 0 1 1 1 22 12 72 0 34 72
22 50117206 0 1 1 1 28 40 108 3 68 111
22 50120517 0 1 1 1 31 45 116 0 76 116
22 50126081 0 1 1 1 14 15 26 1 29 27
22 50128352 0 1 1 1 14 12 29 1 26 30
22 50128406 0 1 1 1 27 21 59 2 48 61
22 50133977 0 1 0 0 48 46 0 151 94 151
22 50134044 0 1 1 1 51 55 143 0 106 143
22 50134652 0 1 1 1 33 27 99 3 60 102
22 50143278 0 1 1 1 20 14 70 0 34 70
22 50144121 0 1 1 1 57 65 164 4 122 168
22 50144197 0 1 1 1 32 41 95 2 73 97
22 50144201 0 1 1 1 32 40 92 2 72 94
22 50145772 0 1 1 1 14 12 61 1 26 62
22 50147013 0 1 1 1 21 41 99 2 62 101
22 50149550 0 1 0 0 16 27 0 82 43 82
22 50149724 0 1 1 1 15 18 51 0 33 51
22 50150767 0 1 0 0 19 19 0 76 38 76
22 50160682 0 1 0 0 7 12 0 43 19 43
22 50160732 0 1 0 0 3 47 0 96 50 96
22 50160734 0 1 0 0 3 48 0 98 51 98
22 50160738 0 1 0 0 3 50 0 99 53 99
22 50161037 0 1 1 1 14 32 78 2 46 80
22 50194440 0 1 1 1 41 58 149 2 99 151
22 50194619 0 1 0 0 8 9 0 41 17 41
22 50208507 0 1 0 0 10 30 0 72 40 72
22 50210148 0 1 0 0 9 6 1 33 15 34
22 50217624 0 1 0 0 28 25 0 119 53 119
22 50220065 0 1 0 0 23 18 0 81 41 81
22 50220827 0 1 0 1 2 103 3 146 105 149
22 50221138 0 1 0 0 4 142 0 196 146 196
22 50221708 0 1 1 1 25 38 117 2 63 119
22 50226183 0 1 0 1 58 58 4 167 116 171
22 50245867 0 1 0 0 14 14 0 57 28 57
22 50246279 0 1 0 0 16 27 0 78 43 78
22 50249919 0 1 0 1 33 28 3 124 61 127
22 50258219 0 1 0 0 48 37 0 138 85 138
22 50276309 0 1 0 1 3 13 10 27 16 37
22 50276314 0 1 0 1 4 11 3 35 15 38
22 50276321 0 1 0 1 3 11 10 21 14 31
22 50276322 0 1 0 1 11 7 23 10 18 33
22 50276351 0 1 0 1 13 5 21 15 18 36
22 50276357 0 1 0 1 3 19 4 34 22 38
22 50276362 0 1 0 1 4 20 3 30 24 33
22 50276394 0 1 0 1 3 14 6 27 17 33
22 50276397 0 1 0 1 6 10 10 18 16 28
22 50276400 0 1 0 1 2 14 3 22 16 25
22 50276401 0 1 0 1 4 13 6 21 17 27
22 50276402 0 1 0 1 8 7 11 15 15 26
22 50283705 0 1 1 1 64 54 162 2 118 164
22 50313497 0 1 0 0 5 13 0 49 18 49
22 50313721 0 1 0 0 21 8 0 77 29 77
22 50313740 0 1 0 0 21 18 0 91 39 91
22 50314253 0 1 0 0 3 67 0 121 70 121
22 50314905 0 1 0 0 16 9 0 58 25 58
22 50316219 0 1 0 1 43 20 3 114 63 117
22 50318919 0 1 1 1 29 36 131 3 65 134
22 50422136 0 1 0 0 6 8 0 35 14 35
22 50422144 0 1 0 0 9 9 0 40 18 40
22 50422154 0 1 0 0 12 14 0 48 26 48
22 50432191 0 1 0 1 16 16 2 48 32 50
22 50436464 0 1 1 1 21 19 86 2 40 88
22 50438097 0 1 1 1 10 8 42 0 18 42
22 50438326 0 1 0 1 25 24 2 71 49 73
22 50439628 0 1 1 1 5 8 31 1 13 32
22 50439767 0 1 1 1 24 15 76 1 39 77
22 50444161 0 1 1 1 39 35 140 2 74 142
22 50447346 0 1 1 1 43 31 143 5 74 148
22 50456591 0 1 0 1 20 21 2 69 41 71
22 50456704 0 1 1 1 19 17 60 0 36 60
22 50461329 0 1 1 1 6 12 51 11 18 62
22 50462830 0 1 1 1 10 0 58 0 10 58
22 50467719 0 1 0 0 3 20 0 47 23 47
22 50468488 0 1 1 1 7 12 45 1 19 46
22 50482876 0 1 1 1 25 20 79 2 45 81
22 50489576 0 1 0 1 29 20 2 102 49 104
22 50505699 0 1 1 1 35 55 137 1 90 138
22 50505734 0 1 1 1 43 58 146 0 101 146
22 50526017 0 1 1 1 5 14 26 2 19 28
22 50548218 0 1 1 1 27 42 126 2 69 128
22 50548858 0 1 1 1 20 29 76 4 49 80
22 50549414 0 1 0 0 46 34 0 140 80 140
22 50549764 0 1 0 1 15 26 3 76 41 79
22 50572947 0 1 1 1 33 32 107 2 65 109
22 50573507 0 1 1 1 14 21 67 1 35 68
22 50576781 0 1 1 1 5 9 38 0 14 38
22 50577669 0 1 1 1 12 9 58 1 21 59
22 50582829 0 1 1 1 11 6 31 0 17 31
22 50604055 0 1 0 1 19 21 2 69 40 71
22 50604850 0 1 1 1 9 8 47 1 17 48
22 50606762 0 1 1 1 16 18 62 0 34 62
22 50607005 0 1 1 1 8 11 49 0 19 49
22 50610353 0 1 1 1 9 14 37 0 23 37
22 50625559 0 1 1 1 25 37 118 2 62 120
22 50625611 0 1 1 1 46 41 147 1 87 148
22 50625713 0 1 1 1 21 11 83 1 32 84
22 50626390 0 1 1 1 7 7 28 2 14 30
22 50711739 0 1 0 0 9 13 0 26 22 26
22 50723963 0 1 1 1 10 9 32 1 19 33
22 50740572 0 1 0 0 6 8 0 34 14 34
22 50744057 0 1 1 1 3 45 18 4 48 22
22 50808174 0 1 0 1 6 12 10 14 18 24
22 50808180 0 1 0 1 9 11 19 13 20 32
22 50808186 0 1 0 1 8 17 7 37 25 44
22 50808210 0 1 0 1 3 41 3 65 44 68
22 50808222 0 1 0 1 2 46 5 64 48 69
22 50808228 0 1 0 1 3 42 5 69 45 74
22 50808240 0 1 0 1 4 42 7 64 46 71
22 50808246 0 1 0 1 4 39 14 57 43 71
22 50808252 0 1 0 1 5 35 9 48 40 57
22 50808263 0 1 0 1 6 24 8 35 30 43
