chr pos bloodGT1 bloodGT2 tumorGT1 tumorGT2 AN BN AT BT sN sT
4 442278 0 1 0 1 55 38 88 85 93 173
4 670119 0 1 0 1 18 31 73 60 49 133
4 761237 0 1 0 1 21 13 39 36 34 75
4 761422 0 1 0 1 36 47 96 77 83 173
4 765933 0 1 0 1 15 11 44 42 26 86
4 766084 0 1 0 1 39 33 73 80 72 153
4 852053 0 1 0 1 8 10 21 27 18 48
4 865078 0 1 0 1 14 28 58 79 42 137
4 868714 0 1 0 1 7 9 28 29 16 57
4 870829 0 1 0 0 3 70 0 150 73 150
4 877836 0 1 0 1 19 26 54 60 45 114
4 881883 0 1 0 1 14 15 52 27 29 79
4 882099 0 1 0 1 11 16 34 42 27 76
4 882530 0 1 0 1 11 10 21 28 21 49
4 947730 0 1 0 1 5 10 27 28 15 55
4 948218 0 1 0 1 23 24 67 66 47 133
4 958159 0 1 0 1 30 26 86 77 56 163
4 960523 0 1 0 1 13 8 28 41 21 69
4 960953 0 1 0 1 18 9 42 33 27 75
4 966754 0 1 0 1 14 27 48 71 41 119
4 966925 0 1 0 1 7 14 45 43 21 88
4 967585 0 1 0 1 31 33 70 70 64 140
4 967788 0 1 0 0 2 30 0 119 32 119
4 968910 0 1 0 0 2 33 0 130 35 130
4 986676 0 1 0 1 4 6 26 17 10 43
4 989064 0 1 0 1 20 28 87 62 48 149
4 989272 0 1 0 1 29 44 83 82 73 165
4 990021 0 1 0 1 37 33 61 89 70 150
4 991939 0 1 0 1 24 43 66 90 67 156
4 1058312 0 1 0 1 17 15 42 46 32 88
4 1081483 0 1 0 1 29 42 79 71 71 150
4 1170489 0 1 0 1 16 18 59 60 34 119
4 1171342 0 1 0 1 11 24 45 42 35 87
4 1171976 0 1 0 1 20 17 62 70 37 132
4 1200798 0 1 0 1 47 43 90 91 90 181
4 1223268 0 1 0 1 2 16 22 21 18 43
4 1236882 0 1 0 1 2 17 13 47 19 60
4 1237361 0 1 0 0 3 17 0 50 20 50
4 1237362 0 1 0 0 4 15 0 46 19 46
4 1249829 0 1 0 1 8 11 32 37 19 69
4 1250479 0 1 0 1 9 4 19 22 13 41
4 1251091 0 1 0 1 47 28 87 92 75 179
4 1297852 0 1 0 1 7 12 27 34 19 61
4 1297923 0 1 0 1 19 25 52 75 44 127
4 1298003 0 1 0 1 31 35 78 89 66 167
4 1327728 0 1 0 1 30 42 83 52 72 135
4 1349932 0 1 0 1 8 4 27 17 12 44
4 1351859 0 1 0 1 8 4 26 26 12 52
4 1376097 0 1 0 1 19 14 46 46 33 92
4 1379963 0 1 0 1 8 7 27 38 15 65
4 1394536 0 1 0 1 4 56 9 152 60 161
4 1394562 0 1 0 1 12 48 34 138 60 172
4 1394625 0 1 0 1 20 29 69 72 49 141
4 1394641 0 1 0 1 19 35 57 80 54 137
4 1394843 0 1 0 1 10 45 12 109 55 121
4 1394847 0 1 0 1 10 48 12 106 58 118
4 1394905 0 1 0 1 15 19 41 45 34 86
4 1394936 0 1 0 1 9 26 21 70 35 91
4 1394938 0 1 0 1 2 35 3 85 37 88
4 1394967 0 1 0 1 15 23 42 49 38 91
4 1394969 0 1 0 1 13 19 39 49 32 88
4 1394971 0 1 0 1 9 21 17 72 30 89
4 1395002 0 1 0 1 5 49 22 105 54 127
4 1395029 0 1 0 1 8 44 15 101 52 116
4 1395031 0 1 0 1 9 43 14 101 52 115
4 1395060 0 1 0 1 6 31 10 84 37 94
4 1395186 0 1 0 1 5 33 18 92 38 110
4 1395217 0 1 0 1 7 30 37 86 37 123
4 1395313 0 1 0 1 19 20 48 76 39 124
4 1395360 0 1 0 1 14 21 62 47 35 109
4 1395373 0 1 0 1 30 15 47 62 45 109
4 1395488 0 1 0 1 3 47 3 121 50 124
4 1403823 0 1 0 1 10 11 35 36 21 71
4 1641276 0 1 0 0 2 25 0 100 27 100
4 1696456 0 1 0 1 5 9 15 18 14 33
4 1717143 0 1 0 1 3 11 25 21 14 46
4 1717567 0 1 0 1 28 16 62 66 44 128
4 1717781 0 1 0 1 18 11 39 43 29 82
4 1717845 0 1 0 1 10 5 22 19 15 41
4 1719097 0 1 0 1 9 10 54 37 19 91
4 1727620 0 1 0 1 26 20 57 64 46 121
4 1727621 0 1 0 1 26 21 58 63 47 121
4 1727698 0 1 0 1 46 38 85 99 84 184
4 1727933 0 1 0 1 29 44 101 63 73 164
4 1728226 0 1 0 1 58 36 86 95 94 181
4 1728261 0 1 0 1 53 34 82 98 87 180
4 1728572 0 1 0 1 33 40 69 81 73 150
4 1730683 0 1 0 1 21 31 65 67 52 132
4 1731007 0 1 0 1 45 28 77 91 73 168
4 1731251 0 1 0 1 25 19 68 62 44 130
4 1735335 0 1 0 1 36 32 60 88 68 148
4 1735382 0 1 0 1 19 19 39 59 38 98
4 1735858 0 1 0 1 8 10 34 39 18 73
4 1737301 0 1 0 1 23 32 70 68 55 138
4 1737469 0 1 0 1 9 9 21 23 18 44
4 1737525 0 1 0 1 6 11 27 26 17 53
4 1737865 0 1 0 1 36 27 68 71 63 139
4 1740013 0 1 0 1 59 61 92 78 120 170
4 1745117 0 1 0 1 15 15 38 30 30 68
4 1807298 0 1 0 1 15 12 41 34 27 75
4 1823197 0 1 0 0 2 18 0 102 20 102
4 1984815 0 1 0 1 16 16 52 30 32 82
4 2072139 0 1 0 0 3 65 0 147 68 147
4 2240665 0 1 0 0 4 81 0 181 85 181
4 2273418 0 1 0 1 8 7 22 23 15 45
4 2273991 0 1 0 1 23 19 61 49 42 110
4 2274108 0 1 0 1 50 50 90 86 100 176
4 2304326 0 1 0 1 22 22 47 72 44 119
4 2304532 0 1 0 1 44 18 74 77 62 151
4 2320159 0 1 0 0 2 20 0 89 22 89
4 2335876 0 1 0 1 22 12 29 44 34 73
4 2335877 0 1 0 1 21 12 29 43 33 72
4 2339467 0 1 0 1 36 40 79 102 76 181
4 2341622 0 1 0 1 21 29 61 86 50 147
4 2355953 0 1 0 1 14 16 64 67 30 131
4 2437943 0 1 0 1 17 17 38 41 34 79
4 2438011 0 1 0 1 50 41 67 90 91 157
4 2438173 0 1 0 1 32 26 61 64 58 125
4 2438238 0 1 0 1 13 8 32 29 21 61
4 2445259 0 1 0 0 2 27 0 117 29 117
4 2458844 0 1 0 1 16 24 70 67 40 137
4 2459076 0 1 0 1 14 7 32 18 21 50
4 2511893 0 1 0 1 24 27 73 71 51 144
4 2511897 0 1 0 1 25 26 71 74 51 145
4 2657781 0 1 0 0 2 17 0 65 19 65
4 2696637 0 1 0 1 11 19 37 53 30 90
4 2715963 0 1 0 1 11 17 26 46 28 72
4 2742360 0 1 0 1 8 6 34 24 14 58
4 2744558 0 1 0 1 24 39 52 105 63 157
4 2744580 0 1 0 1 20 37 42 98 57 140
4 2820562 0 1 0 1 34 26 72 59 60 131
4 2820740 0 1 0 1 19 20 59 55 39 114
4 2824745 0 1 0 1 31 42 69 69 73 138
4 2825185 0 1 0 1 26 31 63 90 57 153
4 2826800 0 1 0 1 19 20 50 40 39 90
4 2827044 0 1 0 1 19 19 44 49 38 93
4 2827682 0 1 0 1 37 21 78 29 58 107
4 2829455 0 1 0 1 12 13 52 40 25 92
4 2829656 0 1 0 1 23 20 55 52 43 107
4 2830187 0 1 0 1 6 7 33 29 13 62
4 2832239 0 1 0 1 30 46 79 84 76 163
4 2899622 0 1 0 1 3 8 25 15 11 40
4 2904726 0 1 0 1 14 26 50 69 40 119
4 2904980 0 1 0 1 24 27 78 62 51 140
4 2915035 0 1 0 1 21 28 62 66 49 128
4 2926398 0 1 0 1 17 19 57 49 36 106
4 2926686 0 1 0 1 20 22 60 67 42 127
4 2931544 0 1 0 1 28 30 73 92 58 165
4 2931964 0 1 0 1 31 23 65 86 54 151
4 2932581 0 1 0 1 59 40 72 102 99 174
4 2933524 0 1 0 1 29 47 56 82 76 138
4 3027861 0 1 0 1 20 19 72 50 39 122
4 3037423 0 1 0 1 31 33 75 91 64 166
4 3127296 0 1 0 0 3 51 0 159 54 159
4 3146926 0 1 0 1 31 46 76 88 77 164
4 3160329 0 1 0 1 17 42 81 77 59 158
4 3178294 0 1 0 1 8 7 32 32 15 64
4 3212105 0 1 0 1 19 16 57 31 35 88
4 3214108 0 1 0 1 40 23 71 59 63 130
4 3215088 0 1 0 1 13 16 39 54 29 93
4 3223644 0 1 0 1 31 16 36 53 47 89
4 3223662 0 1 0 1 21 15 32 36 36 68
4 3225692 0 1 0 1 34 24 61 67 58 128
4 3229077 0 1 0 1 5 10 21 29 15 50
4 3233253 0 1 0 1 48 41 81 70 89 151
4 3233514 0 1 0 1 7 4 15 22 11 37
4 3238432 0 1 0 1 11 13 38 25 24 63
4 3492703 0 1 0 1 10 9 43 30 19 73
4 3493368 0 1 0 1 24 10 52 55 34 107
4 3493556 0 1 0 1 14 16 42 42 30 84
4 3514833 0 1 0 1 39 34 85 76 73 161
4 3768342 0 1 0 1 17 9 55 53 26 108
4 3910628 0 1 0 1 8 13 30 41 21 71
4 3921645 0 1 0 1 19 13 38 53 32 91
4 3921671 0 1 0 1 25 20 54 59 45 113
4 3921680 0 1 0 1 26 22 53 61 48 114
4 4057910 0 1 0 1 3 16 6 34 19 40
4 4057985 0 1 0 1 2 21 3 53 23 56
4 4127199 0 1 0 1 2 12 16 54 14 70
4 4172414 0 1 0 1 8 8 38 30 16 68
4 4198033 0 1 0 1 22 24 67 60 46 127
4 4226555 0 1 0 1 2 8 5 27 10 32
4 4247570 0 1 0 1 30 27 55 67 57 122
4 4247573 0 1 0 1 31 29 57 71 60 128
4 4247687 0 1 0 1 68 49 94 91 117 185
4 4247688 0 1 0 1 67 50 94 91 117 185
4 4247757 0 1 0 1 32 33 75 61 65 136
4 4248182 0 1 0 1 35 37 74 72 72 146
4 4248247 0 1 0 1 44 42 76 96 86 172
4 4248406 0 1 0 1 7 6 20 17 13 37
4 4391341 0 1 0 1 8 9 16 31 17 47
4 4409508 0 1 0 1 18 15 34 30 33 64
4 4409832 0 1 0 1 11 8 27 32 19 59
4 4416172 0 1 0 1 20 20 47 59 40 106
4 4421029 0 1 0 1 20 15 43 41 35 84
4 4434709 0 1 0 1 7 4 24 30 11 54
4 4461860 0 1 0 1 36 48 70 108 84 178
4 4471699 0 1 0 0 2 11 0 54 13 54
4 4859882 0 1 0 1 4 7 16 19 11 35
4 4862299 0 1 0 1 2 10 22 12 12 34
4 4862503 0 1 0 1 41 46 76 84 87 160
4 4862572 0 1 0 1 54 49 81 83 103 164
4 4863149 0 1 0 1 14 8 58 45 22 103
4 5019227 0 1 0 0 2 13 0 53 15 53
4 5398149 0 1 0 1 31 30 58 62 61 120
4 5416812 0 1 0 1 43 56 83 99 99 182
4 5446570 0 1 0 1 18 7 57 29 25 86
4 5460074 0 1 0 1 15 33 59 72 48 131
4 5499031 0 1 0 0 2 43 0 155 45 155
4 5615568 0 1 0 1 25 23 72 57 48 129
4 5615642 0 1 0 1 8 4 20 22 12 42
4 5622943 0 1 0 1 14 17 51 65 31 116
4 5640547 0 1 0 1 29 23 64 77 52 141
4 5665406 0 1 0 1 10 15 41 41 25 82
4 5665407 0 1 0 1 10 15 40 42 25 82
4 5685197 0 1 0 1 10 17 32 38 27 70
4 5685240 0 1 0 1 23 27 55 67 50 122
4 5685536 0 1 0 1 7 6 27 31 13 58
4 5689175 0 1 0 1 57 40 79 108 97 187
4 5719294 0 1 0 1 33 26 70 70 59 140
4 5731341 0 1 0 1 7 10 38 45 17 83
4 5752817 0 1 0 1 33 31 67 79 64 146
4 5752852 0 1 0 1 43 43 90 91 86 181
4 5801942 0 1 0 1 6 17 33 33 23 66
4 5802177 0 1 0 1 14 25 51 43 39 94
4 5811051 0 1 0 1 11 12 53 35 23 88
4 5828687 0 1 0 1 44 35 74 73 79 147
4 5839623 0 1 0 1 12 18 58 45 30 103
4 5861274 0 1 0 1 21 22 50 59 43 109
4 5861305 0 1 0 1 12 12 41 28 24 69
4 5923327 0 1 0 1 18 27 63 63 45 126
4 5988872 0 1 0 1 25 35 72 99 60 171
4 5989749 0 1 0 1 32 36 73 68 68 141
4 6050022 0 1 0 1 16 8 33 36 24 69
4 6085651 0 1 0 0 2 23 0 86 25 86
4 6112693 0 1 0 1 32 37 59 86 69 145
4 6112694 0 1 0 1 31 38 58 85 69 143
4 6112695 0 1 0 1 33 38 60 85 71 145
4 6535252 0 1 0 1 19 15 35 36 34 71
4 6535438 0 1 0 0 2 25 0 112 27 112
4 6611001 0 1 0 1 41 44 80 89 85 169
4 6923282 0 1 0 1 7 7 32 16 14 48
4 6954332 0 1 0 1 33 31 81 71 64 152
4 6954359 0 1 0 1 36 42 79 91 78 170
4 6954407 0 1 0 1 47 35 85 76 82 161
4 6994402 0 1 0 1 6 5 12 21 11 33
4 7010006 0 1 0 1 22 21 49 48 43 97
4 7010611 0 1 0 1 34 29 67 44 63 111
4 7061069 0 1 0 1 36 41 63 96 77 159
4 7310327 0 1 0 1 7 7 25 21 14 46
4 7310418 0 1 0 1 17 17 50 50 34 100
4 7459934 0 1 0 1 7 10 28 22 17 50
4 7460042 0 1 0 1 23 23 58 84 46 142
4 7661440 0 1 0 1 23 17 58 63 40 121
4 7664514 0 1 0 1 25 19 63 73 44 136
4 7667153 0 1 0 1 68 61 79 109 129 188
4 7667239 0 1 0 1 26 23 64 45 49 109
4 7715285 0 1 0 1 52 43 93 76 95 169
4 7717964 0 1 0 1 25 21 51 65 46 116
4 7723966 0 1 0 1 10 13 43 26 23 69
4 7726745 0 1 0 1 18 23 50 42 41 92
4 7726931 0 1 0 1 27 30 90 73 57 163
4 7727032 0 1 0 1 14 5 41 20 19 61
4 7729583 0 1 0 1 14 8 43 36 22 79
4 7729833 0 1 0 1 14 10 34 29 24 63
4 7733488 0 1 0 1 9 4 13 24 13 37
4 7734728 0 1 0 1 16 16 47 61 32 108
4 7735410 0 1 0 1 27 35 75 92 62 167
4 7735614 0 1 0 1 6 9 17 14 15 31
4 7737003 0 1 0 1 11 20 27 36 31 63
4 7737048 0 1 0 1 40 32 57 53 72 110
4 7740124 0 1 0 1 18 19 41 60 37 101
4 7781436 0 1 0 1 27 27 55 66 54 121
4 7800500 0 1 0 1 26 25 78 58 51 136
4 7855503 0 1 0 1 14 30 58 53 44 111
4 7967161 0 1 0 1 28 23 65 61 51 126
4 7967209 0 1 0 1 16 16 45 33 32 78
4 7967226 0 1 0 1 8 10 32 24 18 56
4 7983665 0 1 0 1 26 16 51 54 42 105
4 8008032 0 1 0 1 28 31 72 53 59 125
4 8029863 0 1 0 1 13 9 42 36 22 78
4 8060913 0 1 0 1 20 27 61 66 47 127
4 8061103 0 1 0 1 8 3 21 14 11 35
4 8127655 0 1 0 1 8 8 26 34 16 60
4 8158562 0 1 0 0 2 21 0 81 23 81
4 8158595 0 1 0 0 2 26 0 105 28 105
4 8212686 0 1 0 0 2 19 0 94 21 94
4 8214670 0 1 0 1 7 10 21 29 17 50
4 8216102 0 1 0 1 7 8 37 27 15 64
4 8219331 0 1 0 1 31 32 59 90 63 149
4 8226900 0 1 0 1 13 14 25 19 27 44
4 8227216 0 1 0 1 15 28 57 74 43 131
4 8227986 0 1 0 1 17 30 68 87 47 155
4 8228047 0 1 0 1 31 37 82 87 68 169
4 8228343 0 1 0 1 14 21 60 67 35 127
4 8228508 0 1 0 1 27 20 54 71 47 125
4 8232654 0 1 0 1 35 31 83 84 66 167
4 8237583 0 1 0 1 2 51 2 113 53 115
4 8282357 0 1 0 1 11 13 34 41 24 75
4 8286794 0 1 0 1 29 27 55 65 56 120
4 8286854 0 1 0 1 10 5 22 28 15 50
4 8292247 0 1 0 1 8 3 28 28 11 56
4 8302311 0 1 0 1 9 7 14 30 16 44
4 8302410 0 1 0 1 56 39 82 70 95 152
4 8356634 0 1 0 1 57 68 98 94 125 192
4 8366877 0 1 0 1 6 8 31 21 14 52
4 8367142 0 1 0 1 6 5 19 23 11 42
4 8374675 0 1 0 1 7 5 18 14 12 32
4 8381440 0 1 0 1 7 6 29 31 13 60
4 8389322 0 1 0 1 26 44 65 79 70 144
4 8414255 0 1 0 1 8 4 26 20 12 46
4 8441314 0 1 0 1 44 42 77 97 86 174
4 8454974 0 1 0 1 9 10 37 29 19 66
4 8599571 0 1 0 1 37 45 82 91 82 173
4 8599654 0 1 0 1 17 22 49 53 39 102
4 8601390 0 1 0 1 56 62 88 91 118 179
4 8604133 0 1 0 1 7 13 38 37 20 75
4 8605860 0 1 0 1 8 9 28 35 17 63
4 8611299 0 1 0 1 8 16 48 32 24 80
4 8612168 0 1 0 1 7 5 18 14 12 32
4 8614497 0 1 0 1 32 27 76 73 59 149
4 8618318 0 1 0 1 11 5 27 22 16 49
4 8618598 0 1 0 1 17 20 42 53 37 95
4 9484451 0 1 0 1 6 5 21 15 11 36
4 9584015 0 1 0 1 13 6 30 23 19 53
4 9746887 0 1 0 1 8 4 24 25 12 49
4 9754867 0 1 0 1 10 9 17 26 19 43
4 9783510 0 1 0 1 5 9 19 18 14 37
4 9908226 0 1 0 1 18 21 53 43 39 96
4 9908299 0 1 0 1 25 25 58 85 50 143
4 9942076 0 1 0 1 44 43 84 80 87 164
4 9980567 0 1 0 1 15 13 34 32 28 66
4 10018940 0 1 0 1 7 8 22 11 15 33
4 10019133 0 1 0 1 14 18 46 39 32 85
4 10021357 0 1 0 1 21 23 51 54 44 105
4 10025918 0 1 0 1 25 16 54 59 41 113
4 10026019 0 1 0 1 21 17 49 63 38 112
4 10026120 0 1 0 1 7 5 26 24 12 50
4 10084391 0 1 0 1 15 6 32 58 21 90
4 10084564 0 1 0 1 22 17 51 41 39 92
4 10093047 0 1 0 1 16 33 72 55 49 127
4 10093074 0 1 0 1 37 21 67 90 58 157
4 10540434 0 1 0 1 24 25 61 60 49 121
4 10571786 0 1 0 1 47 52 84 97 99 181
4 10584906 0 1 0 1 48 51 80 100 99 180
4 10667898 0 1 0 1 28 30 67 92 58 159
4 11372837 0 1 0 1 5 5 17 21 10 38
4 11399388 0 1 0 1 24 31 72 74 55 146
4 11399463 0 1 0 1 44 50 92 84 94 176
4 13337396 0 1 0 1 36 57 85 81 93 166
4 13381524 0 1 0 0 2 16 0 62 18 62
4 13528366 0 1 0 1 16 18 48 45 34 93
4 13529160 0 1 0 1 10 10 25 39 20 64
4 13547063 0 1 0 1 38 45 84 87 83 171
4 13591925 0 1 0 0 2 17 0 74 19 74
4 13602558 0 1 0 0 3 90 0 183 93 183
4 13627993 0 1 0 0 3 46 0 161 49 161
4 15340132 0 1 0 1 34 40 74 72 74 146
4 15586218 0 1 0 1 62 55 92 92 117 184
4 15688305 0 1 0 1 16 31 69 66 47 135
4 15816768 0 1 0 1 10 15 26 31 25 57
4 15935903 0 1 0 1 32 44 63 92 76 155
4 15963047 0 1 0 1 39 48 85 86 87 171
4 15963140 0 1 0 1 21 18 48 42 39 90
4 15976108 0 1 0 1 48 36 76 86 84 162
4 15976200 0 1 0 1 23 24 61 51 47 112
4 15976205 0 1 0 1 19 24 58 51 43 109
4 15979352 0 1 0 1 51 61 80 105 112 185
4 15980543 0 1 0 1 9 12 31 20 21 51
4 15989652 0 1 0 1 35 26 65 54 61 119
4 15991179 0 1 0 1 41 62 89 98 103 187
4 15991208 0 1 0 1 37 57 72 102 94 174
4 16035729 0 1 0 1 56 43 85 75 99 160
4 16190790 0 1 0 1 11 23 51 47 34 98
4 16256532 0 1 0 1 3 7 25 32 10 57
4 16336951 0 1 0 1 6 4 15 19 10 34
4 16360901 0 1 0 1 26 26 59 74 52 133
4 16361130 0 1 0 1 13 8 51 20 21 71
4 16361326 0 1 0 1 14 19 53 47 33 100
4 16508508 0 1 0 1 7 4 17 22 11 39
4 17509972 0 1 0 1 21 20 45 52 41 97
4 17510011 0 1 0 1 16 15 27 39 31 66
4 17552220 0 1 0 1 22 15 52 41 37 93
4 17552630 0 1 0 0 2 8 0 49 10 49
4 17579994 0 1 0 1 19 22 64 50 41 114
4 17582465 0 1 0 0 3 89 0 164 92 164
4 17582468 0 1 0 0 4 87 0 163 91 163
4 17582473 0 1 0 0 3 83 0 157 86 157
4 17585080 0 1 0 1 14 28 79 68 42 147
4 17588802 0 1 0 0 3 14 0 49 17 49
4 17589048 0 1 0 1 14 18 28 32 32 60
4 17606997 0 1 0 1 9 13 45 47 22 92
4 17607261 0 1 0 1 9 8 23 20 17 43
4 17623586 0 1 0 1 5 10 26 20 15 46
4 17625671 0 1 0 1 29 26 65 70 55 135
4 17625709 0 1 0 1 40 32 86 80 72 166
4 17632632 0 1 0 1 16 20 61 73 36 134
4 17639235 0 1 0 1 43 37 78 87 80 165
4 17647871 0 1 0 1 15 13 43 38 28 81
4 17647876 0 1 0 1 15 12 38 37 27 75
4 17653025 0 1 0 1 11 17 47 69 28 116
4 17658313 0 1 0 1 15 24 51 58 39 109
4 17658459 0 1 0 1 27 22 64 73 49 137
4 17705738 0 1 0 1 14 21 34 45 35 79
4 17706004 0 1 0 1 3 9 24 22 12 46
4 17709453 0 1 0 1 9 15 57 38 24 95
4 17810992 0 1 0 1 14 10 26 42 24 68
4 17817262 0 1 0 1 35 46 85 80 81 165
4 17839842 0 1 0 1 9 14 44 31 23 75
4 17842406 0 1 0 1 40 42 60 76 82 136
4 20268977 0 1 0 1 14 18 31 27 32 58
4 20488870 0 1 0 1 20 27 66 55 47 121
4 20490794 0 1 0 1 26 18 62 69 44 131
4 20525257 0 1 0 0 2 13 0 95 15 95
4 20550887 0 1 0 1 35 39 85 87 74 172
4 20567476 0 1 0 1 47 62 82 113 109 195
4 20567631 0 1 0 1 16 17 49 50 33 99
4 20567636 0 1 0 1 14 15 46 48 29 94
4 20596400 0 1 0 0 3 55 0 134 58 134
4 20598173 0 1 0 1 7 7 27 26 14 53
4 20610195 0 1 0 1 6 6 33 21 12 54
4 20701753 0 1 1 1 14 5 35 11 19 46
4 20707788 0 1 0 1 16 22 48 65 38 113
4 20727343 0 1 0 1 40 32 69 87 72 156
4 20732553 0 1 0 1 13 15 37 30 28 67
4 23813899 0 1 0 1 68 62 104 94 130 198
4 23814039 0 1 0 1 58 75 88 106 133 194
4 23884700 0 1 0 1 10 13 48 37 23 85
4 24532995 0 1 0 0 3 65 0 166 68 166
4 24533064 0 1 0 1 31 34 75 79 65 154
4 24799693 0 1 0 1 36 35 74 62 71 136
4 25003832 0 1 0 1 18 28 72 70 46 142
4 25012569 0 1 0 1 12 6 30 31 18 61
4 25315264 0 1 0 1 22 25 42 58 47 100
4 25361849 0 1 0 1 21 23 54 55 44 109
4 25369005 0 1 0 1 9 11 25 36 20 61
4 25377604 0 1 0 1 11 14 32 31 25 63
4 25413627 0 1 0 0 2 15 0 58 17 58
4 25415487 0 1 0 1 21 34 68 78 55 146
4 25676038 0 1 0 0 2 30 0 116 32 116
4 25676774 0 1 0 1 20 15 64 40 35 104
4 25759071 0 1 0 1 22 18 56 47 40 103
4 25765511 0 1 0 1 8 4 20 19 12 39
4 25779269 0 1 0 1 13 7 34 31 20 65
4 25830056 0 1 0 1 44 43 82 82 87 164
4 26957585 0 1 0 1 4 6 23 12 10 35
4 26999373 0 1 0 1 23 18 50 68 41 118
4 27160856 0 1 0 1 43 16 78 79 59 157
4 27161012 0 1 0 1 13 12 30 28 25 58
4 27586102 0 1 0 0 2 27 0 109 29 109
4 28819479 0 1 0 0 3 20 0 63 23 63
4 28819480 0 1 0 0 3 20 0 63 23 63
4 28819484 0 1 0 0 3 18 0 65 21 65
4 28819487 0 1 0 0 3 17 0 64 20 64
4 30278015 0 1 0 1 3 20 4 59 23 63
4 30278017 0 1 0 1 3 21 5 61 24 66
4 30278102 0 1 0 1 19 14 44 46 33 90
4 30278120 0 1 0 1 10 21 37 44 31 81
4 30278123 0 1 0 1 18 8 43 37 26 80
4 30278212 0 1 0 1 3 7 11 25 10 36
4 31106143 0 1 0 1 12 13 40 45 25 85
4 36308427 0 1 0 1 21 25 59 63 46 122
4 36316146 0 1 0 1 6 7 22 21 13 43
4 36316210 0 1 0 1 21 19 58 59 40 117
4 36316343 0 1 0 1 25 20 71 69 45 140
4 36339133 0 1 0 1 34 40 86 87 74 173
4 36343755 0 1 0 1 27 49 75 105 76 180
4 36507741 0 1 0 1 3 11 29 23 14 52
4 37356440 0 1 0 1 10 21 62 58 31 120
4 37430794 0 1 0 1 26 45 65 82 71 147
4 37443693 0 1 0 1 31 34 87 77 65 164
4 37591052 0 1 0 1 13 12 40 33 25 73
4 37591057 0 1 0 1 12 10 37 32 22 69
4 37635128 0 1 0 1 16 26 44 45 42 89
4 37665369 0 1 0 1 26 28 68 60 54 128
4 37902048 0 1 0 1 12 10 45 33 22 78
4 37902135 0 1 0 1 25 24 66 81 49 147
4 37902461 0 1 0 1 33 57 88 94 90 182
4 37902607 0 1 0 1 5 5 13 19 10 32
4 37920686 0 1 0 1 8 25 63 68 33 131
4 37960565 0 1 0 1 51 27 103 68 78 171
4 38021681 0 1 0 1 13 13 44 34 26 78
4 38060612 0 1 0 1 29 42 87 75 71 162
4 38089891 0 1 0 0 2 15 0 63 17 63
4 38680770 0 1 0 1 27 17 48 53 44 101
4 38773164 0 1 0 1 33 51 73 91 84 164
4 38773268 0 1 0 1 62 59 93 94 121 187
4 38773419 0 1 0 1 19 29 73 67 48 140
4 38774486 0 1 0 1 20 34 69 78 54 147
4 38774559 0 1 0 1 31 24 59 67 55 126
4 38774870 0 1 0 1 17 24 53 62 41 115
4 38775304 0 1 0 1 32 21 71 83 53 154
4 38797027 0 1 0 1 2 46 5 90 48 95
4 38797314 0 1 0 1 10 19 14 25 29 39
4 38798089 0 1 0 1 33 24 58 73 57 131
4 38828729 0 1 0 1 21 14 57 54 35 111
4 38929374 0 1 0 1 10 24 26 73 34 99
4 39062506 0 1 0 1 17 6 39 39 23 78
4 39062542 0 1 0 1 32 19 56 58 51 114
4 39096726 0 1 0 0 3 54 0 104 57 104
4 39205698 0 1 0 1 28 30 62 52 58 114
4 39214620 0 1 0 1 6 8 29 28 14 57
4 39256051 0 1 0 1 8 7 33 30 15 63
4 39295580 0 1 0 1 17 20 48 51 37 99
4 39437644 0 1 0 1 12 7 30 30 19 60
4 39446922 0 1 0 1 52 54 105 90 106 195
4 39455015 0 1 0 1 17 19 47 52 36 99
4 39456431 0 1 0 1 7 9 34 42 16 76
4 39458104 0 1 0 1 23 14 77 61 37 138
4 39459268 0 1 0 0 2 21 0 88 23 88
4 39467727 0 1 0 0 4 71 0 134 75 134
4 39467796 0 1 0 1 9 16 29 25 25 54
4 39473248 0 1 0 1 34 55 69 97 89 166
4 39477212 0 1 0 1 9 12 26 34 21 60
4 39481064 0 1 0 1 10 4 28 28 14 56
4 39481322 0 1 0 1 13 5 54 26 18 80
4 39481495 0 1 0 1 23 35 75 57 58 132
4 39508709 0 1 0 1 13 20 34 35 33 69
4 39510727 0 1 0 1 65 53 107 87 118 194
4 39920322 0 1 0 1 11 14 41 27 25 68
4 39973189 0 1 0 1 14 30 70 67 44 137
4 39973268 0 1 0 1 2 33 3 106 35 109
4 39973388 0 1 0 1 5 21 17 52 26 69
4 39973392 0 1 0 1 5 21 15 51 26 66
4 39976385 0 1 0 1 35 26 67 57 61 124
4 40335549 0 1 0 1 13 21 28 45 34 73
4 40335891 0 1 0 1 25 30 74 75 55 149
4 40335951 0 1 0 1 17 26 47 59 43 106
4 40354405 0 1 0 1 38 46 72 89 84 161
4 40425993 0 1 0 1 10 24 59 59 34 118
4 40436940 0 1 0 1 5 7 13 16 12 29
4 40436943 0 1 0 1 6 5 16 14 11 30
4 40786193 0 1 0 1 29 25 44 59 54 103
4 40827123 0 1 0 1 17 11 46 49 28 95
4 40827332 0 1 0 1 16 15 41 33 31 74
4 40842182 0 1 0 1 13 19 36 52 32 88
4 41257616 0 1 0 1 10 20 40 37 30 77
4 41263972 0 1 0 1 16 18 38 44 34 82
4 41264278 0 1 0 1 9 14 35 33 23 68
4 41638861 0 1 0 1 23 47 63 88 70 151
4 41644634 0 1 0 1 11 16 38 55 27 93
4 41661604 0 1 0 1 6 8 28 41 14 69
4 41666448 0 1 0 1 5 10 21 21 15 42
4 41671587 0 1 0 1 4 7 34 59 11 93
4 41685894 0 1 0 1 11 12 28 27 23 55
4 41689584 0 1 0 1 35 46 78 77 81 155
4 41982101 0 1 0 1 54 73 94 95 127 189
4 41983084 0 1 0 1 8 10 42 18 18 60
4 41990502 0 1 0 1 3 8 14 23 11 37
4 41990660 0 1 0 1 20 33 57 77 53 134
4 42001654 0 1 0 1 42 26 68 83 68 151
4 42020447 0 1 0 1 15 16 42 42 31 84
4 42022965 0 1 0 1 5 5 20 15 10 35
4 42023267 0 1 0 1 34 29 72 71 63 143
4 42029420 0 1 0 1 5 12 33 39 17 72
4 42029455 0 1 0 1 9 11 37 42 20 79
4 42029992 0 1 0 1 12 10 43 52 22 95
4 42030007 0 1 0 1 11 12 36 55 23 91
4 42038930 0 1 0 1 33 27 60 64 60 124
4 42067012 0 1 0 1 15 6 29 36 21 65
4 42070511 0 1 0 0 3 37 0 106 40 106
4 42070515 0 1 0 0 3 37 0 109 40 109
4 42070516 0 1 0 0 3 39 0 112 42 112
4 42400975 0 1 0 1 11 8 43 45 19 88
4 42574455 0 1 0 1 7 3 17 17 10 34
4 42574505 0 1 0 1 12 12 41 46 24 87
4 42600519 0 1 0 0 2 19 0 88 21 88
4 42616121 0 1 0 1 5 15 34 40 20 74
4 42625459 0 1 0 1 19 25 49 44 44 93
4 43587827 0 1 0 1 23 27 54 69 50 123
4 43898966 0 1 0 1 13 10 51 45 23 96
4 43898978 0 1 0 1 13 12 51 55 25 106
4 43899053 0 1 0 1 14 20 45 67 34 112
4 43899131 0 1 0 1 13 13 28 38 26 66
4 44635875 0 1 0 1 9 4 26 20 13 46
4 46965262 0 1 0 1 31 41 63 76 72 139
4 46993349 0 1 0 1 20 24 64 49 44 113
4 47406692 0 1 0 1 21 40 59 81 61 140
4 47426086 0 1 0 1 15 14 52 26 29 78
4 47525520 0 1 0 1 16 10 39 35 26 74
4 47557985 0 1 0 1 35 32 65 84 67 149
4 47560803 0 1 0 1 11 14 21 39 25 60
4 47587296 0 1 0 1 12 9 19 25 21 44
4 47603717 0 1 0 1 15 18 39 36 33 75
4 47624017 0 1 0 1 16 24 54 54 40 108
4 47641846 0 1 0 1 19 12 50 50 31 100
4 47677911 0 1 0 1 19 21 73 73 40 146
4 47678068 0 1 0 1 16 30 61 59 46 120
4 47878477 0 1 0 1 8 7 31 23 15 54
4 47899459 0 1 0 1 53 41 90 89 94 179
4 48025065 0 1 0 1 2 40 2 131 42 133
4 48032867 0 1 0 1 9 14 33 29 23 62
4 48067679 0 1 0 1 40 32 83 58 72 141
4 48067708 0 1 0 1 21 25 56 46 46 102
4 48076576 0 1 0 1 29 21 63 51 50 114
4 48086402 0 1 0 1 19 20 43 31 39 74
4 48094227 0 1 0 0 2 12 0 56 14 56
4 48113247 0 1 0 1 31 22 77 82 53 159
4 48141184 0 1 0 1 4 7 16 18 11 34
4 48145292 0 1 0 1 26 37 84 72 63 156
4 48146418 0 1 0 1 43 48 92 89 91 181
4 48156779 0 1 0 1 17 12 39 32 29 71
4 48163817 0 1 0 1 9 11 42 32 20 74
4 48167599 0 1 0 1 9 6 18 16 15 34
4 48170201 0 1 0 1 10 14 30 54 24 84
4 48170249 0 1 0 1 10 22 34 64 32 98
4 48171530 0 1 0 1 12 11 28 53 23 81
4 48175937 0 1 0 1 9 10 21 29 19 50
4 48176047 0 1 0 1 51 59 82 87 110 169
4 48370068 0 1 0 1 10 7 21 32 17 53
4 48382482 0 1 0 1 6 7 27 31 13 58
4 48488850 0 1 0 0 2 9 0 52 11 52
4 48623127 0 1 0 0 2 9 0 70 11 70
4 48892964 0 1 0 1 9 4 27 35 13 62
4 49016423 0 1 0 1 5 6 23 11 11 34
4 49092850 0 1 0 1 2 8 7 28 10 35
4 49102577 0 1 0 1 2 12 3 37 14 40
4 49102580 0 1 0 1 2 12 3 39 14 42
4 49102585 0 1 0 1 3 9 6 35 12 41
4 49103926 0 1 0 1 3 7 6 33 10 39
4 49103936 0 1 0 1 3 7 8 24 10 32
4 49103941 0 1 0 0 2 8 0 35 10 35
4 49105449 0 1 0 1 3 8 5 36 11 41
4 49107404 0 1 0 0 2 8 0 34 10 34
4 49107410 0 1 0 1 2 10 5 33 12 38
4 49107430 0 1 0 1 3 10 4 44 13 48
4 49107468 0 1 0 1 2 9 5 33 11 38
4 49108289 0 1 1 1 8 5 24 6 13 30
4 49108303 0 1 1 1 7 7 24 6 14 30
4 49108306 0 1 0 1 7 6 21 7 13 28
4 49108312 0 1 0 1 9 4 22 8 13 30
4 49108313 0 1 0 1 7 7 22 11 14 33
4 49108333 0 1 0 0 2 12 0 47 14 47
4 49108363 0 1 0 1 2 11 5 48 13 53
4 49108385 0 1 0 1 3 2 17 20 5 37
4 49108392 0 1 0 1 5 4 15 26 9 41
4 49108394 0 1 0 1 5 3 14 23 8 37
4 49108402 0 1 0 1 6 4 18 22 10 40
4 49108410 0 1 0 1 7 4 18 22 11 40
4 49108422 0 1 0 1 5 6 6 31 11 37
4 49108426 0 1 0 1 5 8 7 31 13 38
4 49108429 0 1 0 1 5 6 7 26 11 33
4 49108433 0 1 0 1 5 6 9 21 11 30
4 49108443 0 1 0 1 3 8 15 18 11 33
4 49108471 0 1 0 1 3 8 9 20 11 29
4 49109501 0 1 0 1 2 11 3 29 13 32
4 49109536 0 1 0 1 7 10 10 23 17 33
4 49109745 0 1 0 1 2 22 6 44 24 50
4 49109748 0 1 0 1 14 8 22 21 22 43
4 49109751 0 1 0 1 2 24 2 48 26 50
4 49109752 0 1 0 1 15 10 23 26 25 49
4 49112367 0 1 0 1 11 7 14 13 18 27
4 49112385 0 1 0 1 2 15 3 29 17 32
4 49112387 0 1 0 1 13 6 23 10 19 33
4 49112426 0 1 0 1 2 12 3 25 14 28
4 49118926 0 1 0 1 3 7 8 24 10 32
4 49118929 0 1 0 1 3 6 10 22 9 32
4 49118939 0 1 0 1 2 10 3 29 12 32
4 49118947 0 1 0 1 4 9 7 25 13 32
4 49118959 0 1 0 1 4 9 5 30 13 35
4 49120190 0 1 0 1 2 10 2 39 12 41
4 49120193 0 1 0 1 2 8 7 36 10 43
4 49120269 0 1 0 1 2 14 5 24 16 29
4 49139702 0 1 0 1 3 14 3 50 17 53
4 49139709 0 1 0 1 2 16 3 51 18 54
4 49139711 0 1 0 1 2 15 3 53 17 56
4 49139739 0 1 0 1 4 7 11 36 11 47
4 49139746 0 1 0 1 3 4 12 23 7 35
4 49139752 0 1 0 1 2 8 10 31 10 41
4 49139759 0 1 0 1 3 7 8 33 10 41
4 49142120 0 1 0 1 11 8 27 16 19 43
4 49142160 0 1 0 1 3 8 11 18 11 29
4 49142165 0 1 0 1 3 9 11 18 12 29
4 49147313 0 1 0 1 3 8 7 23 11 30
4 49147350 0 1 0 1 4 11 12 39 15 51
4 49147372 0 1 0 1 7 4 14 17 11 31
4 49147388 0 1 0 1 2 7 9 27 9 36
4 49147398 0 1 0 1 5 5 9 22 10 31
4 49147403 0 1 0 1 5 6 8 26 11 34
4 49149386 0 1 0 1 1 10 5 31 11 36
4 49149391 0 1 0 1 2 12 15 19 14 34
4 49149392 0 1 0 1 4 8 22 15 12 37
4 49149730 0 1 0 1 2 12 7 22 14 29
4 49149735 0 1 0 1 10 2 27 1 12 28
4 49149745 0 1 0 1 2 25 3 53 27 56
4 49149755 0 1 0 1 9 17 17 44 26 61
4 49149764 0 1 0 1 3 24 6 55 27 61
4 49149814 0 1 0 1 3 13 7 22 16 29
4 49154470 0 1 0 1 1 9 5 40 10 45
4 49154476 0 1 0 1 3 10 5 44 13 49
4 49154487 0 1 0 1 3 11 2 47 14 49
4 49154489 0 1 0 1 4 11 6 40 15 46
4 49154494 0 1 0 1 3 12 5 42 15 47
4 49154495 0 1 0 1 3 11 10 35 14 45
4 49154498 0 1 0 1 3 11 8 32 14 40
4 49242839 0 1 0 1 8 16 9 60 24 69
4 49242840 0 1 0 1 8 16 9 61 24 70
4 49242842 0 1 0 1 8 17 9 64 25 73
4 49561394 0 1 0 1 4 15 16 59 19 75
4 49561429 0 1 0 1 2 9 15 32 11 47
4 49657604 0 1 1 1 6 0 102 5 6 107
4 49657612 0 1 0 1 4 21 2 109 25 111
4 49657634 0 1 0 0 2 21 0 102 23 102
4 49657644 0 1 0 1 2 18 3 73 20 76
4 49657645 0 1 0 1 3 11 22 35 14 57
4 49709378 0 1 0 1 2 18 3 33 20 36
4 49709380 0 1 0 1 2 20 3 37 22 40
4 49709388 0 1 0 1 2 28 6 47 30 53
4 49709395 0 1 0 1 2 27 4 53 29 57
4 49709396 0 1 0 1 2 28 4 54 30 58
4 49709402 0 1 0 1 3 27 9 51 30 60
4 49709404 0 1 0 1 3 27 10 50 30 60
4 49709411 0 1 0 1 2 27 8 51 29 59
4 49709420 0 1 0 1 6 25 3 57 31 60
4 49709422 0 1 0 1 1 29 6 53 30 59
4 49709430 0 1 0 1 6 26 14 51 32 65
4 49709436 0 1 0 1 3 27 7 50 30 57
4 49709437 0 1 0 1 2 27 4 54 29 58
4 49709438 0 1 0 1 3 26 3 53 29 56
4 49709457 0 1 0 1 4 12 9 31 16 40
4 49709462 0 1 0 1 3 17 11 37 20 48
4 49709484 0 1 0 1 2 9 4 32 11 36
4 49709486 0 1 0 1 6 5 16 15 11 31
4 49711559 0 1 0 1 2 8 22 31 10 53
4 49711570 0 1 0 1 2 8 8 47 10 55
4 49711632 0 1 0 1 3 15 3 35 18 38
4 49711644 0 1 0 1 9 9 18 23 18 41
4 49711649 0 1 0 1 3 12 4 34 15 38
4 49711661 0 1 0 1 3 13 5 30 16 35
4 49711665 0 1 0 1 6 11 12 29 17 41
4 49711673 0 1 0 1 4 13 9 31 17 40
4 49711694 0 1 0 1 3 14 9 39 17 48
4 52060947 0 1 0 1 14 17 44 70 31 114
4 52072077 0 1 0 1 30 25 55 75 55 130
4 52082372 0 1 0 0 2 17 0 81 19 81
4 52082376 0 1 0 0 2 19 0 87 21 87
4 52082379 0 1 0 0 2 20 0 91 22 91
4 52094742 0 1 0 1 23 17 54 61 40 115
4 52597597 0 1 0 1 16 10 38 44 26 82
4 52601907 0 1 0 0 2 17 0 75 19 75
4 52629825 0 1 0 1 22 19 61 58 41 119
4 52744105 0 1 0 1 67 52 87 108 119 195
4 52745501 0 1 0 1 32 33 73 90 65 163
4 52745534 0 1 0 1 20 28 54 75 48 129
4 52956140 0 1 0 1 45 49 70 108 94 178
4 53576015 0 1 0 1 4 13 24 32 17 56
4 54087157 0 1 0 1 9 13 44 29 22 73
4 54100500 0 1 0 1 39 46 83 77 85 160
4 54100752 0 1 0 1 9 20 40 74 29 114
4 54101542 0 1 0 1 14 12 25 39 26 64
4 54221414 0 1 0 1 16 12 48 45 28 93
4 54261346 0 1 0 0 2 36 0 131 38 131
4 54658137 0 1 0 1 19 31 65 59 50 124
4 54703706 0 1 0 0 4 14 0 66 18 66
4 54732993 0 1 0 1 8 10 13 30 18 43
4 54733270 0 1 0 1 9 20 37 45 29 82
4 54737051 0 1 0 1 6 8 23 20 14 43
4 55089065 0 1 0 1 26 25 61 53 51 114
4 55101886 0 1 0 1 26 32 60 65 58 125
4 55104513 0 1 0 1 13 17 38 48 30 86
4 55105679 0 1 0 1 4 9 21 20 13 41
4 55110284 0 1 0 1 3 10 28 27 13 55
4 55582330 0 1 0 0 2 22 0 86 24 86
4 55831431 0 1 0 1 10 16 58 54 26 112
4 55871323 0 1 0 1 23 26 56 42 49 98
4 55871734 0 1 0 1 8 12 29 18 20 47
4 55904542 0 1 0 1 18 19 52 42 37 94
4 56017693 0 1 0 0 2 21 0 81 23 81
4 56301341 0 1 0 1 38 43 73 98 81 171
4 56310799 0 1 0 1 6 9 27 27 15 54
4 56310800 0 1 0 1 6 18 8 53 24 61
4 56314307 0 1 0 1 18 13 33 29 31 62
4 56321231 0 1 0 0 2 9 0 48 11 48
4 56324190 0 1 0 1 41 29 77 94 70 171
4 56327748 0 1 0 0 3 66 0 148 69 148
4 56328294 0 1 0 1 40 53 83 97 93 180
4 56338611 0 1 0 1 64 52 81 112 116 193
4 56345186 0 1 0 1 45 49 88 83 94 171
4 56349511 0 1 0 1 42 78 100 99 120 199
4 56353447 0 1 0 1 23 19 68 49 42 117
4 56371517 0 1 0 1 61 59 91 100 120 191
4 56400958 0 1 0 1 28 36 53 67 64 120
4 56403413 0 1 0 1 18 19 63 64 37 127
4 56406677 0 1 0 0 2 27 0 116 29 116
4 56407674 0 1 0 1 64 61 84 107 125 191
4 56410573 0 1 0 1 11 9 31 30 20 61
4 56459310 0 1 0 1 10 9 41 44 19 85
4 56530991 0 1 0 1 21 27 50 80 48 130
4 56531030 0 1 0 1 19 19 71 38 38 109
4 56531223 0 1 0 1 12 8 40 19 20 59
4 56595024 0 1 0 1 13 22 45 48 35 93
4 56595566 0 1 0 0 2 11 0 67 13 67
4 56650730 0 1 0 1 35 31 70 83 66 153
4 56655749 0 1 0 1 10 8 28 14 18 42
4 56656054 0 1 0 1 9 5 21 31 14 52
4 56657703 0 1 0 1 24 21 54 69 45 123
4 56761110 0 1 0 1 22 25 56 74 47 130
4 56927585 0 1 0 1 18 23 51 51 41 102
4 56931248 0 1 0 1 23 16 66 65 39 131
4 56932023 0 1 0 1 39 57 88 99 96 187
4 56973114 0 1 0 1 11 7 27 27 18 54
4 56994658 0 1 0 0 2 27 0 115 29 115
4 57007130 0 1 0 1 7 3 14 17 10 31
4 57040820 0 1 0 1 7 15 46 46 22 92
4 58103456 0 1 0 1 12 9 25 22 21 47
4 58117979 0 1 0 1 11 12 35 62 23 97
4 61579528 0 1 0 1 57 45 82 84 102 166
4 61677239 0 1 0 1 5 6 29 24 11 53
4 61732971 0 1 0 1 50 37 97 89 87 186
4 61733571 0 1 0 1 19 16 35 36 35 71
4 61912597 0 1 0 1 10 5 23 20 15 43
4 61934836 0 1 0 1 24 31 63 68 55 131
4 61935010 0 1 0 1 17 15 43 45 32 88
4 61979670 0 1 0 1 30 23 79 81 53 160
4 61996223 0 1 0 1 53 68 88 84 121 172
4 61996246 0 1 0 1 58 72 94 88 130 182
4 62063445 0 1 0 0 2 10 0 54 12 54
4 62817195 0 1 0 1 27 25 58 79 52 137
4 62817216 0 1 0 1 21 18 46 69 39 115
4 62817225 0 1 0 1 16 17 61 39 33 100
4 64430935 0 1 0 0 2 13 0 55 15 55
4 65216943 0 1 0 0 2 20 0 81 22 81
4 65353010 0 1 0 1 17 15 34 39 32 73
4 65404523 0 1 0 1 21 23 47 68 44 115
4 65643476 0 1 0 1 7 11 39 24 18 63
4 66094468 0 1 0 1 31 29 48 73 60 121
4 66094613 0 1 0 1 26 19 46 42 45 88
4 66276902 0 1 0 1 6 7 22 20 13 42
4 67539991 0 1 0 0 2 27 0 106 29 106
4 67575373 0 1 0 1 31 33 51 63 64 114
4 67577250 0 1 0 1 14 10 39 27 24 66
4 67581482 0 1 0 1 28 45 76 77 73 153
4 67581531 0 1 0 1 23 19 47 47 42 94
4 67593219 0 1 0 1 8 9 24 29 17 53
4 67619119 0 1 0 1 19 24 46 43 43 89
4 67914535 0 1 0 1 9 11 33 37 20 70
4 67914681 0 1 0 1 64 55 66 114 119 180
4 67914794 0 1 0 1 10 14 28 35 24 63
4 67919056 0 1 0 1 43 44 84 89 87 173
4 67922976 0 1 0 1 24 14 47 40 38 87
4 67923001 0 1 0 1 18 7 32 31 25 63
4 67944528 0 1 0 1 26 32 60 85 58 145
4 67946565 0 1 0 1 22 32 71 83 54 154
4 67963391 0 1 0 1 55 34 80 88 89 168
4 67963452 0 1 0 1 22 25 50 52 47 102
4 67963489 0 1 0 1 12 10 28 27 22 55
4 68038919 0 1 0 1 14 12 20 27 26 47
4 68039116 0 1 0 1 5 16 43 39 21 82
4 68039379 0 1 0 1 13 17 43 51 30 94
4 68039457 0 1 0 1 13 19 53 42 32 95
4 68039552 0 1 0 1 4 18 42 45 22 87
4 68053899 0 1 0 1 35 26 62 64 61 126
4 68059243 0 1 0 1 3 15 2 39 18 41
4 68062819 0 1 0 1 56 65 95 104 121 199
4 68063022 0 1 0 1 32 38 72 75 70 147
4 68069954 0 1 0 1 28 21 51 75 49 126
4 68090704 0 1 0 1 17 14 48 56 31 104
4 68099050 0 1 0 1 34 25 58 49 59 107
4 68191355 0 1 0 1 12 16 51 59 28 110
4 68212395 0 1 0 1 35 35 63 72 70 135
4 68217845 0 1 0 1 7 10 36 40 17 76
4 68228789 0 1 0 1 40 37 69 78 77 147
4 68229479 0 1 0 1 12 13 54 54 25 108
4 68234678 0 1 0 1 16 8 45 28 24 73
4 68322778 0 1 0 1 53 57 100 85 110 185
4 68337640 0 1 0 0 4 125 0 199 129 199
4 68626834 0 1 0 1 4 6 15 20 10 35
4 68626912 0 1 0 1 2 10 16 30 12 46
4 68667984 0 1 0 1 14 10 42 40 24 82
4 68704642 0 1 0 1 8 4 31 25 12 56
4 68818082 0 1 0 1 2 36 7 108 38 115
4 68826564 0 1 0 1 21 20 41 44 41 85
4 68827598 0 1 0 1 20 18 40 41 38 81
4 68830733 0 1 0 1 33 38 68 58 71 126
4 68861520 0 1 0 1 8 10 25 35 18 60
4 68884019 0 1 0 1 2 13 5 56 15 61
4 68915055 0 1 0 1 26 20 55 62 46 117
4 68915070 0 1 0 1 22 18 48 53 40 101
4 68973070 0 1 0 1 4 9 16 25 13 41
4 68997024 0 1 0 1 5 15 15 50 20 65
4 68997038 0 1 0 1 6 17 23 54 23 77
4 68997041 0 1 0 1 6 18 25 53 24 78
4 68997046 0 1 0 1 7 20 27 54 27 81
4 68997057 0 1 0 1 20 9 54 31 29 85
4 68997200 0 1 0 1 15 18 32 46 33 78
4 69004870 0 1 0 0 3 86 0 166 89 166
4 69005003 0 1 0 1 26 25 59 64 51 123
4 69018290 0 1 0 1 4 16 23 51 20 74
4 69018334 0 1 0 1 10 26 50 61 36 111
4 69028451 0 1 0 1 5 5 26 26 10 52
4 69096360 0 1 0 1 10 5 20 26 15 46
4 69096383 0 1 0 1 11 11 33 27 22 60
4 69098619 0 1 0 1 20 37 67 68 57 135
4 69098620 0 1 0 1 20 38 67 69 58 136
4 69098673 0 1 0 1 27 16 42 50 43 92
4 69107059 0 1 0 1 7 7 18 27 14 45
4 69107231 0 1 0 1 9 10 52 51 19 103
4 69107326 0 1 0 1 10 6 25 21 16 46
4 69108203 0 1 0 1 31 25 62 77 56 139
4 69125476 0 1 0 1 13 8 25 31 21 56
4 69125911 0 1 0 1 5 10 21 25 15 46
4 69181768 0 1 0 1 13 14 50 49 27 99
4 69181866 0 1 0 1 5 18 22 68 23 90
4 69181915 0 1 0 1 21 9 33 53 30 86
4 69182216 0 1 1 1 19 7 60 10 26 70
4 69200658 0 1 0 1 3 15 6 67 18 73
4 69280512 0 1 0 1 44 26 94 62 70 156
4 69281285 0 1 0 1 6 10 12 16 16 28
4 69306589 0 1 0 1 3 36 3 74 39 77
4 69306929 0 1 0 1 3 45 20 82 48 102
4 69306964 0 1 0 1 27 20 58 46 47 104
4 69346816 0 1 0 1 2 37 5 112 39 117
4 69346986 0 1 0 1 10 5 26 35 15 61
4 69357231 0 1 0 1 6 5 39 29 11 68
4 69358020 0 1 0 1 22 13 38 41 35 79
4 69389882 0 1 0 1 16 14 37 45 30 82
4 69390130 0 1 0 1 11 6 27 43 17 70
4 69391534 0 1 0 1 15 16 47 51 31 98
4 69399815 0 1 0 1 13 7 29 23 20 52
4 69408784 0 1 0 1 4 11 13 28 15 41
4 69409549 0 1 0 1 12 18 32 52 30 84
4 69409614 0 1 0 1 5 8 12 15 13 27
4 69410799 0 1 0 1 14 10 32 35 24 67
4 69418989 0 1 0 0 2 27 0 100 29 100
4 69419027 0 1 0 1 16 15 34 48 31 82
4 69419128 0 1 0 1 28 24 40 65 52 105
4 69419193 0 1 0 1 23 28 35 71 51 106
4 69423263 0 1 0 1 6 9 12 32 15 44
4 69480846 0 1 0 1 31 23 64 59 54 123
4 69480847 0 1 0 1 32 21 64 60 53 124
4 69480962 0 1 0 1 22 21 63 65 43 128
4 69480993 0 1 0 1 16 14 42 56 30 98
4 69517907 0 1 0 1 5 10 24 35 15 59
4 69518195 0 1 0 1 3 9 3 25 12 28
4 69525626 0 1 0 1 12 13 31 33 25 64
4 69525711 0 1 0 1 26 28 71 71 54 142
4 69525736 0 1 0 1 21 33 68 65 54 133
4 69525818 0 1 0 1 5 7 21 23 12 44
4 69596324 0 1 0 1 15 11 36 47 26 83
4 69599435 0 1 0 1 37 34 65 64 71 129
4 69647003 0 1 0 1 32 26 65 63 58 128
4 69754990 0 1 0 1 10 9 30 35 19 65
4 69847802 0 1 0 1 27 33 83 60 60 143
4 69936525 0 1 0 0 2 22 0 94 24 94
4 69939131 0 1 0 1 9 9 34 48 18 82
4 70055448 0 1 0 1 15 9 43 31 24 74
4 70161496 0 1 0 1 13 21 53 40 34 93
4 70196539 0 1 0 1 4 9 16 19 13 35
4 70196625 0 1 0 1 10 19 29 53 29 82
4 70196709 0 1 0 1 6 6 13 38 12 51
4 70198247 0 1 0 1 8 13 30 24 21 54
4 70202772 0 1 0 1 30 34 63 60 64 123
4 70244922 0 1 0 1 9 14 26 39 23 65
4 70244963 0 1 0 1 6 7 20 29 13 49
4 70247916 0 1 0 1 11 12 39 37 23 76
4 70249239 0 1 0 1 73 53 86 105 126 191
4 70249343 0 1 0 1 47 59 76 110 106 186
4 70249435 0 1 0 1 34 37 62 103 71 165
4 70335931 0 1 0 1 56 69 105 88 125 193
4 70336226 0 1 0 1 31 29 72 64 60 136
4 70362205 0 1 0 1 4 45 6 100 49 106
4 70362281 0 1 0 1 8 8 21 18 16 39
4 70409670 0 1 0 1 54 55 99 97 109 196
4 70480984 0 1 0 1 55 57 96 94 112 190
4 70518862 0 1 0 1 51 53 96 95 104 191
4 70522662 0 1 0 1 16 15 64 43 31 107
4 70522677 0 1 0 1 19 25 69 55 44 124
4 70522834 0 1 0 1 38 51 85 90 89 175
4 70531191 0 1 0 0 2 33 0 130 35 130
4 70531272 0 1 0 1 24 18 61 57 42 118
4 70532347 0 1 0 1 4 9 24 19 13 43
4 70599525 0 1 0 0 3 24 0 74 27 74
4 71531993 0 1 0 1 9 16 21 30 25 51
4 71532247 0 1 0 1 23 28 43 42 51 85
4 71547564 0 1 0 1 15 23 59 41 38 100
4 71752606 0 1 0 1 25 26 57 68 51 125
4 71752617 0 1 0 1 26 28 69 54 54 123
4 71765467 0 1 0 1 9 18 40 56 27 96
4 71769258 0 1 0 1 27 22 54 55 49 109
4 71784057 0 1 0 1 34 45 68 86 79 154
4 71807240 0 1 0 1 2 11 19 31 13 50
4 72309331 0 1 0 1 7 8 21 20 15 41
4 72315920 0 1 0 1 63 60 89 98 123 187
4 72548569 0 1 0 1 37 37 81 98 74 179
4 72750239 0 1 0 1 40 38 88 88 78 176
4 73064835 0 1 0 1 20 20 54 65 40 119
4 73065453 0 1 0 1 9 15 26 34 24 60
4 73069726 0 1 0 0 3 92 0 184 95 184
4 73091019 0 1 0 1 47 58 93 89 105 182
4 73146745 0 1 0 1 11 17 40 31 28 71
4 73410433 0 1 0 1 12 12 32 38 24 70
4 73455648 0 1 0 1 6 12 24 31 18 55
4 74241538 0 1 0 1 4 6 36 40 10 76
4 74308406 0 1 0 0 2 24 0 95 26 95
4 74380900 0 1 0 1 13 11 28 21 24 49
4 74382717 0 1 0 1 50 39 78 90 89 168
4 74382827 0 1 0 1 8 8 24 28 16 52
4 74449007 0 1 0 1 9 6 31 26 15 57
4 74449276 0 1 0 1 28 18 54 44 46 98
4 74450339 0 1 0 1 11 5 28 26 16 54
4 75012761 0 1 0 1 51 57 89 98 108 187
4 75012969 0 1 0 1 38 38 89 86 76 175
4 75013026 0 1 0 1 26 28 78 72 54 150
4 75013163 0 1 0 1 15 13 25 53 28 78
4 75491569 0 1 0 1 16 19 43 51 35 94
4 75542458 0 1 0 1 19 22 56 52 41 108
4 75564135 0 1 0 1 62 43 77 109 105 186
4 75626075 0 1 0 1 8 4 20 17 12 37
4 75655880 0 1 0 1 20 30 45 54 50 99
4 75757423 0 1 0 1 5 9 40 31 14 71
4 75757508 0 1 0 0 2 24 0 116 26 116
4 75799732 0 1 0 1 31 21 53 61 52 114
4 75800261 0 1 0 1 8 13 24 32 21 56
4 75800306 0 1 0 1 20 19 44 62 39 106
4 75800552 0 1 0 1 12 11 33 35 23 68
4 75800888 0 1 0 1 4 8 18 14 12 32
4 75801200 0 1 0 1 24 24 52 71 48 123
4 75801269 0 1 0 1 13 13 36 49 26 85
4 75808908 0 1 0 1 11 5 15 19 16 34
4 75888416 0 1 0 1 14 9 41 38 23 79
4 75890022 0 1 0 1 17 24 60 64 41 124
4 75914984 0 1 0 1 19 17 48 71 36 119
4 75918576 0 1 0 1 7 4 27 21 11 48
4 75925602 0 1 0 1 7 10 33 28 17 61
4 75935997 0 1 0 1 7 9 22 16 16 38
4 75936011 0 1 0 1 9 11 31 22 20 53
4 75936156 0 1 0 1 64 47 83 111 111 194
4 75936235 0 1 0 1 40 31 59 84 71 143
4 75936242 0 1 0 1 37 27 59 79 64 138
4 75957535 0 1 0 1 29 22 57 69 51 126
4 75960239 0 1 0 1 5 8 22 37 13 59
4 75960248 0 1 0 1 7 7 33 21 14 54
4 75964270 0 1 0 1 30 23 56 73 53 129
4 75967082 0 1 0 1 7 4 16 15 11 31
4 75982142 0 1 0 1 14 12 46 48 26 94
4 75990599 0 1 0 1 8 7 28 24 15 52
4 76007275 0 1 0 1 10 12 35 45 22 80
4 76021790 0 1 0 1 33 25 69 48 58 117
4 76021984 0 1 0 1 24 30 58 77 54 135
4 76022082 0 1 0 1 5 6 19 17 11 36
4 76022524 0 1 0 1 10 18 30 30 28 60
4 76023338 0 1 0 1 17 19 47 47 36 94
4 76035026 0 1 0 1 3 15 19 35 18 54
4 76035035 0 1 0 1 4 14 19 35 18 54
4 76035375 0 1 0 1 14 25 54 55 39 109
4 76036018 0 1 0 1 41 48 73 93 89 166
4 76271535 0 1 0 1 12 13 53 27 25 80
4 76271715 0 1 0 1 28 27 68 71 55 139
4 76278058 0 1 0 1 14 23 44 51 37 95
4 76280334 0 1 0 1 27 27 75 62 54 137
4 76328877 0 1 0 1 65 61 98 94 126 192
4 76353089 0 1 0 1 25 22 60 44 47 104
4 76371648 0 1 0 1 5 9 18 8 14 26
4 76382745 0 1 0 1 13 14 36 32 27 68
4 76716349 0 1 0 1 57 77 91 96 134 187
4 76731066 0 1 0 1 6 9 15 24 15 39
4 76739009 0 1 0 1 45 46 88 83 91 171
4 76739578 0 1 0 1 23 45 67 92 68 159
4 76741095 0 1 0 1 17 18 47 72 35 119
4 76742109 0 1 0 1 26 27 61 53 53 114
4 76755073 0 1 0 1 6 52 8 119 58 127
4 76896685 0 1 0 0 3 91 0 185 94 185
4 77165783 0 1 0 0 3 21 0 83 24 83
4 77165785 0 1 0 0 2 21 0 86 23 86
4 78057987 0 1 0 1 39 34 70 66 73 136
4 78066003 0 1 0 1 35 43 74 87 78 161
4 78266746 0 1 0 1 23 18 46 70 41 116
4 78317495 0 1 0 1 14 26 57 70 40 127
4 78319319 0 1 0 1 21 19 34 47 40 81
4 78319520 0 1 0 1 34 27 57 66 61 123
4 78479250 0 1 0 1 6 4 23 11 10 34
4 78511263 0 1 0 0 3 14 0 52 17 52
4 78511266 0 1 0 0 2 14 0 57 16 57
4 78511267 0 1 0 0 2 14 0 59 16 59
4 78511269 0 1 0 0 3 13 0 60 16 60
4 78511273 0 1 0 0 2 16 0 63 18 63
4 78513330 0 1 0 1 13 20 39 46 33 85
4 78541157 0 1 0 1 4 8 26 23 12 49
4 78573276 0 1 0 1 26 32 61 60 58 121
4 78582076 0 1 0 1 3 7 19 15 10 34
4 78591646 0 1 0 1 28 27 74 62 55 136
4 78872553 0 1 0 1 8 10 20 24 18 44
4 78911147 0 1 0 0 2 32 0 130 34 130
4 78939016 0 1 0 0 2 31 0 136 33 136
4 79907514 0 1 0 1 20 16 44 40 36 84
4 79984697 0 1 0 1 4 7 25 19 11 44
4 80018825 0 1 0 1 6 10 30 36 16 66
4 80054218 0 1 0 1 13 9 38 42 22 80
4 80055266 0 1 0 1 39 44 74 89 83 163
4 80055924 0 1 0 1 15 19 44 44 34 88
4 80286317 0 1 0 0 3 42 0 95 45 95
4 80387756 0 1 0 0 2 29 0 112 31 112
4 80420127 0 1 0 1 18 12 38 46 30 84
4 81031694 0 1 0 1 13 10 49 53 23 102
4 81920408 0 1 0 1 6 6 25 18 12 43
4 82129595 0 1 0 1 18 15 39 51 33 90
4 82275735 0 1 0 1 18 14 53 53 32 106
4 82276398 0 1 0 1 25 20 64 57 45 121
4 82402021 0 1 0 1 10 20 31 40 30 71
4 82448134 0 1 0 1 12 13 38 36 25 74
4 82705229 0 1 0 1 9 12 38 19 21 57
4 82821183 0 1 0 1 4 8 26 30 12 56
4 82842537 0 1 0 1 6 13 34 30 19 64
4 82844538 0 1 0 1 29 33 58 69 62 127
4 82853534 0 1 0 1 19 24 43 48 43 91
4 82857225 0 1 0 1 7 6 13 19 13 32
4 82864421 0 1 0 0 4 76 0 172 80 172
4 82866722 0 1 0 1 6 8 28 26 14 54
4 82866986 0 1 0 1 2 16 31 27 18 58
4 82870220 0 1 0 1 8 6 26 21 14 47
4 82872090 0 1 0 1 17 32 59 77 49 136
4 82874653 0 1 0 1 34 30 69 91 64 160
4 82904670 0 1 0 1 9 10 42 24 19 66
4 82906669 0 1 0 1 18 29 54 53 47 107
4 82917109 0 1 0 1 55 54 87 109 109 196
4 82935955 0 1 0 1 33 49 80 65 82 145
4 82935956 0 1 0 1 34 50 83 65 84 148
4 82984105 0 1 0 1 8 5 27 25 13 52
4 83063280 0 1 0 1 10 10 24 31 20 55
4 83075292 0 1 0 0 4 65 0 135 69 135
4 83247431 0 1 0 1 10 4 28 22 14 50
4 83247660 0 1 0 1 7 10 31 29 17 60
4 83247662 0 1 0 1 7 11 31 27 18 58
4 83247738 0 1 0 1 5 10 24 18 15 42
4 83248011 0 1 0 1 11 4 36 29 15 65
4 83248135 0 1 0 1 5 6 17 20 11 37
4 83267697 0 1 0 1 17 18 46 53 35 99
4 83269878 0 1 0 1 28 18 51 66 46 117
4 83272213 0 1 0 1 12 13 32 28 25 60
4 83284719 0 1 0 1 11 18 34 47 29 81
4 83322396 0 1 0 1 37 29 78 67 66 145
4 83407581 0 1 0 1 25 23 39 61 48 100
4 83426210 0 1 0 1 8 9 18 11 17 29
4 83441290 0 1 0 1 13 6 41 34 19 75
4 83443598 0 1 0 1 12 21 42 47 33 89
4 83443655 0 1 0 1 6 6 30 20 12 50
4 83446133 0 1 0 1 11 15 48 33 26 81
4 83448938 0 1 0 1 9 7 40 20 16 60
4 83453327 0 1 0 1 16 18 63 62 34 125
4 83459802 0 1 0 1 6 17 38 41 23 79
4 83462657 0 1 0 1 6 4 28 24 10 52
4 83477837 0 1 0 1 10 16 35 38 26 73
4 83536848 0 1 0 1 11 20 29 37 31 66
4 83536875 0 1 0 1 5 10 18 24 15 42
4 84493588 0 1 0 1 6 9 26 28 15 54
4 84583631 0 1 0 1 19 11 36 38 30 74
4 84609480 0 1 0 1 48 61 61 121 109 182
4 84609643 0 1 0 1 2 8 22 18 10 40
4 84645188 0 1 0 0 3 34 0 85 37 85
4 84682366 0 1 0 0 2 15 0 70 17 70
4 84691584 0 1 0 1 29 33 64 64 62 128
4 84691741 0 1 0 1 25 33 58 50 58 108
4 84716871 0 1 0 1 14 14 29 22 28 51
4 84736127 0 1 0 1 4 14 27 36 18 63
4 84787639 0 1 0 1 23 39 55 76 62 131
4 85923682 0 1 0 1 26 26 71 68 52 139
4 85923847 0 1 0 1 9 9 26 21 18 47
4 86031437 0 1 0 1 12 22 58 62 34 120
4 86031495 0 1 0 1 11 27 57 57 38 114
4 86031534 0 1 0 1 9 20 41 41 29 82
4 86103256 0 1 0 1 9 14 42 36 23 78
4 86764764 0 1 0 0 2 21 0 79 23 79
4 86887867 0 1 0 1 27 33 62 67 60 129
4 87084051 0 1 0 1 32 27 63 51 59 114
4 87127164 0 1 0 1 12 24 13 66 36 79
4 87127176 0 1 0 1 11 22 22 53 33 75
4 87131067 0 1 0 1 37 38 70 92 75 162
4 87318457 0 1 0 1 27 13 40 59 40 99
4 87340676 0 1 0 1 16 27 70 58 43 128
4 87441752 0 1 0 1 22 27 51 53 49 104
4 87480464 0 1 0 1 24 36 82 79 60 161
4 87495071 0 1 0 1 20 27 67 74 47 141
4 87612289 0 1 0 1 27 31 79 62 58 141
4 87612293 0 1 0 1 27 34 80 62 61 142
4 87613083 0 1 0 1 22 33 68 74 55 142
4 87614663 0 1 0 0 3 45 0 137 48 137
4 87614666 0 1 0 1 3 44 16 120 47 136
4 87614672 0 1 0 0 3 42 0 131 45 131
4 87614674 0 1 0 1 24 20 67 61 44 128
4 87614680 0 1 0 1 7 37 18 104 44 122
4 87615210 0 1 0 1 16 6 35 41 22 76
4 87615368 0 1 0 1 10 17 44 55 27 99
4 87615540 0 1 0 1 7 18 42 28 25 70
4 87615666 0 1 0 1 14 17 45 57 31 102
4 87615752 0 1 0 1 2 16 3 76 18 79
4 87615765 0 1 0 1 4 15 9 63 19 72
4 87615767 0 1 0 1 4 13 10 60 17 70
4 87615782 0 1 0 0 4 14 0 57 18 57
4 87615785 0 1 0 0 3 14 0 58 17 58
4 87615883 0 1 0 1 11 9 30 34 20 64
4 87615911 0 1 0 1 7 6 25 20 13 45
4 87616091 0 1 0 1 4 19 10 48 23 58
4 87616097 0 1 0 1 4 18 11 51 22 62
4 87616106 0 1 0 1 6 19 14 61 25 75
4 87616109 0 1 0 1 5 18 16 58 23 74
4 87616116 0 1 0 1 12 15 39 39 27 78
4 87616124 0 1 0 1 4 22 17 63 26 80
4 87616127 0 1 0 1 4 27 16 65 31 81
4 87616154 0 1 0 1 2 31 6 71 33 77
4 87616268 0 1 0 1 23 16 52 43 39 95
4 87661983 0 1 0 1 22 13 38 64 35 102
4 87662996 0 1 0 1 21 41 83 72 62 155
4 87663008 0 1 0 1 24 40 86 70 64 156
4 87663355 0 1 0 1 18 14 38 44 32 82
4 87811379 0 1 0 1 9 9 43 30 18 73
4 87811594 0 1 0 1 16 21 47 85 37 132
4 87834815 0 1 0 1 17 16 41 55 33 96
4 87891948 0 1 0 1 37 42 72 95 79 167
4 87891974 0 1 0 1 54 45 86 92 99 178
4 87892431 0 1 0 1 37 40 94 84 77 178
4 87892507 0 1 0 1 21 56 81 97 77 178
4 87892720 0 1 0 1 52 48 74 116 100 190
4 87892896 0 1 0 1 47 39 94 87 86 181
4 87892973 0 1 0 1 28 45 74 92 73 166
4 87893055 0 1 0 1 4 11 16 30 15 46
4 87893513 0 1 0 1 24 27 56 90 51 146
4 87893531 0 1 0 1 26 31 61 93 57 154
4 87893837 0 1 0 1 38 61 81 102 99 183
4 87893996 0 1 0 1 16 91 37 154 107 191
4 88043216 0 1 0 0 3 27 0 78 30 78
4 88115201 0 1 0 1 14 9 22 25 23 47
4 88437618 0 1 0 1 7 5 13 16 12 29
4 88728508 0 1 0 1 8 6 33 23 14 56
4 88749828 0 1 0 0 2 30 0 130 32 130
4 88787699 0 1 0 1 40 32 63 70 72 133
4 88790698 0 1 0 1 36 31 77 68 67 145
4 88790703 0 1 0 1 33 30 79 65 63 144
4 88804922 0 1 0 1 37 39 85 82 76 167
4 89895143 0 1 0 1 24 26 74 70 50 144
4 89895639 0 1 0 1 7 6 25 33 13 58
4 89909452 0 1 0 1 17 8 37 37 25 74
4 89936304 0 1 0 0 14 28 0 102 42 102
4 89936328 0 1 0 1 25 17 54 45 42 99
4 90308289 0 1 0 0 2 18 0 71 20 71
4 90308998 0 1 0 1 46 47 80 88 93 168
4 90309428 0 1 0 1 16 35 56 71 51 127
4 90325505 0 1 0 1 17 16 45 43 33 88
4 90663841 0 1 0 1 11 10 42 55 21 97
4 90663852 0 1 0 1 11 11 48 43 22 91
4 90663909 0 1 0 1 6 7 37 35 13 72
4 90911458 0 1 0 1 23 32 42 61 55 103
4 91318929 0 1 0 1 16 8 38 41 24 79
4 91319127 0 1 0 1 7 9 24 22 16 46
4 91319651 0 1 0 1 5 10 31 33 15 64
4 91319741 0 1 0 1 17 28 66 62 45 128
4 91319774 0 1 0 1 12 22 65 61 34 126
4 91319880 0 1 0 1 6 8 14 20 14 34
4 91325193 0 1 0 1 32 45 92 75 77 167
4 91325390 0 1 0 1 8 4 10 19 12 29
4 92590330 0 1 0 1 22 22 41 45 44 86
4 92822179 0 1 0 1 9 7 16 20 16 36
4 93259008 0 1 0 1 13 13 39 54 26 93
4 93515142 0 1 0 0 3 10 0 29 13 29
4 94208492 0 1 0 0 2 28 0 126 30 126
4 94233936 0 1 0 0 3 53 0 109 56 109
4 94240845 0 1 0 1 8 7 19 23 15 42
4 94248621 0 1 0 1 19 17 54 44 36 98
4 94249688 0 1 0 1 10 4 20 29 14 49
4 94264904 0 1 0 1 11 12 39 34 23 73
4 94276331 0 1 0 0 3 49 0 115 52 115
4 94278607 0 1 0 0 3 57 0 156 60 156
4 94278611 0 1 0 0 3 59 0 160 62 160
4 94278613 0 1 0 0 3 62 0 159 65 159
4 94334486 0 1 0 1 7 4 25 13 11 38
4 94456513 0 1 0 0 2 11 0 58 13 58
4 95152805 0 1 0 1 27 32 64 69 59 133
4 95154814 0 1 0 1 4 6 22 15 10 37
4 95170099 0 1 0 1 7 7 22 16 14 38
4 95170373 0 1 0 1 21 18 47 72 39 119
4 95185171 0 1 0 1 12 19 60 56 31 116
4 95202830 0 1 0 1 25 23 71 67 48 138
4 95206718 0 1 0 1 24 18 51 49 42 100
4 95216361 0 1 0 1 12 12 30 19 24 49
4 95248582 0 1 0 1 44 55 80 103 99 183
4 95335465 0 1 0 1 33 41 86 67 74 153
4 96212968 0 1 0 1 3 11 22 23 14 45
4 98106008 0 1 0 1 9 18 36 23 27 59
4 98418889 0 1 0 0 3 22 0 65 25 65
4 98478597 0 1 0 1 11 10 28 23 21 51
4 98658009 0 1 0 1 7 4 18 20 11 38
4 98887103 0 1 0 1 6 5 18 16 11 34
4 98928975 0 1 0 1 23 21 67 61 44 128
4 98956251 0 1 0 1 5 6 20 25 11 45
4 98997510 0 1 0 1 8 9 46 42 17 88
4 99005814 0 1 0 1 12 11 43 48 23 91
4 99022946 0 1 0 1 7 14 32 49 21 81
4 99023081 0 1 0 1 3 7 27 18 10 45
4 99031456 0 1 0 1 23 27 42 75 50 117
4 99031559 0 1 0 1 54 62 82 111 116 193
4 99072718 0 1 0 1 27 40 74 96 67 170
4 99082182 0 1 0 1 29 29 60 68 58 128
4 99085494 0 1 0 1 23 38 52 83 61 135
4 99088587 0 1 0 1 49 60 85 90 109 175
4 99124349 0 1 0 1 7 4 27 19 11 46
4 99124423 0 1 0 1 12 8 53 35 20 88
4 99124465 0 1 0 1 9 6 42 36 15 78
4 99124496 0 1 0 1 10 6 35 33 16 68
4 99126661 0 1 0 1 22 37 75 79 59 154
4 99126778 0 1 0 1 13 10 33 45 23 78
4 99127263 0 1 0 1 27 39 76 65 66 141
4 99127358 0 1 0 1 20 21 53 65 41 118
4 99131582 0 1 0 1 12 18 47 57 30 104
4 99141524 0 1 0 1 15 14 56 52 29 108
4 99141526 0 1 0 0 2 29 0 111 31 111
4 99141531 0 1 0 0 2 31 0 116 33 116
4 99143082 0 1 0 1 6 12 25 29 18 54
4 99143175 0 1 0 1 37 37 77 82 74 159
4 99207596 0 1 0 1 26 35 59 74 61 133
4 99210006 0 1 0 1 24 21 47 54 45 101
4 99282415 0 1 0 1 2 130 4 177 132 181
4 99311467 0 1 0 1 27 30 62 55 57 117
4 99313896 0 1 0 1 11 56 23 70 67 93
4 99336750 0 1 0 1 38 38 73 60 76 133
4 99336850 0 1 0 1 60 101 103 93 161 196
4 99339632 0 1 0 1 30 26 67 72 56 139
4 99342677 0 1 0 1 11 14 33 30 25 63
4 99342785 0 1 0 1 58 66 89 90 124 179
4 99342808 0 1 0 1 54 58 74 80 112 154
4 99344955 0 1 0 1 47 58 74 95 105 169
4 99345173 0 1 0 1 20 26 57 69 46 126
4 99345326 0 1 0 1 12 8 30 23 20 53
4 99346975 0 1 0 1 2 9 11 18 11 29
4 99347888 0 1 0 1 74 60 85 109 134 194
4 99420486 0 1 0 1 16 21 38 47 37 85
4 99435022 0 1 0 1 38 32 68 69 70 137
4 99435180 0 1 0 1 51 45 85 93 96 178
4 99522563 0 1 0 1 27 29 56 80 56 136
4 99522625 0 1 0 1 11 17 37 54 28 91
4 99522627 0 1 0 1 11 18 37 54 29 91
4 99522643 0 1 0 1 10 15 33 49 25 82
4 99542080 0 1 0 1 51 45 89 97 96 186
4 99589702 0 1 0 1 18 15 57 59 33 116
4 99594617 0 1 0 1 5 5 17 20 10 37
4 99594865 0 1 0 1 63 57 86 88 120 174
4 99597173 0 1 0 1 23 31 70 89 54 159
4 99611096 0 1 0 1 12 12 27 25 24 52
4 99612816 0 1 0 1 7 6 18 19 13 37
4 99621325 0 1 0 1 6 6 21 11 12 32
4 99649524 0 1 0 1 20 22 49 61 42 110
4 99649844 0 1 0 1 35 28 58 71 63 129
4 99653038 0 1 0 1 34 38 73 95 72 168
4 99653664 0 1 0 1 26 36 73 62 62 135
4 99654554 0 1 0 1 25 39 85 78 64 163
4 99816878 0 1 0 1 16 13 48 32 29 80
4 99866076 0 1 0 1 24 34 40 61 58 101
4 99868259 0 1 0 1 19 20 54 50 39 104
4 99991196 0 1 0 0 2 15 0 71 17 71
4 100415993 0 1 0 1 8 12 36 33 20 69
4 100447504 0 1 0 1 11 13 65 40 24 105
4 101032165 0 1 0 1 20 19 45 48 39 93
4 101721369 0 1 0 1 27 35 76 78 62 154
4 101829919 0 1 0 1 53 41 95 75 94 170
4 101830119 0 1 0 1 39 47 75 97 86 172
4 101870748 0 1 0 1 14 14 33 25 28 58
4 101918130 0 1 0 1 36 19 69 60 55 129
4 102510933 0 1 0 1 15 9 50 47 24 97
4 102593501 0 1 0 1 16 25 58 53 41 111
4 102593584 0 1 0 1 12 15 56 37 27 93
4 102613403 0 1 0 1 10 9 23 29 19 52
4 102634835 0 1 0 1 16 12 35 39 28 74
4 102635159 0 1 0 1 5 10 21 23 15 44
4 102635920 0 1 0 1 45 61 77 102 106 179
4 102636035 0 1 0 1 28 49 82 76 77 158
4 102636062 0 1 0 1 22 29 68 60 51 128
4 102636094 0 1 0 1 13 24 44 48 37 92
4 102636154 0 1 0 1 6 10 17 25 16 42
4 102671224 0 1 0 0 2 24 0 91 26 91
4 102689715 0 1 0 1 6 13 19 36 19 55
4 102690688 0 1 0 1 59 67 80 92 126 172
4 102730739 0 1 0 1 24 25 51 70 49 121
4 102730805 0 1 0 1 11 9 22 25 20 47
4 102798736 0 1 0 1 6 4 12 19 10 31
4 102798749 0 1 0 1 7 4 14 24 11 38
4 102868653 0 1 0 1 10 10 32 39 20 71
4 102869029 0 1 0 1 6 11 21 21 17 42
4 102945323 0 1 0 1 40 27 79 81 67 160
4 102990002 0 1 0 1 4 8 20 26 12 46
4 103116636 0 1 0 0 2 10 0 70 12 70
4 103120136 0 1 0 1 9 7 15 13 16 28
4 103138385 0 1 0 1 63 61 99 86 124 185
4 103145304 0 1 0 1 13 14 39 49 27 88
4 103158267 0 1 0 1 9 12 33 30 21 63
4 103161192 0 1 0 1 8 14 48 42 22 90
4 103181406 0 1 0 1 11 9 24 41 20 65
4 103182740 0 1 0 1 25 21 55 52 46 107
4 103185886 0 1 0 1 6 5 16 32 11 48
4 103194400 0 1 0 0 2 19 0 75 21 75
4 103196034 0 1 0 1 26 32 68 68 58 136
4 103198430 0 1 0 1 22 12 49 59 34 108
4 103572213 0 1 0 1 6 7 13 26 13 39
4 103572707 0 1 0 1 8 21 36 61 29 97
4 103573918 0 1 0 1 15 12 43 20 27 63
4 103573968 0 1 0 1 7 10 25 19 17 44
4 103573990 0 1 0 1 4 10 16 19 14 35
4 105235030 0 1 0 1 47 56 100 87 103 187
4 105236788 0 1 0 1 49 50 96 86 99 182
4 105242752 0 1 0 1 16 17 36 40 33 76
4 105275672 0 1 0 1 44 75 89 104 119 193
4 105275794 0 1 0 1 43 50 84 94 93 178
4 105396272 0 1 0 1 6 9 20 21 15 41
4 105399242 0 1 0 1 7 11 41 35 18 76
4 105399289 0 1 0 1 5 10 25 27 15 52
4 105438052 0 1 0 1 6 7 17 24 13 41
4 105589313 0 1 0 1 39 32 90 62 71 152
4 105837912 0 1 0 0 2 16 0 90 18 90
4 105897896 0 1 0 1 8 17 42 43 25 85
4 105912058 0 1 0 1 2 13 4 27 15 31
4 105938392 0 1 0 1 11 17 53 63 28 116
4 105970374 0 1 0 1 14 13 34 29 27 63
4 106236782 0 1 0 0 2 15 0 91 17 91
4 106337071 0 1 0 1 12 14 50 46 26 96
4 106358285 0 1 0 0 2 19 0 90 21 90
4 107659935 0 1 0 0 2 23 0 93 25 93
4 107899568 0 1 0 0 3 40 0 97 43 97
4 107989947 0 1 0 0 2 35 0 132 37 132
4 108556952 0 1 0 1 21 24 66 82 45 148
4 108620343 0 1 0 1 61 32 80 100 93 180
4 108620447 0 1 0 1 18 17 39 46 35 85
4 108620460 0 1 0 1 15 14 39 39 29 78
4 108655687 0 1 0 1 28 29 63 66 57 129
4 108756544 0 1 0 0 2 18 0 68 20 68
4 108760027 0 1 0 0 2 16 0 70 18 70
4 108762682 0 1 0 1 18 16 43 44 34 87
4 108852253 0 1 0 0 2 20 0 96 22 96
4 109048181 0 1 0 1 27 16 65 69 43 134
4 109684588 0 1 0 1 16 15 46 44 31 90
4 109717654 0 1 0 1 26 45 59 96 71 155
4 109717678 0 1 0 0 3 97 0 179 100 179
4 109746231 0 1 0 0 3 53 0 128 56 128
4 109833343 0 1 0 1 25 29 51 65 54 116
4 109837395 0 1 0 1 9 6 18 29 15 47
4 109837613 0 1 0 1 38 37 73 78 75 151
4 109844216 0 1 0 1 22 18 53 57 40 110
4 109851911 0 1 0 1 45 46 94 86 91 180
4 109865134 0 1 0 1 31 35 59 68 66 127
4 109865361 0 1 0 1 5 5 28 15 10 43
4 109867583 0 1 0 1 22 19 42 48 41 90
4 109869755 0 1 0 1 34 38 74 94 72 168
4 109870205 0 1 0 1 29 50 85 78 79 163
4 109870257 0 1 0 1 29 59 84 97 88 181
4 109870387 0 1 0 1 39 44 80 81 83 161
4 109964417 0 1 0 0 3 58 0 126 61 126
4 110416322 0 1 0 1 6 6 6 37 12 43
4 110488469 0 1 0 0 2 13 0 53 15 53
4 110488549 0 1 0 1 23 54 67 93 77 160
4 110519188 0 1 0 1 23 19 38 63 42 101
4 110553503 0 1 0 1 20 21 42 52 41 94
4 112265642 0 1 0 1 8 7 32 28 15 60
4 112358861 0 1 0 1 21 19 67 60 40 127
4 112425840 0 1 0 1 18 23 55 44 41 99
4 112428998 0 1 0 1 7 8 36 29 15 65
4 112429103 0 1 0 0 3 90 0 159 93 159
4 112429259 0 1 0 1 19 28 57 53 47 110
4 112431241 0 1 0 1 37 32 77 85 69 162
4 112431472 0 1 0 1 24 31 82 79 55 161
4 112431743 0 1 0 1 32 24 57 79 56 136
4 112432129 0 1 0 1 40 45 75 97 85 172
4 112438547 0 1 0 1 42 65 96 91 107 187
4 112438727 0 1 0 1 11 6 36 20 17 56
4 112455971 0 1 0 1 5 14 27 24 19 51
4 112456554 0 1 0 1 19 11 50 39 30 89
4 112514888 0 1 0 1 9 19 48 45 28 93
4 112562290 0 1 0 1 5 7 11 21 12 32
4 112618813 0 1 0 1 32 31 70 78 63 148
4 112628833 0 1 0 1 12 16 23 45 28 68
4 112647979 0 1 0 1 29 54 67 105 83 172
4 113106870 0 1 0 0 2 35 0 127 37 127
4 113160334 0 1 0 1 10 9 35 32 19 67
4 113348396 0 1 0 1 34 25 53 60 59 113
4 113354087 0 1 0 1 61 59 106 89 120 195
4 113355724 0 1 0 1 18 24 64 66 42 130
4 113355728 0 1 0 1 18 22 60 73 40 133
4 113358266 0 1 0 1 35 41 89 85 76 174
4 113363489 0 1 0 1 48 45 84 100 93 184
4 113373152 0 1 0 1 46 53 90 93 99 183
4 113378191 0 1 0 1 39 31 70 76 70 146
4 116044030 0 1 0 0 2 20 0 78 22 78
4 116598197 0 1 0 1 8 6 30 27 14 57
4 116599533 0 1 0 1 16 16 45 46 32 91
4 117575615 0 1 0 1 16 11 39 46 27 85
4 117576083 0 1 0 1 8 22 40 41 30 81
4 118240640 0 1 0 1 17 14 59 52 31 111
4 118255548 0 1 0 1 21 15 49 45 36 94
4 118294899 0 1 0 1 25 20 54 68 45 122
4 118316193 0 1 0 1 40 33 84 74 73 158
4 118318633 0 1 0 1 9 4 23 20 13 43
4 118335489 0 1 0 0 3 89 0 161 92 161
4 118480369 0 1 0 0 3 96 0 178 99 178
4 118480412 0 1 0 0 3 69 0 124 72 124
4 118513906 0 1 0 1 17 75 38 138 92 176
4 118514975 0 1 0 1 14 34 26 101 48 127
4 118523301 0 1 0 1 28 21 66 74 49 140
4 118638125 0 1 0 1 3 13 9 38 16 47
4 118704118 0 1 0 1 7 8 23 16 15 39
4 118797833 0 1 0 1 34 39 55 66 73 121
4 118805794 0 1 0 1 8 16 38 30 24 68
4 119026891 0 1 0 1 44 51 80 98 95 178
4 119212394 0 1 0 1 27 42 89 61 69 150
4 119256367 0 1 0 1 26 31 64 63 57 127
4 119256553 0 1 0 1 7 15 29 41 22 70
4 119260569 0 1 0 1 50 51 86 88 101 174
4 119292875 0 1 0 1 48 46 100 85 94 185
4 119300270 0 1 0 1 13 18 44 52 31 96
4 119318976 0 1 0 1 27 23 71 55 50 126
4 119319083 0 1 0 1 11 15 60 43 26 103
4 119377993 0 1 0 1 7 7 21 25 14 46
4 119393509 0 1 0 1 20 26 47 68 46 115
4 119393586 0 1 0 1 27 20 62 71 47 133
4 119393726 0 1 0 1 12 9 42 39 21 81
4 119393766 0 1 0 1 11 13 41 41 24 82
4 119394920 0 1 0 1 23 19 55 52 42 107
4 119502564 0 1 0 1 6 7 22 30 13 52
4 119502574 0 1 0 1 7 10 21 34 17 55
4 119504622 0 1 0 1 4 13 28 38 17 66
4 119539151 0 1 0 1 6 10 14 20 16 34
4 119553704 0 1 0 1 17 23 54 49 40 103
4 119565424 0 1 0 0 2 14 0 89 16 89
4 120062104 0 1 0 1 67 63 98 96 130 194
4 120798389 0 1 0 1 10 19 46 66 29 112
4 120816612 0 1 0 1 5 7 22 22 12 44
4 120853360 0 1 0 1 21 28 65 55 49 120
4 121329359 0 1 0 1 52 44 88 91 96 179
4 121330345 0 1 0 1 22 26 43 44 48 87
4 121336795 0 1 0 1 33 38 60 83 71 143
4 121340340 0 1 0 1 4 13 20 27 17 47
4 121340630 0 1 0 1 20 42 68 61 62 129
4 121369465 0 1 0 1 11 12 39 42 23 81
4 121370218 0 1 0 0 2 12 0 50 14 50
4 121380212 0 1 0 1 7 9 12 41 16 53
4 121760218 0 1 0 1 14 12 45 46 26 91
4 121761852 0 1 0 1 34 34 63 73 68 136
4 121801951 0 1 0 1 23 23 46 61 46 107
4 121821062 0 1 0 1 40 28 62 88 68 150
4 121828281 0 1 0 1 15 29 43 69 44 112
4 121828386 0 1 0 1 60 50 96 93 110 189
4 121848801 0 1 0 1 3 20 2 60 23 62
4 121861724 0 1 0 1 13 10 39 39 23 78
4 122189903 0 1 0 1 4 10 6 30 14 36
4 122189904 0 1 0 1 3 9 3 30 12 33
4 122189909 0 1 0 1 2 13 4 36 15 40
4 122190199 0 1 0 1 8 4 17 19 12 36
4 122209201 0 1 0 0 2 19 0 75 21 75
4 122209731 0 1 0 1 13 11 34 44 24 78
4 122224596 0 1 0 1 38 37 82 86 75 168
4 122229097 0 1 0 1 13 8 29 28 21 57
4 122255411 0 1 0 1 10 6 22 21 16 43
4 122258875 0 1 0 1 7 11 23 17 18 40
4 122264508 0 1 0 1 6 6 21 19 12 40
4 122271228 0 1 0 1 45 36 83 91 81 174
4 122272091 0 1 0 1 10 12 27 24 22 51
4 122274527 0 1 0 1 4 6 11 26 10 37
4 122307977 0 1 0 1 20 33 66 67 53 133
4 122315702 0 1 0 1 50 56 73 89 106 162
4 122355806 0 1 0 1 34 26 56 51 60 107
4 122359548 0 1 0 1 11 5 29 41 16 70
4 122412516 0 1 0 1 12 5 19 22 17 41
4 122451810 0 1 0 0 2 28 0 108 30 108
4 122612665 0 1 0 1 11 12 32 35 23 67
4 122612679 0 1 0 1 16 15 40 46 31 86
4 122741842 0 1 0 1 8 12 37 27 20 64
4 122743049 0 1 0 1 52 54 77 107 106 184
4 122743272 0 1 0 1 40 50 82 89 90 171
4 122743291 0 1 0 1 40 45 92 81 85 173
4 122743302 0 1 0 1 44 45 93 82 89 175
4 122743764 0 1 0 1 24 47 70 94 71 164
4 122827461 0 1 0 1 4 6 29 27 10 56
4 122893153 0 1 0 1 43 43 77 104 86 181
4 122933536 0 1 0 0 2 26 0 103 28 103
4 123402583 0 1 0 1 8 7 32 22 15 54
4 125317769 0 1 0 1 62 68 104 89 130 193
4 125318831 0 1 0 1 59 67 106 87 126 193
4 125319355 0 1 0 1 58 45 100 90 103 190
4 125320716 0 1 0 1 69 67 103 95 136 198
4 125408683 0 1 0 1 15 19 55 77 34 132
4 125468855 0 1 0 1 5 8 18 17 13 35
4 125476166 0 1 0 1 28 43 68 88 71 156
4 125479670 0 1 0 1 9 8 26 32 17 58
4 125481463 0 1 0 1 7 7 15 20 14 35
4 125481735 0 1 0 1 32 42 68 74 74 142
4 125490439 0 1 0 1 34 41 83 85 75 168
4 125491420 0 1 0 1 32 35 65 86 67 151
4 126563689 0 1 0 1 14 19 52 43 33 95
4 126564475 0 1 0 1 23 21 60 52 44 112
4 127708521 0 1 0 0 2 8 0 48 10 48
4 127804146 0 1 0 1 7 18 35 43 25 78
4 128155543 0 1 0 0 2 15 0 91 17 91
4 128199553 0 1 0 1 35 51 74 72 86 146
4 128831655 0 1 0 0 2 17 0 79 19 79
4 128884365 0 1 0 1 16 12 33 38 28 71
4 128946125 0 1 0 1 25 37 56 99 62 155
4 128952278 0 1 0 1 20 23 47 41 43 88
4 129003697 0 1 0 1 9 5 28 30 14 58
4 129003822 0 1 0 1 51 36 91 92 87 183
4 129040024 0 1 0 1 11 6 27 26 17 53
4 129102604 0 1 0 1 14 20 53 62 34 115
4 129106603 0 1 0 0 2 27 0 112 29 112
4 129109497 0 1 0 1 43 41 80 86 84 166
4 129137515 0 1 0 1 13 10 21 48 23 69
4 129137824 0 1 0 1 14 6 30 35 20 65
4 129903352 0 1 0 1 14 9 25 42 23 67
4 132436049 0 1 0 1 3 7 17 18 10 35
4 133151109 0 1 0 1 63 72 84 113 135 197
4 133152903 0 1 0 1 6 6 17 17 12 34
4 133154186 0 1 0 1 7 4 17 24 11 41
4 133154998 0 1 0 1 38 49 87 82 87 169
4 133164152 0 1 0 1 8 8 29 23 16 52
4 133574891 0 1 0 1 7 12 24 37 19 61
4 134199911 0 1 0 1 14 10 39 51 24 90
4 134200213 0 1 0 1 48 34 99 83 82 182
4 134200446 0 1 0 1 44 58 96 87 102 183
4 134328326 0 1 0 1 6 4 16 29 10 45
4 134328538 0 1 0 1 5 5 13 17 10 30
4 137301085 0 1 0 1 9 13 30 41 22 71
4 137520968 0 1 0 0 2 25 0 97 27 97
4 137528529 0 1 0 1 47 62 81 105 109 186
4 137528658 0 1 0 1 28 29 55 86 57 141
4 137532299 0 1 0 1 38 33 69 77 71 146
4 138481552 0 1 0 1 10 4 33 22 14 55
4 138561804 0 1 0 1 30 26 87 67 56 154
4 138562023 0 1 0 1 10 6 34 23 16 57
4 139044570 0 1 0 1 6 6 12 16 12 28
4 139472675 0 1 0 0 3 76 0 151 79 151
4 139695308 0 1 0 1 12 12 28 41 24 69
4 139888502 0 1 0 1 11 27 47 76 38 123
4 139888556 0 1 0 1 23 40 54 89 63 143
4 139889546 0 1 0 1 23 19 60 46 42 106
4 139889930 0 1 0 1 18 43 43 98 61 141
4 140409809 0 1 1 1 7 6 35 10 13 45
4 140525613 0 1 0 1 12 21 31 42 33 73
4 140642861 0 1 0 1 3 7 23 25 10 48
4 140644964 0 1 0 1 5 8 38 19 13 57
4 140676972 0 1 0 1 45 52 78 100 97 178
4 140677136 0 1 0 1 3 8 13 19 11 32
4 140925923 0 1 0 1 26 40 89 68 66 157
4 140925956 0 1 0 1 40 44 101 81 84 182
4 140947908 0 1 0 1 8 11 23 32 19 55
4 140949494 0 1 0 1 5 6 21 25 11 46
4 141234060 0 1 0 1 13 13 30 31 26 61
4 141719484 0 1 0 1 17 11 48 38 28 86
4 141727977 0 1 0 0 2 10 0 66 12 66
4 141730006 0 1 0 1 64 68 88 107 132 195
4 141730112 0 1 0 1 28 30 42 69 58 111
4 142086016 0 1 0 1 13 15 29 34 28 63
4 142086266 0 1 0 1 6 5 14 25 11 39
4 142122251 0 1 0 1 32 55 72 104 87 176
4 142124446 0 1 0 1 5 6 14 21 11 35
4 142193157 0 1 0 0 3 80 0 176 83 176
4 142260463 0 1 0 0 2 21 0 86 23 86
4 142314712 0 1 0 1 14 23 51 51 37 102
4 143417260 0 1 0 0 2 25 0 101 27 101
4 143521458 0 1 0 1 29 29 52 56 58 108
4 143521582 0 1 0 1 19 30 57 70 49 127
4 143525366 0 1 0 1 12 14 32 41 26 73
4 143526477 0 1 0 1 10 12 38 30 22 68
4 143538484 0 1 0 1 5 6 22 12 11 34
4 143544897 0 1 0 1 17 7 41 25 24 66
4 143548230 0 1 0 1 10 15 31 30 25 61
4 143698161 0 1 0 1 29 30 85 85 59 170
4 143761652 0 1 0 1 11 9 25 36 20 61
4 143903041 0 1 0 1 43 67 65 100 110 165
4 143903082 0 1 0 1 25 77 33 116 102 149
4 143903120 0 1 0 1 29 24 55 39 53 94
4 143903155 0 1 0 1 4 14 3 41 18 44
4 143903156 0 1 0 1 4 13 2 41 17 43
4 144001283 0 1 0 1 37 75 49 100 112 149
4 144001396 0 1 0 1 5 7 18 17 12 35
4 144019180 0 1 0 1 13 28 38 52 41 90
4 144658755 0 1 0 1 15 9 47 32 24 79
4 144737666 0 1 0 1 2 17 3 51 19 54
4 145105512 0 1 0 0 2 18 0 89 20 89
4 145105527 0 1 0 0 2 19 0 89 21 89
4 145127402 0 1 0 1 22 16 53 64 38 117
4 145375593 0 1 0 0 2 15 0 78 17 78
4 145376176 0 1 0 1 17 10 40 33 27 73
4 145624318 0 1 0 1 6 7 15 22 13 37
4 145624664 0 1 0 0 2 27 0 108 29 108
4 145625773 0 1 0 1 6 9 12 25 15 37
4 145639084 0 1 0 1 25 31 69 82 56 151
4 145651075 0 1 0 1 59 57 110 75 116 185
4 145696755 0 1 0 1 10 7 24 26 17 50
4 145775779 0 1 0 1 16 15 38 44 31 82
4 145776053 0 1 0 1 8 10 38 43 18 81
4 146183111 0 1 0 1 17 15 46 41 32 87
4 146224422 0 1 0 1 6 4 19 17 10 36
4 146292823 0 1 0 1 7 3 28 22 10 50
4 146305878 0 1 0 0 2 22 0 87 24 87
4 146442900 0 1 0 1 7 4 20 17 11 37
4 146867557 0 1 0 1 22 16 47 51 38 98
4 146903712 0 1 0 1 26 22 61 38 48 99
4 147458361 0 1 0 1 6 9 11 20 15 31
4 147458364 0 1 0 1 6 10 11 22 16 33
4 147458426 0 1 0 1 19 30 32 65 49 97
4 147458462 0 1 0 1 18 32 30 72 50 102
4 147458980 0 1 0 1 17 6 31 44 23 75
4 147506741 0 1 0 1 7 8 8 18 15 26
4 147680484 0 1 0 0 2 26 0 99 28 99
4 148063170 0 1 0 1 48 64 88 105 112 193
4 148081516 0 1 0 1 28 18 68 52 46 120
4 148114298 0 1 0 1 31 36 71 76 67 147
4 148435364 0 1 0 1 39 33 65 90 72 155
4 148436323 0 1 0 1 56 41 112 74 97 186
4 150221673 0 1 0 0 3 34 0 94 37 94
4 150221674 0 1 0 0 4 35 0 93 39 93
4 150240318 0 1 0 1 36 40 64 80 76 144
4 150240350 0 1 0 1 52 41 89 83 93 172
4 150285975 0 1 0 1 26 29 68 79 55 147
4 150310454 0 1 0 1 15 6 44 38 21 82
4 150321160 0 1 0 1 44 46 72 92 90 164
4 150436664 0 1 0 1 5 8 20 19 13 39
4 150852283 0 1 0 0 3 50 0 132 53 132
4 150908320 0 1 0 0 2 36 0 134 38 134
4 151102986 0 1 0 1 4 14 16 47 18 63
4 151566517 0 1 0 1 6 5 25 22 11 47
4 151577473 0 1 0 1 35 34 76 86 69 162
4 151586862 0 1 0 1 11 17 34 42 28 76
4 151588978 0 1 0 1 35 38 71 78 73 149
4 151703820 0 1 0 1 26 26 81 67 52 148
4 151760800 0 1 0 1 12 12 43 34 24 77
4 151760894 0 1 0 1 16 20 54 57 36 111
4 152347075 0 1 0 1 3 19 8 46 22 54
4 152769690 0 1 0 1 52 49 86 91 101 177
4 152829766 0 1 0 1 16 14 46 38 30 84
4 152943022 0 1 0 1 21 24 54 49 45 103
4 152949203 0 1 0 1 16 21 49 32 37 81
4 152962945 0 1 0 1 13 28 17 61 41 78
4 152962953 0 1 0 1 15 42 44 76 57 120
4 153257530 0 1 0 1 2 77 2 178 79 180
4 153257545 0 1 0 1 43 40 77 103 83 180
4 153295558 0 1 0 1 56 54 87 107 110 194
4 153558278 0 1 0 1 26 39 79 80 65 159
4 153591285 0 1 0 1 9 12 38 46 21 84
4 153592379 0 1 0 1 6 7 21 11 13 32
4 153592475 0 1 0 1 20 34 62 65 54 127
4 153592570 0 1 0 1 47 33 89 76 80 165
4 153592704 0 1 0 1 11 6 23 24 17 47
4 153593695 0 1 0 1 8 16 25 35 24 60
4 153593766 0 1 0 1 33 37 55 80 70 135
4 153593813 0 1 0 1 58 40 74 109 98 183
4 153596142 0 1 0 1 6 7 12 17 13 29
4 153598506 0 1 0 1 7 7 20 10 14 30
4 153598514 0 1 0 1 7 7 22 14 14 36
4 153598527 0 1 0 1 10 9 28 19 19 47
4 153658641 0 1 0 1 14 15 58 44 29 102
4 153658723 0 1 0 1 8 12 55 53 20 108
4 153658772 0 1 0 1 11 15 59 45 26 104
4 153658827 0 1 0 1 17 17 73 48 34 121
4 153659136 0 1 0 1 27 34 65 82 61 147
4 153680081 0 1 0 0 2 18 0 69 20 69
4 153710435 0 1 0 1 32 46 73 93 78 166
4 153712582 0 1 0 1 50 59 102 86 109 188
4 153723385 0 1 0 1 55 40 95 91 95 186
4 153748581 0 1 0 1 11 17 39 35 28 74
4 153788328 0 1 0 1 36 27 65 74 63 139
4 153788702 0 1 0 1 18 16 55 64 34 119
4 154335002 0 1 0 1 2 82 3 175 84 178
4 154343485 0 1 0 1 21 17 57 55 38 112
4 154490731 0 1 0 1 44 32 72 88 76 160
4 154565750 0 1 0 0 2 11 0 60 13 60
4 154799122 0 1 0 1 43 42 94 84 85 178
4 155368765 0 1 0 1 28 51 67 87 79 154
4 155375758 0 1 0 1 8 32 48 68 40 116
4 155785330 0 1 0 1 25 26 57 55 51 112
4 155908871 0 1 0 1 24 25 54 55 49 109
4 155917416 0 1 0 1 38 46 94 92 84 186
4 155926104 0 1 0 1 7 12 33 35 19 68
4 155953642 0 1 0 0 2 17 0 73 19 73
4 156636574 0 1 0 1 45 39 70 69 84 139
4 156642391 0 1 0 1 28 40 75 70 68 145
4 157204537 0 1 0 1 10 8 20 22 18 42
4 157204806 0 1 0 0 2 11 0 55 13 55
4 157317678 0 1 0 1 9 10 28 44 19 72
4 158155674 0 1 0 1 37 46 89 98 83 187
4 158469934 0 1 0 1 5 6 13 34 11 47
4 158470512 0 1 0 1 12 12 35 35 24 70
4 158671754 0 1 0 0 2 10 0 62 12 62
4 158709665 0 1 0 1 6 7 25 18 13 43
4 158710839 0 1 0 1 21 21 51 46 42 97
4 158723342 0 1 0 1 16 12 42 53 28 95
4 158723349 0 1 0 1 12 11 35 49 23 84
4 158769470 0 1 0 1 5 9 17 15 14 32
4 158868289 0 1 0 1 36 25 83 85 61 168
4 158915084 0 1 0 1 22 21 51 25 43 76
4 158937584 0 1 0 1 33 32 74 79 65 153
4 158960327 0 1 0 1 9 7 28 39 16 67
4 158973047 0 1 0 1 13 5 22 34 18 56
4 159186766 0 1 0 1 18 13 26 30 31 56
4 159238797 0 1 0 1 6 5 38 24 11 62
4 159241163 0 1 0 1 10 4 32 15 14 47
4 159342928 0 1 0 1 7 9 15 22 16 37
4 159356124 0 1 0 1 12 33 50 59 45 109
4 161386160 0 1 0 1 46 38 85 88 84 173
4 163612164 0 1 0 1 3 7 26 9 10 35
4 163932803 0 1 0 1 13 11 19 17 24 36
4 164196914 0 1 0 1 10 12 24 31 22 55
4 164929654 0 1 0 1 19 8 34 39 27 73
4 164929852 0 1 0 1 8 10 29 24 18 53
4 164929867 0 1 0 0 2 12 0 53 14 53
4 164957457 0 1 0 1 7 8 32 36 15 68
4 164970062 0 1 0 1 12 18 26 42 30 68
4 164970077 0 1 0 1 8 9 16 26 17 42
4 164970084 0 1 0 1 7 4 9 21 11 30
4 165059990 0 1 0 1 12 12 44 47 24 91
4 165060518 0 1 0 1 13 8 41 26 21 67
4 165228934 0 1 0 1 8 17 29 45 25 74
4 165470987 0 1 0 1 5 13 19 28 18 47
4 165482422 0 1 0 1 9 15 32 45 24 77
4 165487630 0 1 0 1 15 16 45 52 31 97
4 165548344 0 1 0 1 6 7 25 14 13 39
4 165549954 0 1 0 0 2 10 0 68 12 68
4 165664407 0 1 0 1 17 21 70 70 38 140
4 166014313 0 1 0 1 11 15 24 29 26 53
4 166043331 0 1 0 1 2 62 2 132 64 134
4 166099172 0 1 0 1 7 5 15 16 12 31
4 166737729 0 1 0 1 8 6 15 19 14 34
4 167011176 0 1 0 1 15 13 46 39 28 85
4 167083327 0 1 0 1 22 24 58 44 46 102
4 168162543 0 1 0 1 17 14 57 36 31 93
4 168162606 0 1 0 1 20 18 70 52 38 122
4 168165290 0 1 0 1 19 11 41 50 30 91
4 168181541 0 1 0 1 3 8 14 19 11 33
4 168262638 0 1 0 1 7 6 23 17 13 40
4 168267776 0 1 0 1 6 10 28 35 16 63
4 168288432 0 1 0 1 5 5 28 27 10 55
4 168291988 0 1 0 1 7 7 22 24 14 46
4 168361036 0 1 0 1 5 9 35 22 14 57
4 168361204 0 1 0 1 6 6 35 36 12 71
4 168373708 0 1 0 1 61 49 92 103 110 195
4 168378377 0 1 0 1 9 6 30 29 15 59
4 168379300 0 1 0 1 24 33 58 59 57 117
4 168403973 0 1 0 1 3 7 19 15 10 34
4 168406040 0 1 0 1 12 10 21 41 22 62
4 168406754 0 1 0 1 5 10 15 23 15 38
4 168419488 0 1 0 1 10 9 27 31 19 58
4 168421893 0 1 0 1 22 27 57 81 49 138
4 168427325 0 1 0 1 18 17 35 47 35 82
4 168441406 0 1 0 1 38 39 65 104 77 169
4 168448769 0 1 0 1 6 15 43 56 21 99
4 168461840 0 1 0 1 54 67 89 98 121 187
4 168470997 0 1 0 1 33 27 48 57 60 105
4 168691377 0 1 0 1 19 16 43 46 35 89
4 168878020 0 1 0 0 2 13 0 65 15 65
4 168878186 0 1 0 0 3 8 0 40 11 40
4 169096709 0 1 0 1 19 13 43 58 32 101
4 169116172 0 1 0 1 9 12 39 18 21 57
4 169117424 0 1 0 1 5 5 18 13 10 31
4 169117425 0 1 0 1 5 6 19 13 11 32
4 169156389 0 1 0 1 22 38 57 64 60 121
4 169156638 0 1 0 1 20 15 52 43 35 95
4 169433685 0 1 0 1 8 21 44 63 29 107
4 169438071 0 1 0 1 13 29 48 57 42 105
4 169477303 0 1 0 1 21 16 48 53 37 101
4 169507180 0 1 0 1 5 9 27 17 14 44
4 169507692 0 1 0 1 22 11 49 47 33 96
4 169507750 0 1 0 1 13 22 56 64 35 120
4 169508208 0 1 0 1 26 26 72 70 52 142
4 169562196 0 1 0 1 9 12 32 33 21 65
4 169580803 0 1 0 1 17 14 56 65 31 121
4 169663729 0 1 0 1 19 19 38 38 38 76
4 169702831 0 1 0 1 12 13 35 28 25 63
4 169713239 0 1 0 1 31 28 59 60 59 119
4 169719842 0 1 0 1 12 11 30 16 23 46
4 169737580 0 1 0 1 13 12 28 39 25 67
4 169742084 0 1 0 1 15 20 28 47 35 75
4 169757842 0 1 0 1 18 14 47 49 32 96
4 169833167 0 1 0 1 9 6 18 24 15 42
4 170078709 0 1 0 1 14 17 31 34 31 65
4 172311654 0 1 0 1 61 37 77 104 98 181
4 172311793 0 1 0 1 6 24 24 62 30 86
4 172882763 0 1 0 1 28 26 64 63 54 127
4 173536841 0 1 0 0 3 86 0 179 89 179
4 173633786 0 1 0 0 2 20 0 81 22 81
4 174259795 0 1 0 1 21 27 49 74 48 123
4 174304249 0 1 0 1 10 11 20 41 21 61
4 174522005 0 1 0 1 20 23 70 69 43 139
4 174715484 0 1 0 1 18 23 51 46 41 97
4 174728508 0 1 0 0 3 32 0 113 35 113
4 176128703 0 1 0 1 9 15 38 40 24 78
4 176128729 0 1 0 1 13 14 41 48 27 89
4 176131774 0 1 0 1 16 17 37 30 33 67
4 176160881 0 1 0 1 6 8 33 31 14 64
4 176160918 0 1 0 1 18 21 48 52 39 100
4 176172354 0 1 0 1 18 20 43 33 38 76
4 176179493 0 1 0 1 53 42 89 92 95 181
4 176195628 0 1 0 1 4 8 14 20 12 34
4 176319985 0 1 0 1 20 21 32 35 41 67
4 176687553 0 1 0 1 8 8 16 19 16 35
4 176688049 0 1 0 1 7 12 18 22 19 40
4 177242655 0 1 0 1 49 58 79 113 107 192
4 177341529 0 1 0 1 13 19 48 61 32 109
4 177341630 0 1 0 1 11 17 49 43 28 92
4 177341657 0 1 0 1 11 8 30 31 19 61
4 177351594 0 1 0 1 20 20 52 42 40 94
4 177436396 0 1 0 0 2 10 0 45 12 45
4 177439657 0 1 0 1 49 64 99 92 113 191
4 177960828 0 1 0 1 17 9 40 34 26 74
4 177966661 0 1 0 1 2 15 12 55 17 67
4 182169153 0 1 0 1 4 15 46 22 19 68
4 182169283 0 1 0 1 35 27 68 65 62 133
4 182738569 0 1 0 1 27 24 49 60 51 109
4 182743440 0 1 0 1 26 43 49 73 69 122
4 182744284 0 1 0 1 11 9 32 39 20 71
4 182753444 0 1 0 1 28 21 41 56 49 97
4 182753544 0 1 0 1 75 83 91 102 158 193
4 182893016 0 1 0 1 10 7 34 20 17 54
4 183038073 0 1 0 1 17 12 38 30 29 68
4 183259767 0 1 0 1 12 8 63 41 20 104
4 183269382 0 1 0 1 26 38 75 63 64 138
4 183282553 0 1 0 1 14 12 23 26 26 49
4 183321806 0 1 0 1 29 38 78 75 67 153
4 183322375 0 1 0 1 26 23 72 64 49 136
4 183447009 0 1 0 0 4 120 0 195 124 195
4 183666548 0 1 0 1 19 24 41 38 43 79
4 183675293 0 1 0 1 8 9 16 39 17 55
4 183677614 0 1 0 1 5 7 20 8 12 28
4 183679448 0 1 0 1 36 34 89 65 70 154
4 183680042 0 1 0 1 6 4 19 16 10 35
4 183686817 0 1 0 1 11 11 30 34 22 64
4 183697864 0 1 0 1 11 5 22 48 16 70
4 183708641 0 1 0 1 9 4 22 19 13 41
4 184010665 0 1 0 1 35 33 70 97 68 167
4 184016976 0 1 0 1 8 12 27 26 20 53
4 184153533 0 1 0 1 7 8 32 31 15 63
4 184299109 0 1 0 1 8 12 34 20 20 54
4 184299162 0 1 0 1 16 19 38 48 35 86
4 184299209 0 1 0 1 21 10 49 37 31 86
4 184299402 0 1 0 1 8 9 26 24 17 50
4 184559587 0 1 0 1 13 11 43 42 24 85
4 184631944 0 1 0 1 5 6 28 28 11 56
4 184638333 0 1 0 1 24 18 62 95 42 157
4 184691799 0 1 0 1 7 5 20 21 12 41
4 184694610 0 1 0 1 37 45 71 97 82 168
4 184694614 0 1 0 1 34 45 69 97 79 166
4 184697684 0 1 0 0 2 22 0 85 24 85
4 184699469 0 1 0 1 19 19 60 52 38 112
4 184699597 0 1 0 1 15 25 48 57 40 105
4 184700892 0 1 0 1 16 14 52 55 30 107
4 184702158 0 1 0 1 15 13 35 54 28 89
4 184710184 0 1 0 1 16 16 45 52 32 97
4 184712990 0 1 0 1 4 6 16 20 10 36
4 184716369 0 1 0 1 14 17 41 31 31 72
4 184716545 0 1 0 1 29 37 75 69 66 144
4 184729000 0 1 0 1 28 31 82 87 59 169
4 184729122 0 1 0 1 5 12 21 36 17 57
4 184730993 0 1 0 1 11 14 31 41 25 72
4 184734038 0 1 0 1 27 20 53 60 47 113
4 184764878 0 1 0 1 30 19 71 72 49 143
4 184765702 0 1 0 1 5 10 21 9 15 30
4 184773543 0 1 0 1 12 7 24 17 19 41
4 184780395 0 1 0 1 25 20 66 66 45 132
4 184780466 0 1 0 1 6 8 41 29 14 70
4 184813900 0 1 0 1 13 8 33 26 21 59
4 184814904 0 1 0 0 3 45 0 112 48 112
4 184814959 0 1 0 1 30 39 80 72 69 152
4 184910956 0 1 0 1 2 12 8 39 14 47
4 184910981 0 1 0 1 2 12 8 37 14 45
4 184910984 0 1 0 1 2 12 8 36 14 44
4 184910996 0 1 0 1 2 11 8 38 13 46
4 185078194 0 1 0 1 12 8 39 35 20 74
4 185078389 0 1 0 1 47 19 69 80 66 149
4 185078433 0 1 0 1 23 16 32 52 39 84
4 185259033 0 1 0 1 41 48 61 96 89 157
4 185363367 0 1 0 0 4 42 0 137 46 137
4 185363368 0 1 0 0 5 41 0 134 46 134
4 185402119 0 1 0 0 2 13 0 51 15 51
4 185402120 0 1 0 0 3 15 0 52 18 52
4 185415831 0 1 0 0 2 29 0 107 31 107
4 185458745 0 1 0 1 15 19 47 53 34 100
4 185459089 0 1 0 1 8 8 29 27 16 56
4 185459141 0 1 0 1 16 19 47 51 35 98
4 185459361 0 1 0 1 12 20 41 64 32 105
4 185459692 0 1 0 1 15 31 55 67 46 122
4 185459961 0 1 0 1 16 21 44 63 37 107
4 185460011 0 1 0 1 14 26 48 67 40 115
4 185461052 0 1 0 1 19 36 54 78 55 132
4 185587569 0 1 0 1 9 6 26 26 15 52
4 185623281 0 1 0 1 39 38 85 80 77 165
4 185630470 0 1 0 1 13 6 25 12 19 37
4 185649701 0 1 0 1 13 16 39 62 29 101
4 185678838 0 1 0 1 8 10 14 29 18 43
4 185690422 0 1 0 1 6 11 13 28 17 41
4 186076613 0 1 0 1 21 30 53 82 51 135
4 186083063 0 1 0 1 33 45 81 83 78 164
4 186154378 0 1 0 1 6 5 12 17 11 29
4 186157665 0 1 0 1 26 16 63 62 42 125
4 186157863 0 1 0 1 11 14 32 41 25 73
4 186157893 0 1 0 1 21 23 52 48 44 100
4 186165106 0 1 0 1 20 9 58 43 29 101
4 186171864 0 1 0 1 9 11 27 37 20 64
4 186191887 0 1 0 1 26 16 68 61 42 129
4 186197508 0 1 0 1 61 76 98 97 137 195
4 186201150 0 1 0 1 17 17 42 53 34 95
4 186208841 0 1 0 1 22 20 55 55 42 110
4 186209044 0 1 0 1 62 40 92 84 102 176
4 186210463 0 1 0 0 3 67 0 136 70 136
4 186228386 0 1 0 1 10 18 36 41 28 77
4 186236880 0 1 0 1 55 53 81 104 108 185
4 186251858 0 1 0 1 43 42 89 89 85 178
4 186254568 0 1 0 1 11 15 28 42 26 70
4 186258056 0 1 0 1 34 38 71 88 72 159
4 186280057 0 1 0 1 18 44 85 73 62 158
4 186284147 0 1 0 1 41 46 91 82 87 173
4 186706638 0 1 0 1 54 45 85 99 99 184
4 186707244 0 1 0 1 24 46 85 78 70 163
4 186707986 0 1 0 1 51 50 102 87 101 189
4 186708343 0 1 0 1 50 55 79 102 105 181
4 186708384 0 1 0 1 64 60 84 102 124 186
4 186708616 0 1 0 1 44 53 79 111 97 190
4 187971062 0 1 0 0 3 35 0 107 38 107
4 188003825 0 1 0 1 22 20 45 35 42 80
4 188270901 0 1 0 1 2 14 5 46 16 51
4 188270907 0 1 0 1 3 16 4 48 19 52
4 188270934 0 1 0 1 2 15 6 40 17 46
4 188270937 0 1 0 1 6 10 11 34 16 45
4 188270940 0 1 0 1 10 3 21 18 13 39
4 188270976 0 1 0 1 2 13 3 25 15 28
4 189155332 0 1 0 1 9 5 12 25 14 37
4 189233994 0 1 0 1 4 10 13 23 14 36
4 189235178 0 1 0 1 2 9 9 28 11 37
4 189281610 0 1 0 1 10 19 34 35 29 69
4 189281629 0 1 0 1 2 27 4 63 29 67
4 189281649 0 1 0 1 9 22 21 50 31 71
4 189281650 0 1 0 1 9 23 25 48 32 73
4 189281673 0 1 0 1 14 13 31 34 27 65
4 189474105 0 1 0 1 27 30 71 80 57 151
4 189475083 0 1 0 0 3 68 0 168 71 168
4 189940948 0 1 0 1 19 15 61 59 34 120
4 189957442 0 1 0 1 10 39 12 75 49 87
4 189957506 0 1 0 1 22 33 23 47 55 70
4 189983265 0 1 0 0 2 16 0 61 18 61
4 189984080 0 1 0 1 14 11 36 47 25 83
4 190022703 0 1 0 1 2 9 7 24 11 31
4 190022706 0 1 0 1 2 11 3 28 13 31
4 190022728 0 1 0 1 2 11 3 37 13 40
4 190022750 0 1 0 1 2 11 5 34 13 39
4 190022756 0 1 0 1 3 9 4 33 12 37
4 190026296 0 1 0 1 12 12 22 21 24 43
4 190041584 0 1 0 0 2 17 0 82 19 82
4 190109020 0 1 0 1 2 17 8 56 19 64
4 190109038 0 1 0 1 6 8 9 36 14 45
4 190112503 0 1 0 1 4 25 6 65 29 71
4 190112527 0 1 0 1 3 19 4 51 22 55
4 190112565 0 1 0 1 3 12 2 34 15 36
4 190123029 0 1 0 1 3 21 5 46 24 51
4 190123035 0 1 0 1 3 22 5 56 25 61
4 190123039 0 1 0 1 3 24 2 56 27 58
4 190123053 0 1 0 1 3 30 6 62 33 68
4 190123059 0 1 0 1 2 32 3 70 34 73
4 190123065 0 1 0 1 4 25 12 63 29 75
4 190123078 0 1 0 1 2 36 5 71 38 76
4 190123089 0 1 0 1 5 31 7 67 36 74
4 190123113 0 1 0 1 2 21 4 38 23 42
4 190179534 0 1 0 1 2 11 5 32 13 37
4 190179539 0 1 0 1 2 10 7 33 12 40
4 190179542 0 1 0 1 3 11 11 30 14 41
4 190179547 0 1 0 1 6 9 19 23 15 42
4 190179551 0 1 0 1 2 13 3 42 15 45
4 190179566 0 1 0 0 3 16 0 53 19 53
4 190179571 0 1 0 1 3 14 13 39 17 52
4 190179582 0 1 0 1 6 4 19 15 10 34
